1	3.422294
2	-0.084979735
4	-3.7706363
6	-0.5377438
7	1.801996
8	-7.1912537
9	3.940271
10	-2.1107235
11	-5.484383
12	4.843444
14	-2.0002713
16	-17.415487
17	-5.277595
19	4.264263
20	2.4020123
21	-2.2149594
25	3.3541954
26	3.903458
27	3.360995
28	2.088197
29	3.4141345
30	2.5660245
31	3.771691
32	-2.1120524
34	0.34636337
35	2.8761966
36	2.913035
37	-1.3447464
39	1.670222
40	1.7893064
42	-0.59837914
45	2.8171878
48	3.5723805
49	-3.4584396
50	3.9098961
55	4.352556
56	-2.1300943
58	3.723552
59	4.590726
60	2.6606584
61	4.998946
62	2.3677554
63	-0.13388059
65	3.3975627
66	2.1168435
68	1.0148251
69	1.7284453
70	-0.6576084
78	2.2789335
88	4.1904435
89	3.6912618
90	2.372233
96	4.4267993
99	-5.550854
100	1.9641037
151	0.2530628
153	2.9708846
155	2.5617967
156	3.1154907
157	1.9749174
158	0.6606093
159	1.289937
166	4.8974524
301	4.0863166
333	4.276011
338	-0.82097435
400	1.8730218
401	4.6786494
402	-1.8354183
403	1.8823696
404	1.550081
407	2.2714553
408	3.2422652
409	2.0290942
410	2.46539
411	4.3719625
415	1.8112462
417	3.6587224
419	3.9220855
420	2.7582545
421	-4.774209
422	-1.1644882
423	2.0803103
425	3.1764188
426	0.39985716
428	1.6107492
429	4.1744566
430	0.27230775
488	4.21942
498	5.077857
501	3.042662
503	-1.9725859
504	0.92052287
505	4.4965296
506	-0.10610853
507	4.1075444
509	-6.968515
510	3.8027618
513	3.902813
514	-2.9087265
516	2.3011792
517	2.3578293
518	-8.041226
519	1.2320096
520	-1.9652622
521	1.1649011
523	4.038719
524	-3.3157258
525	-5.9032764
526	-2.11156
528	0.6826107
529	3.2431247
530	3.902259
531	2.6043022
532	-8.182666
533	3.470615
534	3.7449498
536	-14.234449
537	3.5754051
538	4.7743893
539	2.2289474
541	3.3468194
543	1.8443167
544	2.7888641
545	3.6033492
546	2.3488016
547	-7.835762
548	2.7199285
550	-9.747065
551	3.3466697
552	2.0630705
553	4.345828
554	3.6571147
555	0.8825391
557	4.114318
558	-3.3555062
559	4.3750544
560	-3.821075
561	1.9319178
563	4.0705214
564	2.468864
565	3.3930054
566	-0.93877715
567	1.4281213
568	2.1896367
570	3.6788616
571	2.0886796
572	-5.4323053
573	3.1212611
576	2.7295318
581	1.9953976
582	3.8419394
584	2.445428
586	-4.767078
589	0.10338813
590	3.4577682
591	3.6526985
592	2.686749
593	3.4035282
595	-0.10044308
596	1.9475939
597	-3.2483203
598	3.098662
599	3.739877
600	0.23132345
601	3.685207
603	-3.028323
605	4.010295
607	3.8272521
608	2.7085462
609	-0.5239724
610	-1.1445212
612	0.1377816
615	3.4209282
617	2.8421922
619	4.241282
620	-0.9777567
622	-1.0243981
623	4.333651
625	0.8618541
626	1.7426876
627	2.0096986
628	-5.0561476
629	3.1853383
630	1.457413
631	3.7779508
632	2.665376
633	2.599977
635	4.502166
636	0.0077848015
637	3.351857
638	-1.2766021
639	-1.3682908
650	1.0397208
651	4.500884
652	3.750251
655	3.9053905
656	-1.4397311
657	1.2558362
659	4.380064
661	2.0208335
663	2.4740453
665	3.7905822
668	4.039958
669	1.6766857
670	-8.103379
672	-2.1490846
676	1.7248358
677	-0.118086934
678	3.141223
679	-1.7038107
680	-1.2111048
681	2.2705379
682	-0.63127196
683	2.2819886
685	4.492311
686	1.8654289
688	2.754076
690	0.9909506
691	4.6909966
692	3.5412457
695	-1.680929
697	-2.2681055
698	4.501865
700	-0.017796766
701	-1.9466327
702	-4.2422295
703	3.8451524
705	-2.1541107
707	2.2498856
708	4.2284923
709	4.060968
710	-5.627263
711	3.6519532
712	-15.378576
713	-5.279768
715	-2.4174936
716	-2.1752958
717	1.7217852
718	2.3485768
719	2.905924
720	3.2006912
721	-4.0069723
722	0.4025689
723	2.9437537
725	2.6039255
726	2.7821136
727	3.4580357
728	4.0906744
729	4.6376534
731	3.7563794
733	2.0075538
735	1.6467705
736	-0.40183097
737	-2.5741
738	2.4898314
739	-0.69069445
750	3.2163968
751	3.3080337
752	3.436386
753	3.9787955
755	3.7470977
756	-4.2219086
757	-6.664191
758	0.058320146
759	-2.7738032
761	4.573586
762	-0.0033942699
766	3.1589293
767	4.448097
768	4.006035
776	4.187905
777	-0.60089284
778	4.341899
779	2.717099
782	3.787517
783	3.786055
785	3.4526489
786	3.1776748
788	4.0568423
789	4.729152
790	3.5521698
791	2.4078276
792	2.9321094
793	-10.012708
795	3.0886812
796	2.0495899
797	0.47000274
798	4.026789
799	1.7508408
800	3.7354736
801	-4.464967
802	2.6097667
803	3.462169
807	1.8422496
809	3.8930206
810	-16.413248
811	1.9951966
812	-0.6065396
813	2.6479356
815	2.998118
816	1.146001
818	6.4164553
819	0.3478654
820	-8.228591
821	1.3244967
822	3.7748706
823	0.26792496
825	4.2052994
826	-6.416388
828	1.5772371
829	-4.705585
830	0.66691685
831	1.0714259
833	3.5722835
837	-1.831055
838	1.897782
839	2.295588
848	4.0376816
850	4.9219604
851	1.7545538
852	4.447267
856	3.9489262
858	4.091127
859	2.2578025
860	0.19757518
862	2.5176136
863	1.4575605
868	-9.572691
869	4.564393
875	1.2821194
876	4.1351533
877	4.396643
878	0.78683347
880	-0.05961504
881	3.3669314
882	0.66631854
883	3.479873
885	3.6334755
886	0.7516902
887	2.061562
888	-5.218356
889	-1.0063137
890	-13.319426
892	-4.2161345
893	1.9567302
895	4.6526704
897	1.5494244
898	4.1199126
899	0.7593578
900	4.062674
901	-4.576474
902	4.5231004
903	2.2476752
905	4.274159
906	2.5723307
908	-14.060361
909	2.103362
910	5.121415
911	3.8685555
912	4.7895923
913	-2.0297081
915	1.9764264
917	2.3981957
919	4.7173505
920	3.7127972
921	0.47992983
922	-2.2859144
923	1.4334623
925	0.5242117
926	3.1922889
927	4.347451
928	4.354493
929	1.8232502
930	4.524434
931	4.0919886
932	3.2526646
933	2.773145
935	3.2302349
936	0.47518444
937	1.4103707
938	-1.867753
948	-0.95755655
949	0.48212576
950	4.1368065
951	0.66226184
952	-2.8249738
953	-2.2903035
955	-2.1675298
957	-7.097641
958	5.1039786
959	4.561783
960	1.3366766
962	3.268423
963	2.7700357
965	0.5728509
966	3.555058
967	4.6017776
968	3.8444602
969	3.5905442
970	4.451658
972	-12.999867
973	1.3904661
975	2.0577602
977	-3.0191307
978	1.2168868
980	-8.939301
981	3.751761
983	2.3078587
985	3.6895313
987	4.5077553
988	-0.053346492
989	3.0307078
990	1.3631747
993	0.4452042
995	-8.391653
997	1.6110977
998	3.2172313
999	3.2408905
1201	2.5900815
1202	3.9063072
1203	3.7488568
1205	3.0558634
1206	0.3701117
1207	0.9117781
1208	-5.522917
1209	1.9119112
1210	1.5625753
1211	3.5730984
1212	-1.7051246
1213	3.3064873
1215	-0.3441643
1216	0.5451034
1217	-0.65829116
1218	3.1486144
1219	-0.5345763
1222	2.0377
1223	0.42334145
1225	4.045144
1226	-1.7494408
1227	2.7915616
1228	0.37825674
1229	-6.044591
1230	-4.956924
1231	-2.4742446
1234	0.023302179
1236	-10.569154
1238	3.568644
1239	-2.9143822
1255	-0.5340652
1256	2.8323653
1258	1.4148442
1259	-0.79662114
1260	1.0880063
1266	-5.6458826
1267	-2.412889
1268	1.6900768
1269	-5.1998754
1270	-3.7004452
1278	0.6049697
1282	-0.10067008
1283	2.5360656
1286	0.5048479
1287	-7.1292863
1288	0.62321424
1289	1.6510484
1296	3.261839
1298	-7.1691465
1299	1.4121797
1300	-2.3047004
1301	1.2679182
1306	-0.5309989
1308	-1.8957504
1309	1.0489718
1311	0.5482004
1313	2.4814248
1314	-9.456511
1316	-9.185019
1317	-15.058759
1318	1.8503532
1319	-9.344292
1322	1.0760543
1323	3.1128685
1324	2.0185378
1326	1.4826422
1328	1.4384545
1330	-1.2919456
1331	2.212827
1332	1.40476
1333	2.9156678
1336	-6.7085257
1337	0.37018347
1338	2.95269
1339	0.01063695
1358	-15.057678
1359	-4.3657694
1360	-3.4404678
1366	-3.141925
1367	2.7600236
1368	0.22200751
1373	-1.7575204
1376	-2.2181952
1378	-4.2890463
1379	-28.604822
1380	-0.7365184
1387	-4.567216
1389	0.1383729
1696	-6.142278
1872	3.0763578
1896	1.5591041
1914	2.7251105
1965	4.871585
1979	3.6174762
2001	-2.4833522
2003	0.17911053
2004	4.7212324
2005	4.004779
2006	2.9219062
2007	3.5863671
2008	-2.4853702
2009	-2.7858927
2010	4.6256537
2011	1.6875232
2012	-3.2072728
2014	4.6495285
2015	-0.035207734
2016	3.2614655
2017	-0.37491807
2019	3.1740701
2020	1.9572163
2021	2.2526565
2022	-10.828631
2023	0.42989144
2024	3.822461
2025	2.5379536
2026	-1.9293127
2027	3.1875489
2028	2.965788
2029	4.1228914
2030	-13.840462
2031	1.0875176
2032	4.971488
2033	1.1064745
2034	4.105462
2035	-0.7997917
2036	-2.814549
2037	-27.282791
2038	1.2094681
2039	2.5320854
2040	4.1736307
2041	3.0008335
2042	0.11067915
2043	3.2827892
2044	4.037454
2045	-1.7166634
2046	-3.6432793
2047	-9.32482
2048	0.63595915
2049	0.67810524
2050	1.6496874
2051	4.72744
2052	0.26964575
2053	2.7160532
2054	3.5940166
2055	-4.4389906
2056	2.2719786
2057	2.838478
2058	-0.7345423
2059	-4.53961
2060	1.7435604
2061	4.377778
2062	4.3136435
2063	2.6124558
2064	3.6736488
2065	3.1797004
2066	3.9408538
2067	2.6142478
2068	2.354105
2069	2.8116825
2072	-17.145077
2073	-0.35176373
2074	3.3889287
2075	-8.152189
2076	-1.852746
2077	-3.1111562
2078	3.7537606
2079	0.94633627
2080	2.999684
2081	4.652706
2082	1.5100517
2083	3.7230449
2084	3.5751922
2085	-6.5487647
2086	-5.534955
2088	3.2905374
2090	1.4700025
2091	2.9758422
2092	3.1272223
2093	2.9626966
2094	-8.845354
2095	2.904385
2096	-1.3395011
2097	0.6924733
2098	3.1361442
2099	2.9262216
2100	1.2345636
2101	1.2145663
2102	-7.1747932
2103	2.451191
2104	1.2626009
2105	4.1625986
2106	2.737603
2107	3.0311263
2108	4.0889726
2109	4.1762433
2110	3.6311214
2111	-1.3901796
2112	2.2420144
2114	0.46852762
2115	-1.742288
2116	2.109169
2117	3.2233853
2119	-1.7650989
2120	2.5124583
2121	3.520703
2122	2.5477836
2123	0.66470975
2124	2.5547714
2125	1.0580616
2126	1.5022514
2127	2.8247485
2128	2.8088806
2129	-1.5555162
2130	-3.0345027
2131	1.0349743
2132	3.9111836
2133	2.4719536
2134	-0.43163806
2135	4.6185904
2136	1.8715982
2137	-0.37954125
2138	-0.73816025
2139	-0.9125816
2140	2.5291142
2141	1.011901
2142	3.19058
2144	1.9005775
2145	1.5161966
2146	-3.173554
2148	1.6969204
2149	2.9343047
2150	0.897305
2151	-0.19059995
2152	3.0366454
2153	2.296894
2154	1.8566656
2155	0.4391768
2156	-5.040943
2157	2.2658987
2158	2.940005
2159	-0.22137424
2160	2.8181763
2161	1.6818619
2162	1.5454053
2163	3.9272819
2164	2.2544072
2165	-0.1413507
2166	-2.2192845
2167	-0.9158266
2168	-20.020248
2169	4.420289
2170	1.7514551
2171	2.4736886
2172	3.454961
2173	-0.35992125
2174	1.4136863
2175	-5.3013525
2176	0.26641265
2177	-8.428442
2178	-3.9604573
2179	4.2430563
2180	1.5367913
2181	4.20719
2182	1.7940571
2183	4.338604
2184	2.1857784
2185	0.7536994
2186	1.2989814
2187	4.545876
2188	-2.9130995
2189	-6.4596305
2190	2.1673133
2191	3.555552
2192	-1.7629383
2193	-3.5371342
2194	1.3434815
2195	2.2597148
2196	-5.5107
2197	0.2971394
2198	2.0802908
2199	-1.9117826
2200	3.2423344
2201	2.6764896
2202	2.4503753
2203	4.5829973
2204	4.0517344
2205	-3.6880174
2206	1.9598916
2207	-11.458067
2208	2.9966094
2209	0.14312878
2210	2.4693847
2211	3.405622
2212	1.8255993
2213	0.6418891
2214	0.71973723
2215	-0.2818395
2216	4.1371584
2217	-1.1222599
2218	-0.41317075
2219	-1.8690827
2221	4.6016693
2222	0.4786137
2223	3.18883
2224	4.044183
2225	1.1359489
2226	3.4534202
2227	3.5841835
2228	4.203044
2229	-2.764204
2230	1.916846
2231	-0.051468946
2232	-1.7071002
2233	3.069891
2234	2.380094
2235	2.955223
2236	1.9034935
2237	1.3739692
2238	3.0892825
2239	3.0646937
2240	0.91812533
2241	0.63243175
2242	4.034991
2243	1.432311
2244	-2.0516248
2245	2.246847
2246	-11.563257
2247	-0.9579749
2248	-5.5729704
2249	2.7089186
2250	4.000543
2251	1.7178667
2252	4.1058073
2253	-4.675553
2254	2.96145
2255	3.1365972
2256	-15.827451
2258	3.5990586
2259	3.8209202
2261	-0.9365169
2262	4.676942
2263	4.1686463
2264	0.881718
2265	3.776591
2266	5.1317186
2267	2.3388207
2268	1.7743008
2269	1.8082861
2270	4.0021973
2271	2.916745
2272	-11.25862
2273	-0.36006007
2274	2.5410032
2275	5.432193
2276	1.9816288
2277	3.1201313
2278	-4.3161116
2279	-3.143949
2281	1.0015996
2282	2.3548522
2283	-0.64240456
2284	-2.2755902
2285	-9.673192
2286	3.126877
2287	5.7148247
2289	2.0113587
2290	2.1857753
2291	-8.52154
2292	-1.7435038
2293	3.5832055
2294	5.0383897
2295	2.9828255
2296	-6.2374353
2297	0.3703547
2298	-3.3392944
2299	4.323725
2300	3.6883545
2301	-4.422542
2302	3.460771
2303	3.76662
2304	4.389228
2305	-4.424386
2306	0.5758146
2307	-0.5042952
2308	-33.070385
2309	-2.8077497
2310	-2.1405234
2311	2.8478243
2312	2.822766
2313	1.5171988
2314	1.3249257
2315	-0.8753111
2316	-0.4508248
2317	-4.8159094
2318	2.9683967
2319	2.1513336
2320	3.7751012
2321	1.4861796
2322	-1.9349334
2323	-1.4926659
2324	2.6955152
2326	3.9694736
2327	2.885282
2328	3.230679
2329	-4.0107913
2330	3.6123772
2331	-3.4171295
2332	0.28429413
2333	3.6774375
2334	-0.21486945
2335	0.45178628
2336	3.9370332
2337	1.6354691
2338	-2.412451
2339	-5.260562
2340	0.47913942
2342	2.3669248
2343	-9.961802
2344	4.4495254
2345	2.4571855
2346	3.9034896
2347	-2.8472972
2348	0.70471394
2349	-1.3019813
2350	0.028412426
2351	-1.2722126
2352	4.842036
2353	1.254358
2354	-0.8977559
2355	-4.7129416
2356	-1.7328064
2357	-7.3635926
2358	2.5095057
2360	3.1610863
2361	2.6180074
2362	2.4056807
2363	3.6227565
2364	-0.21879402
2365	1.2675238
2366	-7.578088
2367	2.2785993
2368	1.4688581
2369	-17.710201
2370	-16.709156
2371	2.2593567
2372	3.7135162
2373	-1.0226657
2374	1.5178052
2375	4.677291
2376	3.546217
2377	-0.51076764
2378	2.3183823
2379	0.19644931
2380	-1.9583803
2381	3.3275123
2382	4.4345827
2383	-3.3536975
2384	-1.5040396
2385	4.027452
2386	4.172326
2387	2.9150846
2388	-14.623134
2389	-1.0422887
2390	4.2405577
2391	4.5897193
2392	3.9864945
2393	4.2016697
2394	4.2756944
2395	-4.853464
2396	3.5746493
2397	-0.8871254
2398	4.103617
2399	4.9777265
2400	1.7492244
2401	2.9840164
2402	0.28709894
2403	3.1524937
2404	3.4082036
2405	-10.560778
2406	-0.80589753
2407	2.1521094
2408	2.3570848
2409	0.96007764
2410	2.7993922
2412	3.5357234
2413	-1.182728
2414	0.6385256
2415	3.067677
2416	-2.2963858
2418	-10.334051
2419	3.094216
2420	-5.0724044
2421	3.0483737
2422	3.597145
2423	3.2762191
2424	-1.349197
2425	-19.394573
2426	-4.471715
2427	3.570332
2428	-5.9919486
2429	3.1347642
2430	3.060471
2431	-0.5034914
2432	0.49621534
2434	4.3369455
2436	-2.7101333
2437	-0.44912976
2438	1.5843561
2439	1.9648068
2440	5.0695415
2441	3.6339226
2442	3.3296406
2443	4.140195
2444	1.3146588
2445	3.1140516
2446	0.24954467
2448	1.9649315
2449	-2.9589038
2451	3.0620258
2452	-1.0380884
2453	3.3111787
2454	-0.08057214
2455	-1.9812826
2456	-5.0155764
2457	2.0257711
2458	3.4509327
2459	-2.8912504
2460	0.5662766
2461	5.747243
2462	4.4620266
2463	1.9272896
2465	1.0660832
2466	0.6634539
2467	2.7810524
2468	2.6489058
2469	3.808743
2470	3.7456462
2471	-1.6895554
2472	0.9887506
2474	3.085322
2475	3.4651864
2476	3.1489484
2478	1.8386631
2479	4.306655
2480	-2.4208093
2481	3.756939
2482	-0.23904128
2483	1.1821476
2484	2.6908894
2485	4.707303
2486	3.6018753
2487	-0.6064955
2488	-3.7761223
2489	3.8559647
2490	2.6891677
2491	0.6048787
2492	3.9603436
2493	4.113249
2494	3.9374416
2495	0.7889436
2496	1.451861
2497	2.2504766
2498	3.9476097
2500	3.8511052
2501	3.033278
2506	3.3461163
2507	3.071066
2508	2.6067245
2510	0.25710988
2511	4.4110513
2512	-1.2883604
2513	-0.45643264
2514	1.3903661
2515	-0.8666598
2516	3.8085952
2517	0.34878978
2518	2.2595613
2519	-3.8027675
2520	-0.39863905
2521	-0.26453948
2522	3.3204575
2523	4.471196
2524	3.6140943
2526	1.8617474
2527	0.8431547
2528	-1.734618
2529	-8.836692
2530	0.41487664
2531	0.9170737
2532	2.9148154
2533	0.19839206
2534	2.8891513
2535	-2.4800134
2536	-0.8620922
2537	-1.1814119
2538	4.7520914
2539	2.763494
2540	2.4980872
2541	2.293286
2542	-1.9651515
2543	3.7418714
2544	1.0638996
2545	3.1792285
2546	3.3746502
2547	-13.226501
2548	2.6130905
2549	-0.77702016
2550	4.068799
2551	3.8274715
2552	-1.6862004
2553	-9.724273
2554	1.8376796
2555	-2.937661
2556	-1.9563297
2557	2.5880353
2558	-0.6752596
2559	-2.3843474
2560	0.90595686
2561	-4.3492303
2562	-7.4197235
2563	2.3679566
2564	1.7436149
2565	-5.2352123
2566	3.786349
2567	2.1502168
2568	1.0181234
2569	1.1869864
2570	4.016323
2571	3.7973602
2572	-0.6737925
2573	4.053521
2574	3.3033204
2575	3.0020995
2576	-1.7351573
2577	-9.54836
2578	3.0214589
2579	0.09534261
2580	3.1949546
2581	2.4564338
2582	1.7628491
2583	1.7058061
2584	-2.6509328
2585	1.0996163
2586	2.5612817
2587	-3.120212
2588	3.1583214
2589	3.5716743
2590	-3.7789197
2591	-1.6085094
2592	2.774883
2593	2.9587402
2594	3.3464851
2595	1.2572984
2596	-7.5558195
2597	2.3622005
2598	3.290902
2599	0.2877342
2600	-0.2980761
2601	3.750709
2602	2.146648
2603	-3.5619388
2605	-3.5887485
2606	-0.69660395
2607	-6.534662
2608	2.7779431
2609	3.0335994
2611	-7.339377
2612	2.8156624
2613	1.2872515
2614	4.1244307
2615	0.08228636
2616	3.3954995
2617	-1.5406786
2620	-0.28671297
2622	-1.6116571
2623	3.404264
2624	1.589915
2625	2.0316827
2626	-2.9636934
2627	0.61797345
2628	-1.0300837
2629	-7.762459
2630	-3.3177629
2631	3.5072982
2632	-1.953181
2633	-3.6062164
2634	1.8754934
2635	-0.15743393
2636	4.012265
2637	3.6747181
2638	1.023734
2639	-0.56638265
2640	-7.3537307
2641	3.9619987
2642	-7.031227
2643	2.1342428
2644	-2.912154
2645	-4.072212
2646	1.869601
2647	-13.604141
2648	2.5854197
2649	1.8799679
2650	2.7519603
2651	-0.07749331
2652	-6.9338174
2653	3.002567
2654	-2.8337657
2655	-2.5434616
2656	-5.027871
2657	0.026580874
2658	-10.663726
2659	-4.544463
2660	1.9292682
2661	4.0609283
2662	3.0083091
2663	3.5182579
2664	3.5351226
2666	1.9740366
2667	-2.0168045
2668	-1.0994499
2669	-1.46965
2670	-9.406184
2671	2.3447068
2672	-4.136004
2673	3.3201203
2674	2.4212933
2675	3.9977405
2676	2.425246
2677	3.423923
2678	2.17577
2679	1.0257533
2681	-2.2382638
2682	-5.3878407
2683	0.99879503
2685	-5.8631315
2686	3.4737144
2687	3.305811
2688	3.8737328
2689	2.9338593
2690	2.3798203
2691	0.87915456
2692	4.2761946
2693	-7.9373307
2694	1.9357132
2695	-1.8978125
2696	3.4829109
2697	1.0151304
2698	-2.7593393
2700	3.8184872
2701	4.038868
2702	0.88775635
2703	-3.219408
2705	2.2638967
2706	1.1169294
2707	-4.308809
2708	-3.0680232
2709	0.9983328
2712	-0.18901677
2713	-6.1855183
2714	2.9372516
2715	-2.627474
2716	0.037915748
2717	-1.0344507
2718	3.9716287
2719	0.92360723
2721	3.968367
2722	3.4138331
2723	1.0937397
2724	2.5447278
2725	1.7907321
2726	3.6650453
2727	-1.065532
2728	-7.4146004
2729	-10.51094
2730	2.326862
2731	-1.0732948
2732	4.0893145
2733	4.0348206
2734	2.0421267
2735	-4.5097494
2736	5.2372475
2737	2.120192
2738	0.495349
2739	1.056544
2741	-2.007075
2742	2.6640093
2743	4.0356073
2745	1.6446378
2746	4.1860228
2747	-0.8447229
2748	0.5497993
2749	3.7743251
2750	1.1688648
2752	3.578054
2753	0.96083224
2755	3.4677556
2756	-0.19733283
2757	3.0672743
2758	4.273814
2759	0.97400314
2760	2.682237
2761	-1.9401022
2762	1.5923687
2763	4.19081
2765	3.2589047
2766	-1.9239292
2767	-4.9083924
2768	3.310756
2769	0.27556154
2771	-9.4506
2772	-4.387245
2773	3.178167
2774	3.27974
2775	0.05544157
2777	-2.9558454
2778	-3.5907407
2779	4.3810115
2780	-4.230876
2782	1.9311516
2783	-0.9158727
2785	-1.4562051
2786	-2.8835626
2787	1.2542961
2788	4.1353354
2789	2.7606342
2790	0.52264196
2791	-0.8485378
2792	-8.226701
2793	2.6118882
2795	1.1267717
2796	-10.756899
2797	2.7851834
2798	4.027498
2799	0.68454444
2800	1.4058353
2801	2.1895852
2802	3.8791833
2803	2.0483482
2805	-2.6219013
2806	-6.2230015
2807	2.3393595
2808	0.47163433
2809	-2.8674042
2810	1.4868662
2811	2.7994301
2812	2.3595645
2813	-3.1965415
2815	0.042084873
2816	3.419227
2817	3.6350548
2818	3.2932746
2819	-7.284733
2820	0.05358193
2821	1.8554888
2822	4.3081865
2823	-4.840779
2824	-9.868588
2825	3.6162553
2826	3.522628
2827	-23.74999
2828	-5.5070386
2829	-15.373621
2830	3.8896852
2831	3.1512914
2832	2.0787323
2833	2.5253382
2835	-1.3179526
2836	0.971558
2837	-0.8106245
2838	3.0702167
2839	2.8992271
2840	4.340342
2841	3.7945583
2842	2.3558936
2843	-7.289669
2845	0.15646145
2846	-0.08213624
2847	2.5819328
2848	0.9255552
2849	1.6728785
2850	-0.009319973
2851	-2.7196076
2852	-0.37895188
2853	2.8999796
2855	-1.9244454
2856	-0.03666737
2857	-4.848346
2858	0.30565828
2859	2.3625488
2860	3.1874614
2861	-10.073608
2862	0.417113
2863	1.7361104
2864	-3.3931623
2865	-6.918874
2866	1.1026666
2867	3.6536908
2868	0.40834856
2869	3.6672752
2870	3.8592505
2871	-1.090805
2872	-0.63052416
2873	-5.052113
2875	1.260678
2876	0.7433387
2877	2.3316925
2878	-1.1972811
2879	3.1137848
2880	4.112439
2881	-4.8173037
2882	-0.16762033
2883	-2.180996
2884	3.2522225
2885	1.4027904
2886	-3.4292843
2887	-0.11286751
2888	-7.885825
2889	-3.836712
2890	-3.437231
2891	2.9919975
2892	-2.027545
2893	1.6210924
2895	2.313567
2896	-3.2661617
2897	-4.215508
2898	-10.4696245
2899	1.5905285
2900	1.5611207
2901	3.5926528
2902	-4.0935316
2903	-3.8076274
2905	-4.5976124
2906	-0.58368176
2907	-1.9532824
2908	2.8749013
2909	2.9345927
2910	3.4555497
2911	4.469929
2912	2.8560276
2913	-1.3437388
2915	-7.072778
2916	1.6001457
2917	-0.75359505
2918	2.4428704
2919	-15.711615
2920	0.3818961
2921	3.8575904
2922	-3.248756
2923	0.7161411
2925	2.8775659
2926	4.1151924
2927	-4.6817904
2928	0.30812162
2929	-0.050373755
2930	3.9784532
2931	1.8952358
2932	-5.0834856
2933	2.363212
2935	0.06529965
2936	3.300951
2937	2.9902618
2938	2.91749
2939	4.1134176
2940	-0.898489
2941	-0.90067446
2942	3.3356178
2943	-1.0906134
2945	3.2643204
2946	4.1454034
2947	-1.7336937
2948	3.1391761
2949	2.6207118
2950	4.3309097
2951	3.7507827
2952	-6.2524962
2953	2.6006122
2955	1.7385349
2956	4.0800943
2957	1.558197
2958	3.031934
2959	2.1310527
2960	0.88543284
2961	-0.16639498
2962	-4.151236
2963	0.38703528
2965	2.6307926
2966	2.8455453
2967	1.2232621
2968	-0.007659921
2969	3.748727
2970	-0.682862
2971	3.436788
2972	-2.6258836
2973	-0.27976847
2975	1.6511183
2976	-0.37599093
2977	-6.1209993
2978	2.9436498
2979	-8.767796
2980	0.28954425
2981	-1.8887284
2982	-0.8941921
2983	1.347263
2984	0.7663898
2985	0.094397016
2986	2.156184
2987	-0.41622275
2988	1.5778201
2989	-0.13536695
2990	1.9608864
2991	-1.4937046
2992	0.9175018
2993	3.0857487
2995	-1.8546822
2996	1.8126309
2997	-0.6587924
2998	2.7705376
2999	2.6600242
3000	-1.2501506
3001	-8.860819
3002	-6.0873823
3003	3.654592
3004	-2.423059
3005	-7.295312
3006	1.8683732
3007	2.1949148
3008	-0.033102322
3009	0.4841385
3010	-3.8641098
3011	2.9103458
3012	3.9406981
3013	2.860025
3015	-8.955009
3016	4.1077833
3017	4.0531425
3018	3.0150735
3019	-0.3971768
3020	2.2558968
3021	-1.0307417
3022	3.2429993
3023	2.073299
3025	0.2726043
3026	-15.438556
3027	-0.5736105
3028	0.17290467
3029	-3.036329
3030	3.6443305
3031	-0.0490669
3032	-5.2533007
3033	-0.45200366
3035	3.8550618
3036	4.331493
3037	-2.509183
3038	1.0437902
3039	2.755313
3040	1.4271445
3041	2.9692733
3042	2.2755408
3043	-3.5167751
3816	4.3640623
300001	0.9146226
300002	1.2962997
300003	1.5968975
300004	-1.4493209
300005	-7.40417
300006	1.6648176
300007	0.12461734
300008	0.768202
300009	3.494449
300010	-7.929015
300011	-17.202707
300012	2.5525944
300013	-13.949884
300014	3.2013378
300015	1.0533643
300016	1.8558586
300017	1.8933401
300018	0.08835375
300019	1.3791049
300020	-5.430696
300021	0.20218198
300022	0.50505435
300024	2.4611506
300025	1.1565263
300026	-3.4300551
300027	-29.684082
300029	-6.3091135
300030	-11.36207
300031	-2.978456
300032	-15.213911
300033	-1.4691864
300034	0.6443534
300035	1.5535462
300036	-4.39505
300037	2.8335826
300039	-1.0761577
300040	-8.679729
300041	-3.2202027
300042	-14.864197
300043	-13.728935
300044	-3.2332115
300045	-4.8957644
300046	1.3621399
300047	-1.8571727
300048	2.117443
300049	1.0176094
300050	-23.336422
300051	-4.4431376
300052	2.4189343
300053	-8.96681
300054	1.5417336
300055	0.7265936
300056	-0.004624395
300057	2.6846583
300058	2.894034
300059	1.200664
300061	-16.898018
300062	-2.4317183
300063	-11.032177
300065	0.99821365
300066	-8.227493
300067	1.6354253
300068	2.8328662
300069	-3.139046
300070	3.7185333
300071	-10.50545
300072	-0.82448494
300073	0.22339737
300074	-1.1169704
300075	2.707951
300076	-11.397017
300077	-6.8308325
300078	-18.835669
300079	-20.497757
300080	-6.9339113
300081	-1.0362805
300082	-2.4884639
300083	3.0425067
300084	2.4513946
300085	0.1779333
300086	-1.8989998
300087	-2.971647
300088	-1.4217002
300091	-10.262789
300092	-0.27320036
300093	-2.1411438
300094	-6.6393433
300095	1.2662514
300096	-5.5711765
300097	-5.8619165
300098	-7.742681
300099	-8.094365
300100	-1.933357
300101	0.5296957
300102	-5.300155
300103	-7.8102617
300105	1.3723347
300106	1.2224193
300107	-9.102191
300108	-19.763407
300109	1.989444
300110	-6.8828087
300111	-12.591271
300112	3.0611827
300113	-4.2433486
300114	-0.7666709
300115	0.30031776
300117	-11.96597
300118	-4.353631
300119	3.1887884
300120	-0.35417473
300121	1.3451875
300122	-0.6556042
300123	-5.9962626
300124	3.9970608
300125	-22.533962
300126	2.6369395
300127	1.6193237
300128	-6.0261
300129	-0.7250763
300130	-10.850689
300131	-11.112503
300132	-7.020611
300133	-2.851334
300134	-1.189184
300135	-1.9228647
300136	-1.9427555
300137	1.7949623
300138	-0.15289354
300139	-9.519415
300140	2.2860036
300141	-3.2912831
300142	1.2707295
300143	3.6267962
300144	0.24067852
300145	3.1129847
300146	2.6606991
300147	-33.269344
300148	-16.498547
300149	-10.3833
300150	-9.084559
300151	2.8690841
300152	-13.94417
300153	2.649596
300154	3.9319408
300155	-11.284483
300157	-20.974909
300158	-6.4998617
300159	-12.405624
300160	2.3583367
300161	-2.4839044
300162	-8.577527
300163	-3.2646823
300164	-6.4207964
300165	-17.935883
300166	2.7127545
300167	-3.9990585
300168	-3.978373
300169	-11.156415
300170	3.1293101
300171	2.5453324
300172	-10.5529585
300173	1.6129215
300174	3.4697628
300175	1.3847317
300176	0.6920247
300177	-8.288447
300179	-6.804637
300180	-15.590174
300181	3.5233574
300182	-1.1623493
300183	-11.912105
300184	-22.945774
300185	3.6531823
300187	-12.031969
300188	1.8507713
300189	-17.264404
300190	3.4652603
300191	0.7399266
300192	-20.557013
300193	3.7591305
300194	-1.9251411
300195	1.6656431
300196	3.111813
300197	-4.4896445
300198	-10.790514
300199	-1.7635155
300200	2.069487
300201	2.0626788
300203	2.8045413
300204	-14.430796
300205	2.7677732
300206	3.6753902
300207	-2.39059
300208	-1.979751
300209	3.251964
300210	0.8378935
300211	-21.931269
300212	-2.7695403
300213	-0.9756929
300214	2.803571
300215	-6.128982
300217	-0.6180253
300218	-1.3276118
300219	-4.7414517
300220	2.6203437
300221	-3.990933
300222	-1.0949576
300223	0.42215046
300224	3.1099687
300225	-1.8502737
300226	-2.9829602
300227	0.115054585
300228	-0.37810725
300229	1.4656893
300230	3.6041512
300231	1.6945126
300232	0.59480447
300233	-0.98261756
300234	1.0259408
300235	-3.0288997
300236	1.182857
300237	-3.3107896
300238	-2.5018125
300239	3.3311372
300240	-6.8194475
300241	-3.286721
300242	-16.746456
300243	-2.3214
300244	-0.1506708
300245	-0.6570923
300246	1.8952125
300247	3.3820744
300248	1.1152704
300249	2.4436605
300250	-1.0924003
300251	1.650577
300252	-12.519444
300253	0.49654347
300254	-10.799059
300255	0.52628744
300256	-30.116695
300257	3.2918599
300258	2.550676
300259	-6.0745955
300260	-2.737512
300261	-11.745061
300263	-1.5951192
300264	-9.418389
300265	-4.94991
300266	-11.92875
300267	-7.7110763
300268	1.1095345
300269	-28.504028
300270	1.5784763
300271	2.760015
300272	1.3481748
300274	2.883555
300275	-0.37335938
300276	0.5272027
300277	3.9969037
300278	-1.4443668
300279	-4.3205805
300280	-4.505296
300281	-7.41096
300283	0.7513398
300284	-6.115641
300285	2.8198757
300286	0.4792531
300287	-10.341742
300288	-1.2428973
300289	-2.50368
300290	-0.43295032
300291	-0.30606866
300292	-3.9987502
300293	-8.316366
300294	4.9527464
300295	-9.778018
300296	-0.3082798
300298	4.115512
300299	-22.804056
300300	-5.909257
300301	1.0015903
300302	-2.1358085
300303	3.2392254
300304	0.28044724
300305	1.7804655
300306	1.7053562
300307	2.5366395
300308	3.8698254
300310	-7.4958925
300311	1.9944837
300313	-4.9727182
300314	-0.4704311
300315	0.10447798
300316	2.6269867
300317	1.3099171
300318	-16.690533
300319	-1.6758945
300320	1.0073621
300321	-1.3517563
300322	-16.560532
300323	-15.765574
300324	-5.3892336
300326	-2.4826422
300327	-0.36662287
300328	-15.882611
300329	-12.216953
300331	-2.510387
300332	2.8267546
300333	-2.3690953
300334	-17.047161
300335	0.90958023
300337	-3.6291623
300338	-3.2722344
300339	1.1850026
300340	0.98848355
300341	2.9051597
300342	-5.5538273
300343	1.3189714
300344	-5.3339076
300345	-0.29597107
300346	-5.1075144
300347	-0.37747398
300348	-3.1217217
300349	-6.006186
300350	-1.8881058
300351	-1.48646
300352	3.0948215
300353	-6.665324
300354	1.0939305
300355	1.9351475
300357	2.7373004
300358	1.0399424
300359	-9.553416
300360	0.33943233
300363	-1.3259916
300364	-4.8944526
300365	1.9462578
300366	-5.8773475
300368	-5.9175196
300369	0.12980765
300370	-10.159297
300371	-24.107954
300373	0.8860305
300374	-0.9179239
300375	-0.72925174
300376	1.4909534
300377	-17.11622
300378	1.8632666
300379	-22.672672
300380	-8.720946
300381	-5.524443
300382	2.177417
300383	3.0622802
300384	1.0994967
300385	-24.174854
300386	-5.289966
300387	-3.49521
300388	4.0907693
300389	3.4498906
300390	1.5201553
300391	0.71873564
300393	0.110831335
300394	-1.5276494
300395	3.176292
300396	-1.8671058
300397	-2.2612119
300398	-2.6993861
300399	-18.341427
300400	-6.6241693
300401	-5.2718797
300402	0.9809731
300403	-0.03171768
300404	-1.9258779
300405	2.9821174
300406	3.0969095
300407	-3.4753113
300408	3.8830953
300409	2.3807387
300410	-15.683893
300411	-7.3515167
300412	-13.376584
300413	3.5039697
300414	0.9556282
300415	1.141639
300416	-3.016197
300417	-7.3812456
300418	-4.8863096
300419	-4.2379107
300420	-1.2608957
300421	-1.5314515
300422	-1.422681
300423	0.10124065
300424	-4.542144
300425	2.9462297
300426	-9.881778
300427	2.7187178
300428	2.240749
300429	0.81203765
300430	-3.8101482
300432	-3.9383225
300433	1.7318602
300434	2.1044765
300435	3.6979172
300436	-31.281246
300437	-3.500349
300438	-0.3996637
300439	-4.5706973
300440	2.1328683
300441	0.91409415
300442	-3.8029454
300443	-2.9026022
300444	2.0191112
300445	1.799895
300446	-5.3595934
300447	-3.7370324
300448	-12.425308
300449	0.40032005
300450	2.008079
300451	0.3383442
300452	3.228291
300453	3.3281245
300454	2.0730724
300455	-4.851537
300456	-6.987259
300457	-0.9295869
300458	-9.243025
300459	-2.712443
300460	-19.772547
300461	-9.335931
300462	-3.851799
300463	-7.3496156
300464	-10.462982
300465	-16.37743
300466	-2.6386986
300467	-1.7830107
300468	-9.707736
300469	-2.4547918
300470	3.0396163
300471	-10.520473
300472	-24.25585
300473	-7.824603
300474	-1.5049636
300475	-0.619852
300476	3.568648
300477	-6.6755753
300478	-12.566968
300479	-0.4897197
300480	-4.674993
300481	0.8231815
300482	0.22621572
300483	-0.84429777
300484	-5.3200326
300485	-3.5500138
300486	-1.0691236
300487	3.0169013
300488	4.036353
300489	-0.66387045
300490	-12.111895
300491	-2.8055577
300492	0.5033639
300493	-4.0887628
300494	-9.397957
300496	0.7389366
300497	0.56783277
300498	3.0450876
300499	-2.1765718
300500	-4.299588
300501	-0.81395423
300502	1.6140846
300503	-1.2952445
300504	-20.76049
300505	-1.035631
300506	-0.86412287
300507	-3.6514878
300508	-1.538493
300509	3.395909
300510	1.8736289
300511	-26.609661
300512	-7.832752
300513	2.3363082
300514	0.020741891
300515	2.7536855
300516	-0.65375453
300517	0.6361467
300518	-21.416763
300519	-7.8027697
300520	0.430796
300521	3.662819
300522	1.260171
300523	0.3615855
300525	0.4796504
300527	3.6389885
300528	-6.5646057
300529	2.4057112
300530	0.37937444
300531	-18.148182
300532	-4.4350004
300533	-15.581568
300534	-1.7441437
300535	2.6048236
300536	5.331687
300537	-2.4548845
300538	1.0691288
300539	-8.346064
300540	0.046975378
300541	-7.2871284
300542	-15.485062
300543	-5.7014174
300545	-2.386803
300546	-1.9487202
300547	-1.6870219
300548	-5.040007
300549	-1.5833766
300550	-2.4892817
300551	-8.419017
300552	-3.5949779
300553	-1.235417
300554	-6.0675
300555	4.8992996
300556	-1.8640922
300557	-3.466053
300558	2.134296
300559	-3.6825783
300560	-8.234213
300561	-4.96009
300562	0.27144396
300563	-1.4851544
300564	-14.443626
300565	-4.596796
300566	-1.1044765
300567	0.98477685
300568	2.0574205
300569	0.54574406
300570	-6.922474
300571	-0.45286816
300572	-0.7175832
300573	7.3531275
300575	0.8209588
300576	-5.0571146
300577	2.782691
300578	-1.0103085
300579	-4.0854216
300580	-3.017093
300581	-3.9962964
300582	-3.3260846
300583	-12.4671335
300584	-24.923214
300585	-7.6837425
300586	0.75531024
300587	1.886309
300588	2.1527221
300589	-2.5731416
300590	-2.487325
300591	-9.012899
300592	2.615954
300593	2.9396152
300594	-7.4487076
300595	2.441914
300596	-3.903812
300597	0.7692049
300598	-3.3627212
300599	-4.0012274
300600	1.5576466
300601	1.3292549
300602	-3.6588242
300603	-0.35203654
300604	-2.6436899
300605	-4.6929994
300606	-2.8405526
300607	-0.9716145
300608	2.1916537
300609	-7.917633
300610	-0.24025789
300611	-6.935018
300612	0.92154914
300613	-5.6967025
300614	1.4352624
300615	-16.978264
300616	1.18338
300617	1.1850127
300618	-0.114684224
300619	-5.6538587
300620	1.3588783
300621	-2.4722114
300622	-27.441116
300623	1.2324778
300624	3.1748035
300625	-0.19247052
300626	0.7540936
300627	0.9808668
300628	3.4364579
300629	1.235362
300630	-23.934484
300631	-0.5480021
300632	-5.585418
300633	3.9338574
300634	4.812513
300635	0.77473634
300636	1.1921934
300637	-7.3120522
300638	0.4514033
300639	-28.671253
300640	3.8579311
300641	6.659041
300642	-19.395823
300643	-1.0006511
300644	-4.4953656
300645	-0.31854823
300647	-14.104815
300648	1.0322549
300649	-1.9433285
300650	-0.19441894
300651	-3.3019195
300652	2.5524335
300653	-1.2840384
300654	-1.4718502
300655	0.32794195
300656	-17.342941
300657	-0.95102245
300658	3.6896427
300659	2.54863
300660	2.0392785
300661	2.842344
300662	-3.278392
300663	-4.9694867
300664	3.9105744
300665	-8.493907
300666	-1.3743707
300667	0.49221554
300668	0.304344
300669	2.5453308
300670	-0.6608666
300671	-4.4794474
300672	-2.4183438
300673	-0.7129815
300674	1.0133795
300675	-11.361259
300676	2.104569
300677	-0.7019835
300678	-0.8615838
300679	0.9596289
300680	-8.527443
300681	-0.66489923
300682	1.5137806
300683	-6.0775003
300684	0.5672104
300685	3.8817067
300686	-4.6994243
300687	0.057547927
300688	-2.903093
300689	-2.100131
300690	-7.3447943
300691	-18.246786
300692	-4.308383
300693	-2.7359145
300694	4.0546727
300695	-1.9881771
300696	-2.8978238
300697	-0.505466
300698	0.8312725
300699	3.361374
300700	-4.540788
300701	1.1880052
300702	3.05774
300703	3.0640395
300705	0.81624156
300706	-2.8878582
300707	-4.0756
300708	-4.1710835
300709	-6.5747743
300710	-5.3510976
300711	-7.1875277
300712	2.771164
300713	-9.532034
300715	3.3489845
300716	-11.970055
300717	3.3083122
300718	0.7352704
300719	-6.9601274
300720	-12.007182
300721	-0.36898234
300722	-14.107515
300723	3.6627507
300724	2.6801112
300725	1.5041809
300726	-2.996721
300727	-2.6522822
300729	1.2243161
300730	-2.4327576
300731	-4.960392
300732	-4.7097554
300733	-2.0763412
300735	-2.6706347
300736	-2.9900932
300737	1.3615102
300738	-1.4443481
300739	-0.6225101
300740	0.75336003
300741	3.988341
300743	0.7375184
300745	0.30136117
300746	-1.041526
300747	0.12956567
300748	2.89813
300749	3.64829
300750	4.125225
300751	3.962637
300752	-2.281299
300753	-2.2692976
300755	2.0853722
300756	-0.026012063
300757	-4.3473825
300758	-2.3573036
300759	2.7756777
300760	4.377629
300761	2.2187061
300762	-3.4263434
300763	2.61251
300765	1.714069
300766	2.9032702
300767	0.3184921
300768	1.5465399
300769	0.06616892
300770	3.3039956
300771	-5.299955
300772	-1.4469345
300773	-0.81031954
300774	0.05292073
300775	-1.1951481
300776	0.4086625
300777	3.0627866
300778	-5.5896325
300779	3.6666496
300780	-6.2521105
300781	-6.5124345
300782	0.3813203
300783	-0.0019469619
300785	1.6313536
300786	-2.471912
300787	1.1670077
300788	-3.6932597
300789	-4.228656
300790	0.14027485
300791	3.708791
300792	1.5478406
300793	-2.7011223
300795	0.5752319
300796	1.7402725
300797	2.3037877
300798	2.0053983
300800	-3.2827106
300801	1.6541777
300802	2.6125906
300803	-8.561668
300804	-0.6572186
300805	-6.280939
300806	-4.827421
300807	-3.4412746
300808	0.35436565
300809	0.08281336
300810	-8.444487
300811	-1.3147566
300812	-2.3798034
300813	-4.724995
300814	0.66650087
300815	2.8936944
300816	2.7630932
300817	-2.137396
300818	1.7196951
300819	2.240796
300820	-6.3947864
300821	2.9453804
300822	-0.48407093
300823	0.2132726
300824	-1.0628449
300825	-4.1794925
300826	-4.208228
300827	-7.4723883
300828	-6.18199
300829	2.3873715
300830	1.3594155
300831	0.29032373
300832	4.0784025
300833	2.2039418
300834	1.2289121
300835	-2.8211942
300836	-2.5694351
300837	2.2273796
300838	3.6644082
300839	-14.079384
300840	-1.7750927
300841	1.9034218
300842	-2.1508718
300843	0.49825603
300844	-9.101147
300845	0.11966862
300846	-2.2270303
300847	-1.8012921
300848	1.9830525
300849	3.1750839
300850	-6.1031137
300851	-13.973963
300852	0.783991
300853	-11.706879
300854	-3.7216218
300855	2.9418786
300856	3.9243522
300857	3.1823356
300858	3.654407
300859	-1.0542471
300860	-5.0345864
300861	3.8648083
300862	-0.5785962
300863	-4.95015
300864	4.104642
300865	-5.5693374
300866	-0.35958079
300867	3.2532573
300868	-7.798079
300869	1.3543459
300870	0.23205209
300871	3.1577182
300872	-1.6830963
300873	1.9731821
300875	-32.65924
300876	2.3856657
300877	3.7198796
300878	-6.3461637
300879	-2.8535123
300880	-8.835716
300881	-0.99286765
300882	-0.18439381
300883	3.6336732
300884	1.3950698
300885	-7.4764967
300886	-2.5476549
300887	-15.608866
300888	3.6160119
300889	0.76203763
300890	-1.9471264
300891	0.24034138
300892	-2.8312306
300893	0.9064065
300894	-4.572868
300895	-0.34271583
300896	2.2290227
300897	-4.350268
300898	0.6041438
300899	-2.460626
300900	-3.888321
300901	3.3973308
300902	-2.502213
300903	0.39590073
300904	-5.764791
300905	-0.7440828
300906	-0.8326006
300907	1.8075718
300908	0.49938375
300909	2.325283
300910	2.1324847
300911	2.3417163
300912	-3.818771
300913	-1.0160568
300915	2.793426
300916	-1.8402426
300917	-8.696024
300918	1.91996
300919	3.1027083
300920	2.8272936
300921	-6.3542857
300922	-7.171004
300923	-15.066518
300925	0.226367
300926	-0.99332285
300927	-10.73639
300928	-1.0783823
300929	-0.37121272
300930	-0.5972557
300931	-2.0264115
300932	-2.35119
300933	1.0906175
300935	-3.5055022
300936	-0.7479966
300937	-2.489931
300938	-1.820406
300939	-3.4109356
300940	-1.2101935
300941	1.9831299
300942	-12.5403805
300943	-8.12285
300945	-5.967928
300946	-3.7248657
300947	-6.700723
300948	1.8261604
300949	-3.1771872
300950	0.2448221
300951	-2.7852235
300952	0.24016161
300953	0.39630723
300955	-9.842608
300956	-0.98628646
300957	2.9058132
300958	-3.5652637
300959	2.453719
300960	-22.076603
300961	-1.0293993
300962	3.2129853
300963	-4.1825895
300964	-7.100062
300965	0.35027424
300966	0.070226096
300967	-0.5706388
300968	-13.931697
300969	-2.0447452
300970	-11.59268
300971	-9.746004
300972	-19.56226
300973	1.6597837
300975	-4.5402656
300976	-4.507177
300977	-8.695475
300978	-5.0003037
300979	5.241941
300980	-3.8191001
300981	-3.9998481
300982	-0.3348734
300983	-2.5398188
300984	1.7074531
300985	-2.458957
300986	-10.8535185
300987	3.0558028
300988	-1.1161783
300989	-11.194125
300990	-3.955216
300991	0.4347404
300992	2.211416
300993	3.4898827
300994	-0.36803806
300995	2.3457408
300996	-0.8282728
300997	3.3019848
300998	1.2517893
300999	2.6640086
301000	-0.2682028
301001	-5.861707
301002	2.2906213
301003	-0.09006586
301004	1.3504492
301005	-3.9761498
301006	2.9863555
301007	-5.857339
301008	-1.635422
301009	3.1899056
301010	-21.380344
301011	-2.6576295
301012	-1.2885611
301013	-2.1415963
301015	4.0861573
301016	-37.637627
301017	-4.3969564
301018	0.8355347
301019	4.0208573
301020	0.50568473
301021	-8.222711
301022	-1.1072633
301023	-3.7480102
301024	-8.854289
301025	1.3729813
301026	-5.1917334
301027	-1.3879005
301028	3.6873703
301029	0.1925673
301030	-8.020731
301031	-0.024458727
301032	-2.0415645
301033	-1.6332016
301035	3.5524411
301036	-8.959705
301037	2.726716
301038	-5.0613623
301039	2.1894133
301040	-12.510324
301041	-0.31096768
301042	1.6593411
301043	2.9492114
301045	-3.4339745
301046	-0.8349886
301047	2.3524032
301048	1.0550873
301049	-9.380909
301050	-1.6829078
301051	-5.1853514
301052	-3.330492
301053	-0.7749183
301055	1.8012654
301056	-1.4772794
301057	-1.3725157
301058	1.4574236
301059	-3.401167
301060	-23.605051
301061	0.50880146
301062	-0.35156685
301063	-3.8350854
301065	-11.285469
301066	-3.4586976
301067	-11.176194
301068	0.5021331
301069	1.0207622
301070	-3.557525
301071	-4.5944257
301072	-1.6286724
301073	-4.1018634
301075	-16.123287
301076	-1.7336388
301077	2.1301074
301078	0.92233104
301079	-19.804602
301080	-6.0825086
301081	-1.2015593
301082	-3.048646
301083	1.577681
301085	-2.5460231
301086	-10.91502
301087	-8.020643
301088	0.51672804
301089	-11.617305
301090	2.7720397
301091	-12.142704
301092	-0.948878
301093	1.5136635
301095	0.66634256
301096	5.0896273
301097	2.701783
301098	3.1131392
301099	-4.6904554
301100	-7.038597
301101	-19.158163
301102	1.7181101
301103	-0.5573999
301105	2.8980594
301106	1.2046438
301107	-1.748965
301108	1.9221767
301109	3.9027848
301110	-0.9359237
301111	-4.9267287
301112	-7.4092727
301113	2.7652354
301115	-4.267859
301116	1.9415191
301117	-6.7341866
301118	-4.2982454
301119	-2.410933
301120	0.1261673
301121	-9.104311
301122	1.9856472
301123	-0.32396275
301125	-2.1130588
301126	-5.677039
301127	-7.7239227
301128	-4.58421
301129	-1.2181456
301130	-13.815018
301131	-1.6909564
301132	-3.5134187
301133	-7.051484
301135	-0.77092826
301136	-16.251972
301137	-0.40537983
301138	-2.443527
301139	2.6197405
301141	-3.069694
301148	-18.182074
301149	1.4424144
301150	-1.840655
301151	-18.288507
301152	-5.064906
301153	-2.3391593
301155	-1.6369766
301156	-7.212865
301157	-2.6566508
301158	-6.3635087
301159	-6.528466
301160	2.6273894
301161	-0.66745657
301162	-0.60845625
301163	-2.5374675
301165	3.7477417
301166	-11.626337
301167	-6.6632004
301168	-3.522967
301169	-7.70605
301170	-0.505274
301171	-0.86399686
301172	-3.631513
301175	2.8148792
301176	-3.3489108
301177	1.0395706
301178	-3.4434924
301179	-2.7227674
301180	-2.949301
301181	-4.956144
301182	-19.211926
301183	-1.4308262
301185	2.0721617
301186	-3.7795537
301187	0.87335634
301188	1.2870214
301189	-1.6811821
301190	0.09556476
301191	-1.7935541
301192	-0.27212754
301193	1.6078202
301195	-2.6950498
301196	2.8571908
301197	-4.866487
301198	-11.52392
301199	0.21297184
301200	3.3394597
301201	-0.11123327
301202	-1.1945153
301203	-1.8347228
301205	-1.2914106
301206	3.4675336
301207	-4.4140286
301208	-11.931713
301209	-5.35618
301210	-0.91126347
301211	-4.0986896
301212	-3.1067176
301213	-6.280416
301215	-0.41494328
301216	2.6422067
301217	-1.6985273
301218	-1.0322524
301219	-1.197287
301220	-4.174655
301221	-2.8263345
301222	-0.3420821
301223	3.5039325
301225	-0.48775935
301226	-12.401445
301227	3.923869
301228	-17.97984
301229	0.12550771
301230	-4.3901987
301231	-2.5805993
301232	-9.455124
301233	-5.460355
301234	-8.232224
301235	2.6032329
301236	0.37735757
301237	-2.544789
301238	-0.55809355
301239	-3.9055946
301246	0.62809736
301248	-2.6247716
301251	0.9664768
301252	-1.677942
301255	0.3806482
301256	3.4721527
301257	-1.6076752
301258	-4.7370877
301259	-6.0987406
301260	-1.7543366
301261	-4.193203
301262	2.8303964
301263	2.3082128
301265	-0.66300476
301266	-7.1021805
301267	2.4980023
301268	-0.47014457
301269	2.7240405
301270	-4.185916
301272	-0.53732574
301273	-7.257306
301276	2.042287
301277	-0.2966797
301278	-6.7129683
301279	-1.1759379
301280	-1.2165372
301281	-2.8041682
301282	-3.6971545
301283	1.7700876
301285	-0.35483128
301286	4.1301556
301287	0.53691894
301288	-33.67812
301289	-3.095847
301290	2.328109
301291	-2.0869458
301292	1.9026788
301293	2.340339
301295	-4.8461604
301296	3.745355
301297	-2.29038
301298	1.8392503
301299	-1.4283328
301300	-2.1264515
301301	-3.5846016
301302	0.5220047
301303	3.5316215
301305	2.5984077
301306	-7.7279673
301307	0.5549426
301308	-0.061575793
301309	-1.159291
301310	-0.5474947
301311	-0.34824428
301312	-13.165628
301313	0.6694723
301314	-9.1158085
301315	-7.958516
301316	-12.317441
301317	-1.0479641
301318	0.8193563
301319	-6.4877367
301320	-0.48573083
301321	-0.6321765
301322	3.5919366
301323	0.539904
301325	1.2392801
301326	-0.4104902
301327	0.22861345
301328	-5.789484
301329	-1.772345
301330	0.20108481
301331	-2.4462638
301332	-0.005725396
301333	-2.367888
301335	3.9545112
301336	0.87755364
301337	0.5482621
301338	-2.2928424
301339	-0.3206685
301345	-0.38502988
301348	2.7876217
301349	2.946195
301353	-2.616528
301355	-0.9975813
301356	1.6322107
301357	-1.0213683
301358	2.612684
301359	-0.0791738
301360	-11.386835
301361	-3.1041112
301362	2.6736221
301363	3.189331
301365	-3.3526154
301366	-3.223246
301367	3.2493522
301368	-0.14706275
301369	-15.334537
301370	-5.233926
301371	-0.35568053
301372	-3.2849839
301373	2.2527049
301376	2.2194114
301377	-0.25698134
301378	-2.785607
301379	-2.410885
301380	-0.87532264
301381	1.4910176
301382	2.4873977
301383	-12.230349
301386	-4.793479
301387	-2.9379272
301388	-2.878713
301389	-0.8306967
301390	-3.54608
301391	1.6172507
301393	-2.8247876
301395	1.2612187
301396	-8.471022
301397	-4.3089523
301398	-7.4732985
301399	-15.246974
301408	-6.1088333
301413	-3.6880848
301418	0.48930654
301419	1.5434635
301421	-1.473522
301428	-4.161977
301429	1.2434359
301439	2.1077654
301446	-7.7542725
301448	-2.4904652
301456	-2.9971392
301459	-0.19416988
301468	1.932699
301469	0.10961016
301486	-6.573433
301487	5.1133127
301488	-5.4629383
301489	-4.3123884
301498	0.45153555
301499	-4.20738
301500	-2.2650018
301502	0.7782279
301503	-2.4748979
301505	-4.94431
301507	-5.039351
301508	-1.8362072
301509	-5.080477
301510	2.1933465
301511	6.751317
301512	-4.167636
301515	-2.8350844
301516	-3.8137746
301517	-5.3894424
301518	-0.6632145
301519	-3.6558583
301520	-3.5471706
301525	-0.0127850175
301526	2.1913457
301528	-10.072985
301529	0.037321147
301533	-3.379036
301536	-2.093741
301538	-2.054979
301548	-2.551086
301550	-6.4741197
301555	-4.8926716
301558	-1.6117405
301559	2.8427982
301566	-0.58654463
301567	-2.667806
301568	-18.208363
301577	-0.23904088
301578	-13.821936
301587	2.3318138
301588	1.0019115
301589	3.337666
301591	3.0112317
600000	6.1399
600004	3.2553658
600006	-3.3728867
600007	4.3289585
600008	4.149829
600009	3.6417098
600010	4.3000097
600011	3.235166
600012	4.3376594
600015	4.572616
600016	3.4696631
600017	4.025508
600018	6.110561
600019	4.3573675
600020	3.831733
600021	1.5820138
600022	4.4223557
600023	3.2718358
600025	5.0898485
600026	4.4176846
600027	2.913125
600028	5.679889
600029	3.5191283
600030	3.2389538
600031	3.9733186
600032	3.6587753
600033	3.2756526
600035	3.9393363
600036	5.2048945
600037	4.0846105
600038	3.553159
600039	4.461789
600048	1.1819904
600050	4.561494
600051	4.5743513
600052	1.2228681
600053	1.4402033
600054	3.4047508
600055	3.872233
600056	3.013226
600057	4.861758
600058	3.8866296
600059	4.513851
600060	3.2163968
600061	4.3730936
600062	3.7088923
600063	3.0899951
600064	4.4189463
600066	2.3682854
600067	2.999321
600070	-4.372223
600071	2.037644
600072	1.8059454
600073	4.4866667
600075	4.493869
600076	-0.39855316
600078	3.9591122
600079	4.5132113
600080	3.9394963
600081	2.5269573
600082	3.7854836
600083	2.445131
600084	1.584974
600085	2.800542
600088	0.8243351
600089	4.0259876
600094	0.98797053
600095	-1.0720232
600096	4.0478764
600097	3.4570231
600098	3.9422169
600099	-0.9867317
600100	2.6482189
600101	-7.5395555
600103	3.4263701
600104	4.3851595
600105	-8.516152
600106	0.7263886
600107	-2.9224925
600108	3.6686363
600109	3.7740064
600110	2.7029076
600111	3.677674
600113	0.57041556
600114	-3.1364417
600115	4.017227
600116	3.9633186
600117	2.5528502
600118	-0.7031667
600119	-2.5317788
600120	4.50427
600121	3.3042095
600123	3.1537454
600125	2.0230546
600126	2.3448696
600127	2.2487004
600128	3.245154
600129	-0.0704428
600130	1.2833585
600131	4.4435143
600132	3.261624
600133	2.2786279
600135	-0.75109977
600136	3.6618264
600137	2.8287022
600138	1.6841552
600141	3.3772056
600143	5.3215866
600148	1.9123043
600149	3.489425
600150	2.7595668
600151	-10.661154
600152	1.2523746
600153	2.5476127
600155	1.6825701
600156	3.8497996
600157	-0.14792487
600158	1.762619
600159	0.2806273
600160	2.32118
600161	3.9796937
600162	2.8892803
600163	3.5709388
600165	-0.8564556
600166	-2.7248406
600167	5.748479
600168	4.2111063
600169	4.2559104
600170	3.4880538
600171	-4.1140375
600172	-18.839241
600173	3.0547101
600176	3.6351604
600177	5.280701
600178	-6.0842485
600179	3.8901184
600180	4.444229
600182	4.1457024
600183	1.6435816
600184	4.2201805
600185	0.39633217
600186	0.14283244
600187	-26.963001
600188	3.0020733
600189	1.7895887
600190	2.0326998
600191	3.6542518
600192	-15.382456
600193	3.1754744
600195	2.3125052
600196	4.4424105
600197	3.6492298
600198	3.698196
600199	-0.44048077
600200	-4.564953
600201	2.5668445
600202	4.478335
600203	-2.2412205
600206	2.5744617
600207	-0.6073836
600208	2.811273
600210	2.6882286
600211	2.3615527
600212	1.0686166
600215	-0.38684887
600216	-10.775359
600217	2.42158
600218	3.228023
600219	2.4320114
600221	2.942758
600222	-1.9268732
600223	3.9671242
600225	3.522307
600226	4.125047
600227	-3.0096464
600228	2.9953446
600229	4.2461977
600230	-0.65467197
600231	3.784694
600232	4.4421754
600233	4.606119
600234	0.03401742
600235	3.5731494
600236	3.6005661
600237	1.6190598
600238	3.702496
600239	-0.38594612
600241	3.6773872
600243	-5.081586
600246	1.8661989
600248	4.965144
600249	3.5778823
600250	-8.309134
600251	3.4020505
600252	4.345746
600255	2.686582
600256	4.068915
600257	-0.21382597
600258	2.2973487
600259	3.4151943
600261	4.50152
600262	-8.517744
600265	1.1840105
600266	-4.1441007
600267	3.8275685
600268	3.4528427
600269	3.3782623
600271	1.6538826
600272	-2.738351
600273	5.425829
600276	4.841029
600278	3.6403332
600279	4.7174973
600280	-4.456126
600281	1.792248
600282	3.708615
600283	3.3230038
600284	3.436118
600285	3.2130077
600287	2.644387
600288	0.25141913
600289	3.267207
600292	4.2262783
600293	3.4624245
600295	3.6938038
600298	3.8031716
600299	4.473119
600300	3.5754166
600301	-0.17959599
600302	4.2932897
600303	0.26638222
600305	4.609479
600307	4.2559657
600308	4.717725
600309	3.9586704
600310	-0.75929224
600312	2.1780875
600313	0.16308829
600315	3.5129476
600316	-4.6986494
600318	0.65384465
600319	3.8391087
600320	4.1859994
600322	-11.380739
600323	2.8973417
600325	-1.0505803
600326	-14.876956
600327	3.8425598
600328	5.0597515
600329	2.0585241
600330	1.6890463
600331	1.4174794
600332	4.3718004
600333	4.7265654
600335	-0.95184755
600336	-2.391983
600337	4.8919163
600338	-0.106180325
600339	4.275715
600340	1.4231211
600343	-2.548968
600345	-4.9135227
600346	5.0048156
600348	2.0498157
600350	5.1367617
600351	0.86815053
600352	4.46375
600353	-0.544141
600354	1.1188414
600355	-10.0767565
600356	3.965427
600358	1.3917954
600359	1.2217389
600360	-1.0616766
600361	-3.2808661
600362	1.8182856
600363	0.99873316
600365	2.9359474
600366	3.6462166
600367	1.263765
600368	2.788876
600369	3.8190084
600370	4.378627
600371	1.6437324
600372	3.3869762
600373	3.2750282
600375	4.1881766
600376	-0.19299266
600377	5.2159586
600378	4.567458
600379	4.8043528
600380	3.7898388
600381	1.9809927
600382	3.830632
600383	-12.500443
600386	-4.7713833
600387	3.8471494
600388	3.2931914
600389	1.8874127
600390	4.526864
600391	-0.37720734
600392	2.0968828
600395	5.509554
600396	-1.3455476
600397	0.14750297
600398	3.3297455
600399	0.91184723
600400	4.2062182
600403	4.507786
600405	2.733389
600406	3.7316146
600408	0.82101744
600409	3.292279
600410	2.2481356
600415	1.3898736
600416	4.154377
600418	-1.0766615
600419	4.028853
600420	3.806197
600421	-11.9965725
600422	4.0565057
600423	2.714921
600425	3.7688127
600426	4.49211
600428	2.2953677
600429	5.0341024
600433	4.5115767
600435	-0.07778823
600436	3.8444526
600438	0.003359747
600439	3.742178
600444	-3.757831
600446	1.4500954
600448	3.6992378
600449	4.6971483
600452	3.1846747
600455	-2.8717904
600456	3.5082297
600458	3.1284535
600459	1.8856685
600460	-1.2257426
600461	2.0505445
600462	3.0907092
600463	-0.25018594
600467	3.4558995
600468	0.23054913
600469	0.91892385
600470	3.7377117
600475	4.1481385
600476	-1.123379
600477	3.7020526
600478	2.342588
600479	3.9279683
600480	0.7226056
600481	2.4458792
600482	3.8867393
600483	2.901337
600486	4.0558114
600487	2.0879936
600488	4.4915876
600489	1.0024825
600490	0.6568459
600491	2.749635
600493	4.0537076
600495	2.851306
600496	4.4796305
600497	-0.4016853
600498	0.56606096
600499	1.7992885
600500	5.113592
600501	-1.6435236
600502	3.7861767
600503	3.2638333
600505	-0.261284
600506	0.59935576
600507	4.246354
600508	2.3557065
600509	3.1918373
600510	3.6127255
600511	3.955537
600512	0.5157746
600513	1.7677511
600515	4.9366465
600516	4.908959
600517	4.524596
600518	0.7105905
600519	4.9542246
600520	-8.081668
600521	3.649629
600522	1.2408826
600523	3.4010932
600525	-3.80127
600526	1.1489275
600527	4.0605083
600528	4.5921082
600529	3.1764045
600530	-5.8197603
600531	0.5297374
600533	-4.4625845
600535	1.5031302
600536	-1.0006965
600537	0.09126117
600538	2.781786
600539	4.344843
600540	4.2613587
600543	3.1024709
600545	2.1540928
600546	1.3749814
600547	3.027223
600548	4.719588
600549	2.4281428
600550	1.5197164
600551	4.93125
600552	-6.523421
600556	-4.5856857
600557	-0.4783554
600558	3.9148338
600559	0.6669914
600560	1.5146745
600561	-4.674602
600562	3.0708017
600563	2.163075
600566	3.5010211
600567	3.6944993
600568	3.6675858
600569	4.0321307
600570	2.7141576
600571	-0.8050324
600572	3.8520725
600573	4.208637
600575	4.085844
600576	-12.96434
600577	-7.1350136
600578	4.086864
600579	-1.4788088
600580	-1.7209074
600581	3.671542
600582	2.7722995
600583	3.507988
600584	0.49598265
600585	3.2142715
600586	3.3763366
600587	3.7522206
600588	2.8187356
600589	1.4819285
600590	2.1511407
600592	-1.869425
600593	-5.951303
600594	3.7420573
600595	1.8767521
600596	3.8264592
600597	4.8049383
600598	4.32288
600599	4.2717476
600600	2.44836
600601	-3.552662
600602	0.21573088
600603	1.068226
600604	-0.8614391
600605	2.552171
600606	2.34734
600608	2.5096757
600609	-3.4176304
600610	0.6877021
600611	-16.99242
600612	2.8098207
600613	1.6401691
600615	-1.6765515
600616	4.6009917
600617	3.6559258
600618	2.7187076
600619	2.0230336
600620	-0.87427026
600621	-3.0195384
600622	1.8023888
600623	4.077219
600624	-3.4149966
600626	-3.6149757
600628	4.0504193
600629	2.6952376
600630	-1.1004246
600633	2.311051
600635	-5.308159
600636	-4.149131
600637	4.590838
600638	-4.564018
600639	3.4818013
600640	-7.091819
600641	-0.071664974
600642	3.4061577
600643	3.6223826
600644	-1.1429725
600645	3.7811801
600648	4.381049
600649	-1.0875709
600650	-1.8323063
600651	0.78036606
600653	-4.61481
600654	2.2041225
600655	4.7182198
600657	1.6630161
600658	1.9959787
600660	4.5079274
600661	-10.0166645
600662	0.77131605
600663	3.5458019
600664	3.5258546
600665	1.2906407
600667	0.32863268
600668	-0.5107922
600671	3.9116318
600673	3.060446
600674	3.6888156
600675	3.735225
600676	-2.553695
600678	-9.267998
600679	-1.3590817
600681	4.819433
600682	2.243573
600683	0.60371655
600684	-6.902191
600685	1.2787215
600686	-29.840235
600688	4.7038093
600689	-4.525111
600690	1.8743118
600691	2.7983966
600692	-6.677169
600693	1.0238838
600694	2.7851653
600696	-13.185681
600697	0.9394676
600698	-12.992569
600699	0.06547995
600702	2.1297703
600703	2.065373
600704	2.5427127
600705	3.9469082
600706	-2.230942
600707	4.0472493
600708	1.8442523
600710	0.100784026
600711	2.0100665
600712	-4.1670227
600713	4.811269
600714	2.5331616
600715	4.1253405
600716	-2.9026952
600717	3.0606322
600718	2.7611725
600719	-0.0032399178
600720	2.8898644
600721	1.6023157
600722	3.61321
600724	4.5837445
600725	4.5609694
600726	3.4871585
600727	-4.0279975
600728	3.432155
600729	1.1927181
600730	-2.7319438
600731	4.177827
600732	-2.0877209
600733	4.35657
600734	-0.8966751
600735	3.1143076
600736	3.7441273
600737	3.1785197
600738	1.1966723
600739	2.8722389
600740	4.02818
600741	4.162236
600742	3.0554523
600743	1.4943507
600744	0.3208206
600745	-1.5038782
600746	4.4038315
600748	2.0761535
600749	-2.978091
600750	2.5724208
600751	3.1356337
600753	-12.268478
600754	1.6036288
600755	2.870084
600756	-1.7299206
600757	4.055155
600758	4.5060697
600759	3.309323
600760	3.9539008
600761	-1.4295499
600763	-1.3318084
600764	-3.6170833
600765	2.6818116
600768	-6.193884
600769	1.9754717
600770	-1.5142124
600771	2.3192654
600773	-2.2253516
600774	0.9430221
600775	-2.7870588
600776	3.4286733
600777	4.208101
600778	-13.354825
600779	3.2215683
600780	3.8277855
600782	3.217902
600783	4.2872477
600784	4.688941
600785	4.0042877
600787	3.9435902
600789	-5.966257
600790	4.365433
600791	3.3969243
600792	3.9919262
600793	1.6500909
600794	3.797779
600795	2.5591319
600796	2.3181577
600797	3.019957
600798	4.6327486
600800	4.60597
600801	3.3178115
600802	3.1409762
600803	4.602359
600804	0.1371144
600805	-0.6754219
600807	-11.351553
600808	3.8773112
600809	3.7272408
600810	3.926899
600811	-20.519297
600812	4.314473
600814	2.4559693
600815	4.6369085
600816	3.3361619
600817	-24.934887
600818	0.06678947
600819	0.3425406
600820	4.1148515
600821	1.9910265
600822	-1.0622308
600824	3.4967244
600825	3.298819
600826	4.4152403
600827	3.5759587
600828	2.1294215
600829	3.4799461
600830	-4.626487
600831	-0.5038737
600833	3.4771996
600834	-6.1044445
600835	3.6171455
600837	4.082569
600838	-0.46126422
600839	-6.50362
600841	-5.853474
600843	-17.670555
600844	0.38967836
600845	3.8831005
600846	3.016222
600847	3.5128036
600848	4.8804564
600850	1.9670842
600851	-3.6962433
600853	2.9238758
600854	3.4945228
600855	-4.4241233
600857	-0.8417648
600858	3.032475
600859	-4.187234
600860	-1.4776442
600861	1.8424162
600862	3.9151587
600863	2.776725
600864	0.5792578
600865	3.9016948
600866	-4.4640822
600867	4.0929737
600868	-0.032335762
600869	-6.241361
600871	5.1672583
600872	0.21470924
600873	4.2588177
600874	4.2333083
600875	2.7068439
600876	3.1453884
600877	1.5246744
600879	-0.3289631
600880	1.6165707
600881	-2.542478
600882	3.8301537
600883	4.2772527
600884	3.0702333
600885	3.3848023
600886	3.8658395
600887	2.9138505
600888	2.902492
600889	-13.208094
600892	-17.391262
600893	3.8174443
600894	3.2566562
600895	-1.2261053
600897	4.3779554
600898	-7.0752153
600900	4.4045653
600901	0.887225
600903	4.7802324
600905	4.3679442
600906	3.2661452
600908	2.294417
600909	4.4855986
600916	1.8724232
600917	5.333822
600918	4.1932135
600919	2.2443058
600925	4.393282
600926	3.9552655
600927	1.4646354
600928	4.49541
600929	4.1998453
600933	1.8292267
600935	2.543805
600936	4.029464
600938	3.297673
600939	4.7625055
600941	3.8173013
600955	4.2896256
600956	3.7254777
600958	5.037312
600959	4.7344537
600960	0.4418003
600961	0.6723455
600962	3.8876214
600963	1.8830931
600965	3.9834857
600966	1.5828211
600967	4.64326
600968	4.412522
600969	-4.6709666
600970	2.4550788
600971	1.3274355
600973	3.8095832
600975	-0.91158456
600976	1.6916786
600977	4.1147947
600979	1.7387555
600980	2.6518214
600981	4.491682
600982	4.409679
600983	3.808292
600984	2.171609
600985	2.3633227
600986	2.4522324
600987	3.1008563
600988	0.32849005
600989	4.6639037
600990	-3.3269825
600992	-2.1627421
600993	3.9240193
600995	4.118472
600996	2.5022066
600997	3.2531772
600998	3.6221302
600999	4.871615
601000	3.499518
601001	3.3170314
601002	-1.8974304
601003	4.436976
601005	3.7751648
601006	4.239463
601007	2.396419
601008	4.030084
601009	4.7158823
601010	2.51281
601011	-1.5633806
601012	1.9873167
601015	1.4790673
601016	3.771251
601018	5.256832
601019	4.8730135
601020	-3.0246863
601021	3.4334552
601022	-0.12990579
601028	1.60241
601033	1.5369278
601038	0.9249325
601058	-0.15503272
601059	-0.38820016
601061	1.3745979
601065	4.199527
601066	4.3871355
601068	4.327128
601069	0.82515365
601077	4.5042424
601083	0.7324935
601086	1.5563065
601088	5.2938094
601089	2.3542924
601096	1.4004645
601098	4.773198
601099	-1.9324405
601100	4.304679
601101	3.4140732
601106	4.7550735
601107	0.4697678
601108	3.637921
601111	4.2476196
601113	2.9845767
601116	2.3609428
601117	3.1933749
601118	5.138067
601121	2.866593
601126	1.1972128
601127	0.27713048
601128	3.305561
601133	-1.0865809
601136	-3.8228002
601137	0.17922981
601138	5.7595167
601139	4.2142687
601155	0.02706885
601156	2.1172326
601158	4.976326
601162	-7.7983384
601163	3.536679
601166	5.2074175
601168	1.3684518
601169	4.818034
601177	1.8443667
601179	1.0812482
601186	4.9376016
601187	2.6910536
601188	-5.117072
601198	3.0255513
601199	2.6120887
601200	4.787015
601208	0.92348355
601211	4.3567476
601212	3.0140884
601216	4.6279783
601218	-3.4756324
601222	4.1752105
601225	5.0399733
601226	4.2989607
601228	4.5809426
601229	4.9952154
601231	3.2446868
601233	3.16352
601236	3.4089844
601238	3.3632832
601279	0.7310449
601288	5.556616
601298	5.5080566
601311	2.2145476
601318	4.8075438
601319	5.7204103
601326	4.4963746
601328	4.9004908
601330	4.027157
601333	2.719748
601336	3.592144
601339	4.426784
601360	2.593832
601366	3.9246376
601368	4.2848444
601369	4.565561
601375	3.1410146
601377	4.3175135
601388	1.3334746
601390	4.082648
601398	6.1922135
601399	4.8916116
601456	-0.06497119
601500	-0.033614874
601512	5.4563856
601515	6.185289
601518	4.1880846
601519	2.4152026
601528	3.4508648
601555	3.6005886
601566	-1.0704278
601567	2.337049
601568	5.7769175
601577	4.017562
601579	4.116086
601588	0.6717218
601595	-4.615748
601598	3.3197942
601599	-0.35954183
601600	2.0526628
601601	4.2747054
601606	1.8510315
601607	4.740199
601608	3.7702956
601609	2.6185174
601611	3.8541927
601615	2.3562098
601616	3.076139
601618	4.593001
601619	4.1945615
601628	6.248554
601633	4.0286016
601636	3.2457874
601658	5.44746
601665	2.6471534
601666	2.4129457
601668	4.600305
601669	3.6774254
601677	-0.015200054
601678	3.6911736
601686	5.372965
601688	4.2646127
601689	2.04585
601696	2.375744
601698	-0.12250133
601699	2.411826
601700	2.55299
601702	2.4316683
601717	1.3598688
601718	4.783892
601727	4.8460035
601728	4.6423864
601766	2.809928
601777	1.9032414
601778	2.013539
601788	4.105239
601789	2.6712544
601798	1.9412854
601799	1.0498555
601800	4.914682
601801	4.5354815
601808	3.79454
601811	5.001437
601816	4.8102555
601818	4.9632196
601825	1.4062762
601827	4.527562
601828	2.5388522
601838	2.0492249
601857	5.2921157
601858	2.9236367
601860	3.1629183
601865	-1.4286481
601866	3.4304097
601868	4.0238843
601869	0.28420407
601872	3.8518913
601877	3.6374545
601878	0.8860178
601880	4.6653967
601881	1.5116119
601882	1.4739462
601886	3.2703037
601888	1.0447434
601890	2.7001328
601898	7.0880747
601899	3.7639027
601900	2.5107265
601901	1.0563741
601908	2.4986608
601916	2.580786
601918	4.0063467
601919	2.558437
601921	-4.346925
601928	4.1921983
601929	-1.0865097
601933	-2.3878403
601939	2.8048012
601949	4.0577188
601952	5.1454616
601956	3.9330704
601958	2.490389
601963	2.733523
601965	2.5116563
601966	0.64857197
601968	3.5172749
601969	3.0136673
601975	1.8803383
601985	3.689396
601988	6.44761
601989	3.8870404
601990	3.7935436
601991	2.2491097
601992	4.2997503
601995	3.440105
601996	4.3328147
601997	3.0523252
601998	7.0820336
601999	4.04583
603000	-0.23098776
603001	4.0273676
603002	-2.100181
603003	-0.92288005
603004	-5.8603573
603005	-6.0485287
603006	3.5616727
603007	4.0709023
603008	2.7555985
603009	-2.3977146
603010	4.324082
603011	0.43152314
603012	4.451186
603013	3.595242
603015	2.0347404
603016	3.9665895
603017	-1.800057
603018	2.958018
603019	-1.3309412
603020	2.9730744
603021	4.3337183
603022	2.22041
603023	1.4017527
603025	3.0402904
603026	1.7029432
603027	3.446551
603028	-7.4600067
603029	1.5693251
603030	0.5089078
603031	2.9149547
603032	-6.348877
603033	3.2418842
603035	1.3849713
603036	3.1487918
603037	-7.634722
603038	3.8958073
603039	2.6164775
603040	2.396233
603041	3.7770405
603042	-2.8423054
603043	4.200797
603045	3.3687427
603048	-0.26518133
603050	3.5049412
603051	-6.182023
603052	0.5075371
603053	2.1258655
603055	3.7853446
603056	2.462091
603057	-0.97220576
603058	-2.122664
603059	4.376434
603060	3.5789807
603061	-3.339339
603062	-2.7088633
603063	3.3138878
603065	-12.887856
603066	-0.4827625
603067	1.3665748
603068	-1.571351
603069	-2.0638785
603070	-0.8255008
603071	4.1997538
603073	3.1859648
603075	-1.9669456
603076	3.1338687
603077	3.7372887
603078	-0.32062817
603079	-3.0604918
603080	2.1369526
603081	0.524417
603082	-4.302481
603083	-2.0955472
603085	-1.2944927
603086	3.2033474
603087	1.8256422
603088	2.5331507
603089	4.0511723
603090	2.9633605
603093	-1.0989854
603095	4.7651086
603096	2.4890563
603097	0.47338945
603098	3.6385128
603099	-4.784756
603100	0.6888824
603101	1.2186038
603102	2.1933684
603103	1.0481423
603105	1.014947
603106	-1.8725035
603107	-6.07461
603108	-1.9790491
603109	-0.12129207
603110	2.4762733
603111	3.0918393
603112	3.3599942
603113	2.9336631
603115	3.875187
603116	4.3540406
603117	2.0570295
603118	-1.2422236
603119	2.3462212
603121	-2.1416469
603122	-10.289526
603123	2.3564286
603125	-1.1792514
603126	0.16033733
603127	-1.5947435
603128	4.3050146
603129	2.6515307
603130	-2.5369935
603131	-6.854777
603132	2.6720726
603135	2.2033055
603136	1.4520593
603137	-0.13900924
603138	3.1622176
603139	-2.424457
603150	0.8256558
603151	-0.049744178
603153	1.2929677
603155	-2.0258088
603156	5.3821573
603158	-2.0640829
603159	3.7635808
603160	1.2594236
603161	1.471048
603162	2.0536165
603163	-0.06596041
603165	3.2295825
603166	4.1902766
603167	2.0773296
603168	-4.6880827
603169	3.7558174
603170	2.5211926
603171	-3.0376182
603172	3.195602
603173	3.499258
603176	3.280642
603177	-1.3062644
603178	-2.5861785
603179	3.890126
603180	1.8243157
603181	4.0034065
603182	3.176397
603183	1.4890914
603185	1.356117
603186	-5.79469
603187	0.2945086
603188	-0.59335494
603189	0.5490259
603190	1.3073103
603191	0.9593172
603192	2.8377266
603193	0.12026371
603195	3.6443233
603196	-15.065559
603197	-1.9765441
603198	1.8341436
603199	3.1386292
603200	-0.23480992
603201	-0.8435119
603203	0.7472928
603206	2.1309397
603208	4.520873
603209	-5.9793105
603211	-8.11467
603212	-1.7166622
603213	3.093546
603214	3.0964618
603215	-11.735849
603216	4.3279934
603217	4.171687
603218	4.1786366
603219	1.7354122
603220	-0.2193439
603221	-0.84162235
603222	3.22395
603223	1.9536078
603225	6.0535946
603226	2.2130358
603227	4.1715503
603228	1.0843236
603229	3.8605714
603230	2.0411742
603231	-2.7617757
603232	-1.6366112
603233	2.475194
603235	2.778193
603236	0.21015283
603237	3.2761092
603238	4.0107665
603239	1.6220992
603255	4.739233
603256	-0.29644293
603258	-0.24240474
603259	2.1088688
603260	4.739808
603261	-3.308806
603266	-1.601155
603267	-3.5387542
603268	-0.5599813
603269	0.43619394
603270	-2.504227
603272	3.7470078
603273	-0.40746754
603275	2.359198
603276	0.2945284
603277	4.9230247
603278	-2.842443
603279	2.643698
603280	2.151179
603281	4.400422
603282	0.81131065
603283	2.4266033
603286	-1.9800808
603288	4.604064
603289	1.3543236
603290	0.47844353
603291	2.0573144
603296	1.6771126
603297	2.067929
603298	1.3941042
603299	3.601519
603300	2.503959
603301	3.3614953
603303	4.917478
603305	2.4456933
603306	0.72093546
603307	-1.2805188
603308	2.223975
603309	3.20276
603311	4.405282
603312	0.39008656
603313	3.0139594
603315	2.8560383
603316	-2.5730126
603317	2.838071
603318	4.6095886
603319	0.27835014
603320	-2.2736824
603321	1.8020331
603322	1.6593401
603323	1.2844784
603324	-15.921878
603325	0.60597223
603326	3.1404037
603327	0.07758115
603328	-1.0326369
603329	1.8511784
603330	1.0252311
603331	2.760567
603332	1.8585813
603333	-3.556109
603335	0.3878561
603336	-12.222994
603337	2.8704076
603338	1.9463589
603339	3.6646423
603341	-8.097748
603344	-0.8717284
603345	1.2370898
603348	-4.050563
603351	3.078892
603353	2.4398847
603355	4.820506
603356	-0.6155528
603357	1.5684404
603358	3.7915528
603359	3.9791596
603360	1.3435538
603363	0.91835594
603365	1.5989399
603366	3.8646412
603367	3.9289372
603368	1.3434922
603369	2.018924
603373	-5.906208
603375	-10.898636
603377	-1.4526312
603378	2.8042254
603379	1.8950379
603380	1.5256237
603383	2.3037333
603385	4.6066413
603386	-0.98365986
603387	-1.280721
603388	-0.7073504
603389	-4.684022
603390	-3.179071
603392	4.071496
603393	3.885651
603396	1.6277374
603398	6.525256
603399	1.7323269
603408	2.3381596
603416	0.96493113
603421	-0.9302696
603429	0.5493296
603439	1.1603082
603444	-1.8577302
603456	2.1873803
603458	-14.867854
603466	1.7799022
603477	5.4587636
603486	0.97621346
603488	0.47684592
603489	-1.3568134
603496	1.3396116
603499	-0.86586773
603500	0.93555486
603501	3.4367232
603505	2.9458947
603506	-0.43272787
603507	-2.8564174
603508	-4.925612
603511	3.7445626
603515	0.900856
603516	0.7615286
603517	-1.4462678
603518	2.3882327
603519	2.2180827
603520	2.2569907
603527	2.8539844
603528	-1.4713051
603529	2.5334072
603530	0.30817196
603533	-0.35887873
603535	2.2301335
603536	-2.5189462
603538	2.7182164
603551	5.194445
603556	2.492763
603557	3.9050527
603558	-2.678123
603559	1.2723594
603565	4.133358
603566	2.607261
603567	4.827652
603568	3.7955995
603569	-0.2470421
603577	0.7953711
603578	2.361504
603579	2.033198
603580	-7.098211
603583	-0.15058312
603585	4.5659566
603586	0.30854934
603587	4.985606
603588	2.128472
603589	4.1387515
603590	-4.56057
603595	1.0010579
603596	0.5937928
603598	-3.0472867
603599	2.9137352
603600	2.948671
603601	3.3977332
603602	-2.7557302
603605	3.3949616
603606	1.6108634
603607	0.41280738
603608	4.666213
603609	4.462536
603610	2.8485959
603611	1.9988492
603612	2.6872144
603613	1.3808666
603615	-0.9165859
603616	0.9142831
603617	-0.62201107
603618	-2.6163807
603619	0.37293714
603626	-3.833659
603628	-6.4089584
603629	0.051486265
603630	-1.4165039
603633	1.3615706
603636	2.4177203
603637	4.2396936
603638	4.4456787
603639	3.5492694
603648	2.3932607
603650	-0.68363535
603655	-4.260875
603656	3.3078964
603657	-2.2031488
603658	2.7029352
603659	3.8101726
603660	1.7061713
603661	3.350882
603662	-4.869779
603663	-1.8961198
603665	2.1268811
603666	-1.1163709
603667	-2.060586
603668	0.891358
603669	3.7350667
603676	3.6698902
603677	3.327092
603678	1.0333769
603679	-4.7562966
603680	-2.604531
603681	0.87425196
603682	1.6303594
603683	0.5234896
603685	-0.52464783
603686	-7.4936485
603687	4.248326
603688	0.9031788
603689	3.0188918
603690	0.96392316
603693	2.9410534
603696	0.44710618
603697	4.2081456
603698	2.4662213
603699	1.6926937
603700	0.26974857
603701	1.9863777
603703	0.7427707
603706	3.194839
603707	4.770087
603708	2.8492923
603709	3.3578382
603711	2.1587267
603712	4.158269
603713	2.0088794
603716	-18.472729
603717	-0.47932544
603718	3.4711423
603719	2.4132462
603721	-7.9043517
603722	2.6284833
603725	2.1023448
603726	1.7504543
603727	2.0776525
603728	-4.790031
603729	1.7067009
603730	2.987578
603733	3.6569512
603737	1.9447498
603738	-2.9024155
603739	-1.219529
603755	1.6144956
603757	2.4193127
603758	2.9205172
603759	3.9780173
603766	1.2619069
603767	0.44648543
603768	-4.008227
603773	1.268381
603776	-5.904228
603777	2.8371625
603778	-3.7452404
603779	1.5905658
603786	2.333644
603787	3.4503758
603788	2.8812022
603789	-2.6875923
603790	1.0743845
603797	3.800773
603798	3.2261536
603799	0.040906258
603800	1.4893157
603801	1.145347
603803	0.5152642
603806	-1.72369
603808	4.567135
603809	-1.0889047
603810	3.2185051
603811	2.9857562
603813	3.807591
603815	1.6000957
603816	3.9460216
603817	3.8208542
603818	3.7979329
603819	2.0230165
603822	3.3100762
603823	-0.7295029
603825	-3.6304562
603826	-2.8269649
603828	2.3188045
603829	1.9107962
603833	4.172071
603836	2.1254246
603838	3.050305
603839	-10.825045
603843	-6.733378
603848	0.78002197
603855	3.3831017
603856	3.4162135
603858	4.577487
603859	-0.5600413
603860	-4.221811
603861	3.28987
603863	0.46026605
603866	4.3215055
603867	1.3099438
603868	4.084216
603869	3.9568334
603871	2.3956199
603876	2.4681869
603877	4.9446235
603878	2.9181244
603879	0.7939293
603880	4.2730417
603881	2.4357631
603882	-0.050533555
603883	3.1394227
603885	2.6025918
603886	3.6709285
603887	-1.0103967
603888	1.2879592
603889	3.7167275
603890	0.19035336
603893	0.18935369
603895	1.8366385
603896	2.9677005
603897	1.5216372
603898	0.8840662
603899	4.120149
603900	-21.535244
603901	2.819963
603903	-1.3862398
603906	2.158044
603908	-2.5380526
603909	1.2386509
603912	-0.811543
603915	1.8207756
603916	-10.650617
603917	-9.21315
603918	-2.1639042
603919	3.4056976
603920	-0.8352607
603922	3.4814305
603926	3.156385
603927	1.9584862
603928	4.4312963
603929	-1.5615933
603931	0.8789132
603933	-1.91311
603936	-3.4966812
603937	2.0210314
603938	2.3883173
603939	2.112308
603948	3.7833447
603949	2.748991
603950	1.7000573
603955	-1.2182155
603956	2.8135335
603958	-1.9378227
603959	0.92334574
603960	-3.0114799
603963	-3.1140952
603966	-10.204
603967	3.686219
603968	0.7904636
603969	2.2329454
603970	1.5616156
603976	-2.3030934
603977	0.35598618
603978	-12.397821
603979	2.898931
603980	2.910334
603982	-1.2156267
603983	3.7271256
603985	1.6358938
603986	1.6539459
603987	3.388249
603988	-23.143803
603989	3.90482
603990	-0.257693
603991	-0.1498193
603992	2.6726434
603993	4.6291223
603995	1.5033894
603997	4.3515954
603998	3.6846206
603999	4.06528
605001	-8.596089
605003	2.6759229
605005	4.2016716
605006	4.320514
605007	3.289018
605008	3.549823
605009	3.7805068
605011	0.41946802
605016	-0.22544289
605018	1.6628612
605020	3.2610803
605028	2.2248013
605033	1.0762053
605050	3.3557389
605055	4.3692765
605056	1.6221921
605058	2.725108
605060	-3.082869
605066	4.5555735
605068	-0.5367149
605069	-2.309779
605077	1.9341581
605080	2.3333144
605081	2.274508
605086	1.605081
605088	1.5309007
605089	2.2901073
605090	0.9102284
605098	-6.5356765
605099	3.8133767
605100	3.080792
605108	0.8244852
605111	-4.030325
605116	2.3483768
605117	3.6239731
605118	-5.918672
605122	-6.467576
605123	3.0621164
605128	2.539056
605133	-1.3011193
605136	-7.4617386
605138	2.1206813
605151	3.9663768
605155	3.744762
605158	1.015436
605162	2.1377227
605166	1.1391236
605167	4.0824347
605168	2.3503633
605169	0.1482724
605177	2.585435
605178	-16.743212
605179	3.8684871
605180	1.8275706
605183	4.387214
605186	1.9848547
605188	1.6826179
605189	3.725469
605196	1.7228372
605198	0.6716205
605199	-8.335421
605208	0.9746679
605218	-6.090159
605222	1.8018606
605228	-1.5659999
605255	-6.3824606
605258	-1.2189187
605259	4.013588
605266	-2.0678632
605268	3.5271595
605277	-2.1520689
605286	2.423359
605287	1.7637812
605288	1.6630666
605289	1.4770185
605296	3.6308136
605298	1.7281574
605299	1.7895029
605300	3.1339557
605303	3.0137026
605305	2.6963754
605318	4.4286404
605319	1.1979841
605333	2.0340786
605336	0.98729163
605337	2.9027343
605338	3.120071
605339	4.7973957
605358	1.8725023
605365	3.2405
605366	1.3362825
605368	4.2483554
605369	4.6645765
605376	-0.90448254
605377	3.3294125
605378	0.99850446
605388	4.080541
605389	2.1142447
605398	-2.9936047
605399	0.62133586
605488	-0.87318355
605499	5.0551577
605500	4.3597436
605507	4.071102
605555	-1.0380749
605566	3.456337
605567	-0.9908636
605577	1.0337064
605580	1.8474699
605588	0.13429913
605589	1.0125176
605598	2.8151023
605599	3.4588647
688001	2.1057637
688002	1.6429586
688003	1.0332301
688004	3.242051
688005	-1.2051938
688006	3.4472477
688007	1.0445453
688008	1.1209081
688009	3.8206067
688010	1.7409388
688011	2.6910927
688012	2.6653836
688013	4.244508
688015	-4.4343185
688016	2.0877917
688017	-0.8656267
688018	1.5427231
688019	0.8694924
688020	-4.673455
688021	2.1515918
688022	0.86853087
688023	-1.1789141
688025	1.1249038
688026	1.3063858
688027	-0.369805
688028	-0.044011373
688029	2.8855388
688030	3.504518
688031	1.0675309
688032	-6.350091
688033	1.3695695
688035	0.2099051
688036	3.0201106
688037	-0.8444959
688038	1.9687039
688039	1.4892708
688041	2.4001489
688045	0.2676007
688046	2.4377074
688047	1.4548578
688048	0.120217964
688049	0.5103995
688050	3.8750954
688051	2.9874465
688052	-1.258386
688053	-0.43638253
688055	3.8250957
688056	2.6632926
688057	4.7549715
688058	2.6988122
688059	-0.07899966
688060	2.0560012
688061	-2.2864227
688062	1.072505
688063	2.6639385
688065	4.818877
688066	-1.6102291
688067	4.0255494
688068	-4.39639
688069	3.431172
688070	-0.77993405
688071	0.19670543
688072	1.6730379
688073	-3.010179
688075	-0.9478961
688076	3.2697845
688077	1.76665
688078	3.950521
688079	-0.76992166
688080	2.45363
688081	1.1087263
688082	-1.422404
688083	3.0764868
688084	2.1619265
688085	4.0523887
688087	4.2277875
688088	1.6445805
688089	2.859424
688090	-8.750453
688091	-17.070038
688092	0.77959174
688093	2.2900326
688095	0.9859828
688096	3.64766
688097	1.6350046
688098	4.3396807
688099	4.0946274
688100	3.5522504
688101	4.4377427
688102	-0.023917776
688103	0.91974956
688105	3.091753
688106	3.3883553
688107	0.40082377
688108	-0.1457875
688109	-0.2670289
688110	3.369659
688111	1.494128
688112	2.5503507
688113	2.6465666
688114	3.3332565
688115	1.0908363
688116	0.57997584
688117	-3.49315
688118	-0.5803267
688119	4.4367743
688120	3.298642
688121	2.748166
688122	4.6853313
688123	3.9849846
688125	-0.6848274
688126	4.2201824
688127	1.2059466
688128	3.664217
688129	4.556429
688130	-2.622704
688131	0.17484373
688132	4.263936
688133	0.5647844
688135	-0.07580124
688136	3.204534
688137	3.9120076
688138	1.2874004
688139	2.5962446
688141	-2.9851496
688143	0.4298292
688146	1.943321
688147	0.7514165
688148	1.641174
688150	0.5689488
688151	-1.0802057
688152	-4.514908
688153	0.8644408
688155	3.523667
688156	3.0800576
688157	4.1698723
688158	1.6081568
688159	0.81060505
688160	-0.12850492
688161	3.1838036
688162	1.4638376
688163	0.33487445
688165	2.2928493
688166	2.512652
688167	0.31482476
688168	2.2522194
688169	1.9645106
688170	-1.9543152
688171	2.4422839
688172	2.3875718
688173	1.759106
688175	2.1442199
688176	3.2736511
688177	2.0422645
688178	3.6924255
688179	1.9301649
688180	2.8033662
688181	2.3962488
688182	0.98302186
688183	-1.7252566
688184	3.2301362
688185	-1.4199643
688186	2.4341025
688187	1.2983068
688188	4.4215508
688189	3.3716938
688190	2.7770562
688191	-3.9510243
688192	0.2724543
688193	2.020835
688195	-0.7801286
688196	3.637751
688197	0.3131649
688198	4.352333
688199	1.679147
688200	3.1811423
688201	-1.7250427
688202	-0.5297155
688203	2.53908
688205	-11.876707
688206	-2.014982
688207	-0.2433794
688208	0.21956654
688209	0.06754804
688210	2.5281162
688211	4.375293
688212	2.6562026
688213	2.3847728
688215	2.864071
688216	-0.7026469
688217	5.3971663
688218	1.2675363
688219	3.455522
688220	1.6169317
688221	3.5628376
688222	1.5235533
688223	1.7031571
688225	-1.7479038
688226	-1.2388685
688227	2.660947
688228	1.1663306
688229	-6.4111686
688230	-2.785684
688231	2.8466165
688232	2.3386338
688233	2.8531032
688234	0.5069025
688235	2.114662
688236	1.263199
688237	1.7517513
688238	-0.6507125
688239	-0.3467036
688244	-2.1847668
688246	0.21358748
688247	2.3577256
688248	3.0216682
688249	3.2415738
688251	3.1866627
688252	0.5722724
688253	3.1827855
688255	1.2439293
688256	-4.7869897
688257	2.6210263
688258	-8.372843
688259	-9.048104
688260	-7.275995
688261	-0.46426386
688262	-2.982344
688265	4.181489
688266	3.0142539
688267	3.037398
688268	2.015387
688269	2.5056465
688270	-4.5355663
688271	4.4413705
688272	-0.022784341
688273	3.3734314
688275	1.708298
688276	3.3048222
688277	3.2010543
688278	4.3955436
688279	2.1463177
688280	1.6941137
688281	3.1509256
688282	3.2230785
688283	0.4887232
688285	2.1975002
688286	-1.1091753
688287	-1.7920425
688288	-0.554224
688289	1.7268629
688290	3.0096977
688291	0.93513185
688292	0.5994559
688293	0.31824845
688295	1.8436191
688296	1.8470955
688297	0.8849117
688298	4.7618318
688299	1.3471309
688300	3.3071263
688301	2.9407442
688302	2.1492965
688303	2.3036551
688305	2.1785536
688306	1.7859513
688307	1.1845543
688308	0.9297412
688309	4.3335404
688310	-4.583594
688311	-4.48757
688312	2.3259826
688313	3.0566325
688314	-7.4714165
688315	3.2764568
688316	1.9762747
688317	-8.721151
688318	-7.1874566
688319	3.5908294
688320	1.9976696
688321	4.089245
688322	1.2319851
688323	-7.770856
688325	-1.5961496
688326	-2.430296
688327	4.0343847
688328	-1.1354371
688329	3.0618596
688330	4.1824746
688331	-0.6249629
688332	1.2038362
688333	3.808519
688334	2.1471264
688335	3.524917
688336	2.1158452
688337	0.8202397
688338	2.8420699
688339	-0.60538864
688343	1.6609274
688345	3.0031452
688347	-2.0784757
688348	-2.3031628
688349	1.4398282
688350	3.3587189
688351	3.8065162
688352	4.154286
688353	3.3721802
688355	2.4262698
688356	3.0293388
688357	-0.30394483
688358	3.0029263
688359	3.4238448
688360	-10.441864
688361	0.47308654
688362	1.504576
688363	3.5986352
688365	3.1946735
688366	3.1061184
688367	4.133728
688368	1.028084
688369	1.3068931
688370	4.085755
688371	1.049948
688372	-4.8019867
688373	0.47536534
688375	3.559197
688376	-0.3957836
688377	2.3527775
688378	4.549906
688379	3.909764
688380	-5.1116934
688381	0.89148796
688382	0.7276704
688383	0.49442735
688385	0.46079215
688386	3.208688
688387	0.26786378
688388	1.0997283
688389	3.364001
688390	0.63202286
688391	1.6465061
688392	1.4098556
688393	3.0143585
688395	3.642942
688396	2.8087199
688398	3.1093328
688399	4.161496
688400	2.1683357
688401	1.1290008
688403	-0.6197424
688408	4.0376043
688409	0.3338108
688410	2.1345203
688416	1.9322364
688418	-2.6673567
688419	1.5922916
688420	3.5483387
688425	1.4173346
688426	2.1229372
688428	4.549013
688429	3.397421
688432	2.4626355
688433	2.0235515
688435	3.17902
688439	3.6128888
688443	5.300269
688448	1.3307583
688450	2.3812318
688455	4.011071
688456	3.0835483
688458	0.05790372
688459	4.468577
688466	3.5999413
688468	3.5298722
688469	2.4219165
688472	3.4703498
688475	1.9177883
688478	-0.99515283
688479	3.3130996
688480	4.344169
688484	2.054397
688485	3.8333008
688486	0.10841495
688488	5.36509
688489	1.6920487
688496	1.9386084
688498	0.63691115
688499	2.0313964
688500	0.8399848
688501	0.6405841
688502	-4.950798
688503	0.21035199
688505	5.0714555
688506	1.6857376
688507	2.1222672
688508	-2.4724643
688509	0.9921341
688510	1.0229118
688511	1.1888497
688512	-0.81116086
688513	5.4851446
688515	-5.4890113
688516	0.09770809
688517	0.59477437
688518	4.389667
688519	4.282121
688520	2.871807
688521	0.030099943
688522	2.8799424
688523	-4.088996
688525	2.580369
688526	4.716736
688528	4.07562
688529	3.2073646
688531	-0.3352975
688533	2.7171948
688535	-1.5126064
688536	-1.7771267
688538	4.3620157
688539	2.620791
688543	0.76458746
688548	2.172322
688549	-0.79889286
688550	0.40520325
688551	1.9185156
688552	-1.9365921
688553	3.7881546
688556	-0.32911402
688557	4.584776
688558	3.6649182
688559	1.1723125
688560	1.8433117
688561	3.063101
688562	-0.056647547
688563	1.7146082
688565	3.4520583
688566	3.5228717
688567	2.5868402
688568	2.615253
688569	2.1514955
688570	3.1193032
688571	3.4185214
688573	6.086326
688575	3.5686233
688576	1.1011974
688577	2.3321774
688578	0.7309272
688579	3.0002415
688580	3.931586
688581	-0.11472001
688582	3.8186824
688584	-0.35264385
688585	4.547756
688586	2.9427812
688588	2.238261
688589	-0.19468422
688590	0.16931061
688591	-0.85163575
688592	3.8626666
688593	3.0594344
688595	-0.42950338
688596	4.064437
688597	4.476987
688598	-0.11913701
688599	2.349817
688600	3.53733
688601	0.37011358
688602	0.65350837
688603	-0.050527114
688606	3.705339
688607	2.1144176
688608	3.2571995
688609	-1.7285347
688610	0.417735
688611	2.8761494
688612	1.7775215
688613	-11.035338
688616	3.4764638
688617	4.518942
688618	1.0906565
688619	2.2512019
688620	0.51624787
688621	4.4905
688622	3.812162
688623	3.0415695
688625	4.719046
688626	2.6870043
688627	3.0864491
688628	2.7367475
688629	1.9026226
688630	1.6781824
688631	-2.5029182
688633	3.1380343
688636	-3.6384788
688638	2.2332456
688639	5.150815
688646	-1.6161215
688648	-4.7326527
688651	-4.583104
688652	-4.2241864
688653	-5.2993813
688655	1.1934245
688656	2.4386418
688657	1.1574688
688658	2.9001775
688659	2.0779757
688660	4.200482
688661	1.473408
688662	1.1182873
688663	2.0392134
688665	2.10427
688667	3.1666384
688668	-4.4610243
688669	3.0570152
688670	2.8685722
688671	-0.26400375
688676	2.84814
688677	3.2980187
688678	2.4787128
688679	2.5009072
688680	-0.6488015
688681	2.3607423
688682	-3.071503
688683	4.01826
688685	0.92552996
688686	1.6157818
688687	1.3845079
688689	0.6789487
688690	3.4764729
688693	0.07616045
688695	-0.19317405
688696	3.819154
688697	-1.4490621
688698	1.0769945
688699	-0.671279
688700	-0.06400154
688701	-0.20927839
688702	-2.7088268
688707	-0.48062152
688709	0.17539826
688711	-1.3827058
688716	-0.58383876
688717	0.06315146
688718	3.5001595
688719	0.9064258
688720	-2.7368598
688722	2.713883
688728	3.3472137
688733	0.9782597
688737	2.1535447
688739	4.3526025
688766	0.8530835
688767	1.1116738
688768	2.953453
688772	1.5029904
688776	2.905586
688777	2.660166
688778	3.480245
688779	3.3344083
688786	0.5861314
688787	2.0074215
688788	3.5108597
688789	2.5021873
688793	-3.9380527
688798	0.83327085
688799	4.1165
688800	0.080435954
688819	3.9079273
688981	3.842146
689009	2.9754298
