1	3.5830436
2	-0.80946034
4	-1.8759426
6	0.20628855
7	1.6550564
8	-6.378516
9	3.4642224
10	-1.3471392
11	-5.5956044
12	4.866275
14	-1.9646965
16	-18.489948
17	-3.0469584
19	4.0893717
20	2.1564322
21	-0.095421195
25	3.0138278
26	3.5752015
27	3.2815146
28	2.9607863
29	3.7370956
30	3.1901448
31	3.911462
32	-0.67987245
34	-2.5552216
35	2.788429
36	2.5137587
37	1.0586774
39	2.082662
40	-1.0362327
42	0.6416434
45	2.3179162
48	3.5233536
49	-0.70570886
50	3.541429
55	4.291792
56	-1.8040574
58	3.9825568
59	4.2235665
60	2.6667292
61	4.764453
62	-14.438866
63	0.22237253
65	2.7127714
66	1.7984607
68	1.499666
69	1.6382338
70	0.60450304
78	2.4237187
88	4.0709305
89	2.8051143
90	2.8520133
96	4.362077
99	-3.320848
100	2.4797184
151	-0.57047826
153	3.144253
155	2.8730252
156	3.3620706
157	3.356853
158	-2.9619865
159	2.1979148
166	5.2494626
301	3.692873
333	4.5902863
338	-0.2506373
400	1.0160708
401	4.672461
402	-1.7024343
403	2.002694
404	2.0509973
407	2.4426227
408	3.150951
409	2.2370093
410	2.655277
411	4.1666346
415	1.123334
417	3.6539834
419	3.867035
420	2.1677315
421	-5.689079
422	0.0016820312
423	1.5277199
425	2.7429707
426	0.8556838
428	2.2599607
429	4.6585298
430	-0.67957276
488	4.0460906
498	4.9316897
501	3.381
503	-0.60551023
504	0.64828146
505	4.467572
506	0.9531668
507	4.020395
509	-6.1563673
510	3.6810489
513	3.8766015
514	-2.5585685
516	2.53822
517	2.685898
518	-6.6165476
519	1.3911812
520	-2.2929153
521	-0.005578518
523	4.019522
524	-4.1671658
525	-3.8830109
526	-2.1368346
528	-0.2644702
529	2.7100396
530	3.7222848
531	2.1907322
532	-5.6107903
533	-0.22167656
534	3.527401
536	-11.839508
537	3.084523
538	4.8185377
539	3.1438777
541	3.3997276
543	1.8058447
544	3.227684
545	-2.7700393
546	2.709314
547	-5.573069
548	2.2277966
550	-6.7411866
551	3.9016938
552	2.8256485
553	4.042857
554	3.6785057
555	-0.035094313
557	4.3378687
558	-4.02531
559	4.071475
560	-1.9733658
561	1.5879124
563	4.177687
564	2.8634682
565	3.0085328
566	-0.084160134
567	2.6762486
568	1.8033588
570	3.270661
571	1.7278893
572	-6.9378614
573	3.4081523
576	2.2078807
581	1.9463692
582	3.8870544
584	1.9811687
586	-4.2102175
589	1.7854344
590	3.7164028
591	3.540073
592	3.148171
593	3.1909144
595	-0.34181
596	1.6028847
597	-3.2684715
598	2.2533462
599	3.6420016
600	0.6169588
601	2.9844427
603	-0.71825993
605	3.7796593
607	3.6534667
608	1.3829925
609	-1.1891806
610	-1.5593188
612	0.20831795
615	2.6931202
617	2.400019
619	3.918363
620	1.2726606
622	-0.568936
623	4.0022917
625	1.6684034
626	1.8746687
627	1.6525522
628	-4.7622156
629	2.7934828
630	1.6480448
631	3.7109933
632	2.5193052
633	2.6407132
635	4.5230684
636	-0.092595026
637	3.5011322
638	-0.34281522
639	-1.8819516
650	1.3832175
651	4.433604
652	3.3998418
655	3.7144012
656	-2.4937832
657	1.8975258
659	4.1467834
661	2.3845673
663	1.5138662
665	3.6226125
668	4.134961
669	0.48635474
670	-4.415524
672	0.5934367
676	1.3819678
677	0.023987364
678	-11.444229
679	-3.9805017
680	-1.2284713
681	2.4714036
682	2.0029778
683	2.8416462
685	4.141593
686	0.42523503
688	2.4839876
690	1.6711369
691	4.2257776
692	3.3419342
695	0.79742956
697	-2.4534974
698	4.256035
700	-0.27808714
701	-2.2240624
702	-4.538442
703	3.6440876
705	-2.9335322
707	2.3710337
708	4.1297164
709	3.8104985
710	0.60940295
711	3.7136712
712	-17.696545
713	-1.4844313
715	-2.4090276
716	-1.9892523
717	1.3882561
718	3.190867
719	3.7584884
720	3.044201
721	-4.002259
722	0.77735674
723	2.9418678
725	2.8019912
726	2.8590949
727	2.6232553
728	3.7814412
729	4.498816
731	3.5729828
733	2.1820874
735	0.087753266
736	0.91265565
737	-2.8668609
738	2.5450442
739	1.0245128
750	2.4130425
751	3.3064213
752	3.405463
753	3.8938718
755	-8.015353
756	-3.3036838
757	-5.756293
758	-0.05252253
759	-3.6091645
761	4.0225897
762	-0.23834428
766	3.317675
767	4.5009985
768	3.2485714
776	3.9917831
777	0.0015571207
778	3.6918423
779	3.184341
782	3.5639186
783	3.6672852
785	3.625676
786	3.1038356
788	4.2447877
789	4.3532615
790	3.785937
791	2.634589
792	3.2405503
793	-8.0149555
795	2.7165394
796	2.3962662
797	1.17081
798	4.028102
799	1.2937896
800	3.3463287
801	-2.1886935
802	2.692181
803	3.5047252
807	2.0222204
809	3.983086
810	-15.431322
811	1.7972187
812	0.7635718
813	2.5741212
815	2.8125663
816	0.62190616
818	5.5272956
819	-0.9315772
820	-6.2405386
821	2.423294
822	3.6230576
823	0.8965003
825	4.022424
826	-4.8205934
828	-2.4795272
829	-5.6406593
830	0.8991823
831	1.4558729
833	4.3031697
837	-1.4560807
838	2.1833386
839	2.086053
848	4.0812697
850	4.5550222
851	-3.8788276
852	3.9425366
856	3.5378919
858	3.5826461
859	1.9258175
860	0.5462872
862	2.683478
863	0.14678705
868	-6.089755
869	4.4282427
875	1.3024863
876	3.894479
877	3.7570834
878	0.7235005
880	-0.750044
881	-0.16798425
882	3.3447967
883	3.180315
885	3.5532436
886	0.345465
887	2.7844107
888	-2.0840085
889	-1.9313246
890	-9.060811
892	-3.7576222
893	2.2634702
895	4.0875826
897	1.3428211
898	3.9184768
899	-0.54476494
900	4.1494513
901	-4.882971
902	4.4501486
903	3.026722
905	4.2227554
906	2.5834274
908	-6.9753265
909	3.40179
910	5.1175337
911	3.694921
912	4.4444017
913	-2.366618
915	1.9326385
917	2.778234
919	4.727017
920	3.4898715
921	1.5289886
922	0.6824172
923	2.3938215
925	0.5579758
926	4.462634
927	4.4695272
928	3.7006931
929	2.379416
930	4.539371
931	4.256489
932	3.3102467
933	2.9727178
935	3.2101455
936	-9.2136755
937	1.7229168
938	0.059074856
948	-2.2046132
949	-1.6453584
950	4.1554875
951	2.137247
952	-2.0676942
953	-1.4707167
955	-4.715721
957	-1.8273579
958	5.472372
959	4.316849
960	1.6282113
962	3.3993134
963	3.6335168
965	1.854578
966	3.463393
967	4.4721155
968	3.7780125
969	3.5781531
970	4.178193
972	-7.263623
973	1.096218
975	1.513021
977	-1.4674536
978	1.4773982
980	-4.296244
981	-1.4789883
983	2.4544518
985	3.5994503
987	4.301874
988	0.03027689
989	3.3501937
990	1.7964481
993	2.3032432
995	-8.846797
997	1.0217763
998	2.157083
999	3.6341133
1201	1.6033834
1202	3.824535
1203	4.0243216
1205	2.8864954
1206	0.63334084
1207	1.39767
1208	-4.5632567
1209	2.0473108
1210	0.8146348
1211	3.6190639
1212	-1.9160465
1213	2.906111
1215	2.6134918
1216	0.21917543
1217	0.14919816
1218	3.248443
1219	-2.9533901
1222	2.0911222
1223	-1.4697298
1225	3.6236534
1226	-1.5472178
1227	2.5381522
1228	0.9472724
1229	-4.5892944
1230	-3.7016568
1231	-1.940213
1234	-1.1711593
1236	-9.486577
1238	3.4365163
1239	-4.287295
1255	1.0371964
1256	1.7404102
1258	1.4161199
1259	-1.9810816
1260	1.9213593
1266	-5.992784
1267	-3.0142055
1268	1.332958
1269	-5.340201
1270	-5.3311234
1278	1.4725374
1282	0.3377056
1283	-1.1436522
1286	1.539165
1287	-6.542262
1288	0.2581386
1289	2.311082
1296	3.1178846
1298	-16.359346
1299	0.94406813
1300	-1.1850235
1301	-1.0010298
1306	-0.971696
1308	-2.752954
1309	0.021911431
1311	1.770771
1313	1.6519444
1314	-10.556592
1316	-7.4247007
1317	-19.457539
1318	1.9650266
1319	-8.65165
1322	1.0325416
1323	2.7693923
1324	1.3985077
1326	1.1808891
1328	0.097464405
1330	-1.3829834
1331	2.2795613
1332	-1.4851954
1333	2.9796402
1336	-4.946871
1337	-1.699865
1338	2.4430354
1339	1.9310211
1358	-15.651503
1359	-4.4973373
1360	-3.7131615
1366	-0.84743625
1367	0.46427125
1368	-0.3847359
1373	-3.4998946
1376	-1.6914066
1378	-3.066689
1379	-35.978188
1380	-2.659045
1387	-3.3037903
1389	-0.95416164
1696	-0.6647043
1872	3.9521236
1896	2.27039
1914	1.9493167
1965	4.9056044
1979	3.3539722
2001	-1.2317541
2003	-0.12096012
2004	5.0205483
2005	4.572868
2006	3.384993
2007	2.9857018
2008	0.7566242
2009	-7.426116
2010	4.427341
2011	1.5439432
2012	-1.6767457
2014	4.7273235
2015	0.61532116
2016	2.9553552
2017	0.82894564
2019	2.2347188
2020	3.0215492
2021	-9.515165
2022	-8.963234
2023	-0.78033173
2024	3.7971148
2025	3.0565057
2026	0.5354949
2027	2.181142
2028	3.4935193
2029	3.6819787
2030	-23.478695
2031	0.09206469
2032	5.1986756
2033	0.3107971
2034	4.1829457
2035	-0.52749854
2036	-4.550634
2037	-18.17127
2038	1.3613832
2039	3.09626
2040	4.263753
2041	2.2361522
2042	2.0617719
2043	3.449012
2044	3.6952815
2045	-3.610371
2046	-3.1505625
2047	-3.897314
2048	1.9286457
2049	2.1283622
2050	1.3234322
2051	4.3531556
2052	11.680812
2053	2.9023805
2054	3.4782867
2055	-6.78957
2056	2.787991
2057	2.8101459
2058	-0.26085287
2059	-4.7002134
2060	1.7756428
2061	3.9917595
2062	4.0081162
2063	2.4804742
2064	2.917331
2065	3.2467022
2066	3.7458522
2067	-4.6644635
2068	3.517942
2069	2.7798705
2072	-7.092105
2073	0.27362728
2074	2.945481
2075	-7.8617754
2076	-0.34929863
2077	-2.9825873
2078	3.1976473
2079	1.7615566
2080	3.3926747
2081	4.7783523
2082	1.637254
2083	3.494648
2084	3.9301095
2085	-4.4558554
2086	-2.502568
2088	3.8289464
2090	2.4694276
2091	3.295796
2092	2.9943857
2093	2.3092563
2094	-10.848553
2095	2.7700882
2096	1.4305952
2097	0.077365555
2098	3.1944664
2099	3.241118
2100	1.7802265
2101	1.7500141
2102	-5.916335
2103	2.1656928
2104	0.12724157
2105	3.9539466
2106	3.060823
2107	3.612368
2108	3.8771145
2109	3.8826706
2110	3.5234356
2111	0.53571653
2112	2.7610316
2114	0.414095
2115	-1.8838679
2116	1.4481696
2117	3.18841
2119	-2.0437906
2120	2.8664937
2121	3.432486
2122	2.1394045
2123	0.6213246
2124	3.5406938
2125	2.0609713
2126	1.4696449
2127	1.4015827
2128	3.0242286
2129	-0.59113705
2130	-1.0223671
2131	1.033975
2132	3.708788
2133	2.7484667
2134	-0.35875383
2135	4.3394966
2136	-2.8746057
2137	0.69663113
2138	-0.056964714
2139	-0.13642295
2140	2.7368636
2141	1.5368388
2142	2.0716603
2144	0.67355216
2145	-0.64342743
2146	-2.043776
2148	2.893816
2149	2.4366558
2150	1.5820767
2151	-0.7631386
2152	2.8536868
2153	2.198448
2154	1.8322185
2155	-1.1919504
2156	-3.0347834
2157	2.0091228
2158	3.088017
2159	0.74851334
2160	3.195372
2161	1.1813433
2162	0.3493347
2163	3.8986843
2164	2.220699
2165	-0.13213412
2166	-2.2101498
2167	0.55293465
2168	-16.897518
2169	4.159072
2170	1.2934452
2171	2.9867358
2172	3.5889904
2173	-0.223997
2174	2.3617015
2175	-4.6096387
2176	1.5665605
2177	-13.73567
2178	-3.1393695
2179	3.4122245
2180	2.0426483
2181	3.8612437
2182	1.7017267
2183	3.9185822
2184	2.2966218
2185	1.2551104
2186	1.6035483
2187	4.2482805
2188	-1.9579656
2189	-4.020438
2190	1.9558756
2191	3.7506146
2192	-0.8354484
2193	-1.5444607
2194	1.216377
2195	2.2252803
2196	-4.166647
2197	3.1054246
2198	2.195542
2199	-3.8074737
2200	3.0874658
2201	2.5943656
2202	2.4240687
2203	4.7630444
2204	3.7566788
2205	-4.400229
2206	1.1117083
2207	-1.1655552
2208	2.791245
2209	-0.031048179
2210	2.6002598
2211	3.7503688
2212	0.82653534
2213	-0.31163844
2214	0.77230924
2215	1.0933293
2216	3.6453261
2217	-0.9092531
2218	0.06442423
2219	-2.2311363
2221	4.5910234
2222	0.6958702
2223	2.7261004
2224	3.6011863
2225	1.7949578
2226	3.3048787
2227	3.673809
2228	4.3001084
2229	0.8847165
2230	2.5684152
2231	-1.5554669
2232	-0.65673995
2233	3.0673695
2234	2.617893
2235	3.0943666
2236	1.7062404
2237	0.0074029015
2238	2.9340787
2239	2.6879044
2240	1.3018506
2241	-1.237868
2242	3.5410633
2243	0.44792828
2244	-1.3541309
2245	2.0237231
2246	-13.52128
2247	2.2701151
2248	-7.068396
2249	2.543159
2250	3.601792
2251	2.7012362
2252	3.6310406
2253	-3.4307563
2254	2.6785545
2255	-4.0128303
2256	-14.609644
2258	3.2738907
2259	3.6803946
2261	0.06469206
2262	4.8967714
2263	3.8488326
2264	1.444079
2265	3.3621247
2266	5.25275
2267	2.5773578
2268	2.0793545
2269	-1.8290956
2270	3.7213054
2271	4.6174355
2272	-9.927665
2273	-1.3923854
2274	2.802049
2275	5.5149865
2276	2.424107
2277	3.0260422
2278	-2.1750598
2279	-2.6605148
2281	1.7503726
2282	1.8960651
2283	-0.14750633
2284	-2.4403763
2285	-9.450603
2286	2.5337467
2287	5.5600758
2289	2.855755
2290	4.1066375
2291	-8.146799
2292	-0.97128886
2293	3.5807395
2294	4.6950274
2295	3.2331376
2296	-0.11267469
2297	-0.06934047
2298	-3.4798207
2299	3.9471087
2300	3.7650318
2301	-3.3389885
2302	3.2605882
2303	-0.18826352
2304	3.9757512
2305	-3.8667817
2306	0.6323484
2307	-0.35748768
2308	-28.484766
2309	-1.4737301
2310	-2.89291
2311	3.2843614
2312	2.4850023
2313	0.14608969
2314	1.8235241
2315	-3.0145414
2316	-0.34525642
2317	-2.2081964
2318	2.3294015
2319	2.1306098
2320	3.7057633
2321	2.3981142
2322	-0.8588327
2323	-1.5460086
2324	3.0125942
2326	3.368051
2327	3.470185
2328	2.8404007
2329	-3.191445
2330	3.5908122
2331	-4.1962323
2332	0.45665345
2333	3.646117
2334	0.2578694
2335	-0.20619507
2336	2.9930909
2337	1.0954367
2338	-0.15372217
2339	-2.680247
2340	1.0218316
2342	2.5012627
2343	-9.157985
2344	4.3523197
2345	1.9894623
2346	3.476923
2347	-3.7623973
2348	1.0223033
2349	-0.96326506
2350	0.5387758
2351	-1.9370487
2352	4.141461
2353	1.3425508
2354	-6.499884
2355	-4.141832
2356	-9.338407
2357	-6.9691567
2358	2.9169843
2360	3.2618756
2361	1.9766846
2362	1.0359211
2363	3.285728
2364	0.49202067
2365	0.3033649
2366	-4.811616
2367	1.5885437
2368	0.76970893
2369	-9.375679
2370	-17.3313
2371	2.2842174
2372	3.7977207
2373	-0.2898564
2374	1.4620216
2375	4.5241323
2376	3.757047
2377	-2.1792367
2378	2.1204653
2379	1.1776316
2380	0.3564392
2381	2.5697513
2382	4.622656
2383	-3.0611193
2384	-1.403415
2385	3.5819912
2386	3.773439
2387	2.6941998
2388	-12.281697
2389	-1.6506536
2390	3.9666686
2391	4.6445303
2392	3.626883
2393	4.177245
2394	4.1482496
2395	-7.579957
2396	3.741996
2397	-1.5851262
2398	3.4755726
2399	4.995617
2400	1.4242224
2401	3.072831
2402	1.6878712
2403	-11.758036
2404	3.4184194
2405	-8.521141
2406	-1.3390095
2407	3.0705562
2408	2.7739787
2409	1.5310152
2410	2.8993647
2412	3.6648839
2413	-1.4890406
2414	-0.46320677
2415	3.6792526
2416	-1.6193678
2418	-7.2830305
2419	3.4344983
2420	-1.5286404
2421	3.140361
2422	3.7910283
2423	3.508206
2424	2.8381772
2425	-18.206823
2426	-2.3080146
2427	3.5858288
2428	-7.904026
2429	2.107036
2430	3.0098205
2431	-0.45944428
2432	2.1466467
2434	3.8141758
2436	-4.9561577
2437	0.76525605
2438	-2.210929
2439	1.9444386
2440	5.085432
2441	3.5823548
2442	2.9179316
2443	3.5327613
2444	1.5069033
2445	2.4577858
2446	0.5256863
2448	1.4362895
2449	-1.9120144
2451	3.3382022
2452	1.7608204
2453	3.8159478
2454	0.9605094
2455	-0.39183217
2456	-5.1382647
2457	-1.4712775
2458	3.6226602
2459	-1.9067829
2460	0.23990121
2461	5.631105
2462	4.535026
2463	2.048207
2465	1.3083531
2466	0.389318
2467	3.2666068
2468	2.4406748
2469	3.9856586
2470	4.0084815
2471	0.026302671
2472	1.3047991
2474	3.2266304
2475	3.355307
2476	2.1136856
2478	1.6766087
2479	4.4805436
2480	-0.8632409
2481	2.9754436
2482	-0.47328335
2483	1.0780292
2484	1.7168114
2485	5.14919
2486	3.9280655
2487	0.73350143
2488	-5.7661896
2489	4.0523777
2490	1.5358113
2491	0.4314251
2492	3.6786008
2493	3.8814006
2494	4.4143963
2495	0.68570304
2496	1.8154758
2497	2.0364487
2498	3.8666656
2500	4.0536156
2501	0.97540855
2506	2.967118
2507	2.130436
2508	2.1710737
2510	-0.7938758
2511	4.1438956
2512	-1.5418477
2513	0.6299029
2514	2.1151214
2515	2.1493769
2516	3.9284053
2517	1.8651123
2518	2.8316414
2519	-3.3085778
2520	-0.41870436
2521	-2.3230777
2522	3.5903602
2523	4.264123
2524	3.5487366
2526	1.5948235
2527	-10.954059
2528	-2.7508328
2529	-7.950535
2530	0.54767334
2531	1.7152901
2532	3.858682
2533	2.7593706
2534	2.0183995
2535	-3.3289528
2536	-0.38564193
2537	-2.3526144
2538	4.7557797
2539	2.4882896
2540	2.8093843
2541	1.8889977
2542	-1.3213772
2543	3.5937378
2544	1.5646576
2545	2.7662287
2546	3.874144
2547	-12.750629
2548	2.3411756
2549	-0.07435477
2550	4.185252
2551	4.211383
2552	-0.771336
2553	-13.70565
2554	1.4261864
2555	-1.0278667
2556	-1.278049
2557	2.1997693
2558	0.14339933
2559	0.97784966
2560	0.5614615
2561	-4.5599656
2562	-5.2908134
2563	2.7231202
2564	2.4087377
2565	-3.744646
2566	4.033016
2567	1.970816
2568	0.5884142
2569	2.346255
2570	3.5933309
2571	3.8191998
2572	-0.62713444
2573	4.2432737
2574	2.9306545
2575	2.6571982
2576	-3.9259613
2577	-8.73221
2578	2.9727664
2579	-3.7229867
2580	3.1922202
2581	2.5098028
2582	0.5956107
2583	1.4546239
2584	-1.239135
2585	1.8892168
2586	2.2837145
2587	-4.7818637
2588	3.2139225
2589	3.5889335
2590	-2.9162993
2591	-2.9399824
2592	2.7224693
2593	2.9314125
2594	3.1697316
2595	3.992145
2596	-10.549429
2597	1.4698824
2598	2.853706
2599	-7.006833
2600	-1.0211008
2601	3.4046383
2602	2.3771935
2603	-2.6305115
2605	-2.7427945
2606	-1.293496
2607	-7.43181
2608	3.3226457
2609	2.2831323
2611	-10.561514
2612	2.6977189
2613	1.6367363
2614	3.6621125
2615	-0.82731235
2616	2.8374443
2617	-1.7922366
2620	-0.20021787
2622	1.9651788
2623	3.4453874
2624	2.5303078
2625	0.7301844
2626	-1.0555083
2627	0.5793932
2628	-0.65925854
2629	-5.745599
2630	-0.87816066
2631	3.969474
2632	-1.8672202
2633	-2.9901328
2634	2.837596
2635	-0.19416516
2636	3.3638713
2637	3.3468273
2638	0.6622963
2639	-3.3242238
2640	-8.196875
2641	3.2734094
2642	-7.3185563
2643	2.489439
2644	-2.0538003
2645	-1.705397
2646	1.2274036
2647	-17.405582
2648	2.7194927
2649	1.8452547
2650	1.9277942
2651	-0.70936835
2652	-3.82262
2653	2.5456395
2654	-3.0876946
2655	-2.607864
2656	-1.6800306
2657	-0.9437579
2658	-0.94034576
2659	-2.7627459
2660	1.8162947
2661	3.9423409
2662	2.9508955
2663	4.430227
2664	2.5328426
2666	2.3390167
2667	-5.192485
2668	-1.3013309
2669	1.8701668
2670	-9.298244
2671	3.084148
2672	-1.2714889
2673	3.4457746
2674	2.392276
2675	3.481667
2676	2.614348
2677	3.1733842
2678	1.7025058
2679	1.0287675
2681	-4.358676
2682	-7.291555
2683	1.5573514
2685	-7.067575
2686	3.3558745
2687	2.5934575
2688	3.7919583
2689	3.0896707
2690	2.2797675
2691	1.3456297
2692	4.2023344
2693	-10.834763
2694	1.861816
2695	-2.9486125
2696	2.8476822
2697	-0.8261577
2698	-3.9556148
2700	3.6435554
2701	4.3457046
2702	1.5143834
2703	-2.792619
2705	1.8302336
2706	2.0310302
2707	-3.8966622
2708	-2.9473004
2709	1.8630955
2712	1.2702557
2713	-8.050233
2714	2.948429
2715	-0.6022624
2716	-1.2220491
2717	-17.089115
2718	3.0888085
2719	0.27784902
2721	3.938479
2722	3.252872
2723	0.7242923
2724	2.4925835
2725	0.89574564
2726	3.598906
2727	1.3192418
2728	-5.0363026
2729	-10.257311
2730	2.4672885
2731	-0.50053185
2732	3.683363
2733	3.817948
2734	0.5482494
2735	-4.382016
2736	5.7533407
2737	2.2206995
2738	0.7593047
2739	1.1397775
2741	-1.7211883
2742	4.060592
2743	4.041753
2745	1.3904511
2746	3.7527714
2747	-0.35210493
2748	1.1236551
2749	3.1454377
2750	-0.6740028
2752	3.2326336
2753	0.88628614
2755	3.7335587
2756	-0.5138595
2757	3.0114594
2758	3.9756997
2759	2.245244
2760	2.421056
2761	-1.3615009
2762	2.2607877
2763	4.0510635
2765	2.7931025
2766	-2.9939103
2767	-3.3610435
2768	3.2269497
2769	1.1961924
2771	-9.8022785
2772	-4.142436
2773	3.1551206
2774	2.9218805
2775	-0.01489296
2777	-0.8077146
2778	-0.9680337
2779	3.6897597
2780	-3.6965194
2782	2.6213195
2783	-1.0815601
2785	-2.673388
2786	-2.1151683
2787	1.7113415
2788	3.98484
2789	1.86151
2790	0.85094225
2791	2.0370655
2792	-7.400199
2793	2.632584
2795	1.727164
2796	-9.46866
2797	2.847561
2798	4.0779366
2799	1.6568199
2800	1.3825352
2801	2.5292065
2802	3.9755783
2803	1.4610366
2805	-3.7545714
2806	-8.974991
2807	2.7441642
2808	0.9271391
2809	-2.6601787
2810	-1.1502187
2811	3.8109918
2812	2.713999
2813	-3.670601
2815	1.9113781
2816	3.6324096
2817	4.034864
2818	3.2391648
2819	-10.189255
2820	-0.0005450964
2821	1.5637228
2822	2.1617894
2823	-4.1464396
2824	-10.849765
2825	3.6313248
2826	3.5194016
2827	-17.734297
2828	-2.0616844
2829	-10.984498
2830	3.6482575
2831	3.3256996
2832	3.0036018
2833	2.6065567
2835	-1.0153456
2836	0.6331061
2837	-0.28737924
2838	2.8989654
2839	3.3612323
2840	4.767544
2841	3.410518
2842	2.2969596
2843	-7.182284
2845	-1.3158232
2846	0.2922402
2847	2.4503129
2848	1.2015978
2849	2.4930043
2850	-1.9942214
2851	0.6969973
2852	0.09374559
2853	3.7157588
2855	-4.801676
2856	0.7211855
2857	-4.6641746
2858	0.44184214
2859	3.0892112
2860	2.8909645
2861	-8.964132
2862	0.8812693
2863	1.6040828
2864	-3.2938728
2865	-5.91662
2866	1.9573435
2867	4.7578583
2868	1.0409374
2869	-1.158302
2870	3.914044
2871	-1.8475071
2872	-0.8499077
2873	-5.5185475
2875	-0.66021085
2876	-0.44019824
2877	2.1997938
2878	-1.5297511
2879	2.8660765
2880	4.0774546
2881	-4.1389074
2882	1.4038603
2883	-1.00915
2884	3.023294
2885	0.549802
2886	-1.0858096
2887	-0.5311675
2888	-10.033037
2889	-2.4619575
2890	-4.352451
2891	-0.12714803
2892	-4.445321
2893	2.4250464
2895	1.6524082
2896	-5.2680755
2897	-5.657505
2898	-6.1157727
2899	2.7165532
2900	2.260856
2901	3.2146926
2902	-7.0054154
2903	-3.6104805
2905	-4.6483965
2906	1.7344246
2907	-1.1632586
2908	2.3721101
2909	2.8722339
2910	3.5790062
2911	4.7263823
2912	2.1976388
2913	-0.42740053
2915	-12.406718
2916	2.0990167
2917	-0.93100625
2918	2.8225193
2919	-16.279247
2920	0.1845642
2921	3.6775959
2922	-1.9503145
2923	0.5099228
2925	2.1108394
2926	4.116662
2927	-3.859117
2928	-0.25004578
2929	1.0736374
2930	4.3711805
2931	1.6946113
2932	-3.4120781
2933	2.0797534
2935	0.14171748
2936	3.2841256
2937	1.8284569
2938	1.7858543
2939	4.1366673
2940	-0.3558743
2941	-1.3806279
2942	3.158916
2943	0.36099896
2945	3.0650551
2946	3.8428864
2947	-1.4667614
2948	3.84401
2949	3.021254
2950	3.985148
2951	2.9107754
2952	-13.645971
2953	2.6334963
2955	0.6562606
2956	4.0390096
2957	-0.0972708
2958	3.4759896
2959	2.376295
2960	2.0442467
2961	-1.1061943
2962	-4.822477
2963	-0.20359948
2965	1.8888572
2966	3.2398503
2967	0.41213736
2968	-2.6293476
2969	3.4226594
2970	0.16951346
2971	4.4253335
2972	-0.86839277
2973	-0.3521098
2975	-1.1213324
2976	-0.12886867
2977	-6.175416
2978	0.80966663
2979	-8.913469
2980	-1.6311455
2981	-3.9767063
2982	-2.1593833
2983	1.3546956
2984	1.7283863
2985	0.57315606
2986	-3.8968506
2987	-9.099287
2988	1.0637908
2989	0.41844192
2990	1.5212538
2991	0.19851233
2992	1.5998695
2993	4.4124103
2995	-3.0871134
2996	2.6669421
2997	2.550778
2998	2.9869714
2999	2.5880127
3000	-1.548513
3001	-14.516652
3002	-3.7244563
3003	3.803254
3004	-1.7317604
3005	-3.2621093
3006	1.6960576
3007	1.392046
3008	-0.041422926
3009	0.12201848
3010	-1.5695126
3011	2.960248
3012	3.9722385
3013	2.9316115
3015	-6.62955
3016	3.8628647
3017	3.9019115
3018	3.507173
3019	-0.28944567
3020	3.653408
3021	-2.1347947
3022	3.2138467
3023	2.4850707
3025	0.9567602
3026	-22.157953
3027	-0.505575
3028	1.5217943
3029	-5.9701953
3030	3.2468827
3031	0.3316595
3032	-4.59969
3033	1.2845522
3035	3.3145492
3036	4.027526
3037	-1.7336222
3038	1.6515086
3039	2.5705159
3040	-0.3807714
3041	2.7957973
3042	2.0983868
3043	-4.061347
3816	4.733598
300001	0.8424695
300002	2.6408854
300003	3.1145477
300004	-12.375755
300005	-7.584689
300006	2.3930287
300007	-1.1245903
300008	-0.07663004
300009	3.455484
300010	-7.4662323
300011	-13.138293
300012	1.82341
300013	-21.223536
300014	2.0629883
300015	1.3340724
300016	2.6446493
300017	2.008105
300018	1.7864492
300019	2.336228
300020	-2.499324
300021	0.8623192
300022	-0.8838585
300024	1.9947364
300025	-0.8298441
300026	-2.0606399
300027	-28.026505
300029	-5.8905954
300030	-6.3420396
300031	-2.8415368
300032	-15.9557705
300033	-0.9742031
300034	0.420891
300035	2.0114756
300036	-2.311337
300037	2.6569889
300039	-0.28065377
300040	-5.187507
300041	-4.8304186
300042	-11.817173
300043	-9.240452
300044	-3.6831863
300045	-5.478218
300046	-1.0647638
300047	-3.2155814
300048	2.3077521
300049	2.1469493
300050	-31.291798
300051	-4.795186
300052	2.7305307
300053	-9.182945
300054	2.590015
300055	0.7736225
300056	0.49875244
300057	3.3450744
300058	3.0323288
300059	0.83754814
300061	-32.958607
300062	-1.5086349
300063	-10.2223015
300065	0.5240144
300066	-6.7712812
300067	2.244311
300068	3.0719414
300069	-4.5095315
300070	3.3363748
300071	-5.5951223
300072	0.3661376
300073	1.1179781
300074	-2.5154974
300075	1.6172699
300076	-11.021098
300077	-6.4245377
300078	-24.971807
300079	-16.601645
300080	-3.9568276
300081	-2.9311078
300082	-12.505742
300083	2.8041193
300084	1.8772037
300085	0.48798546
300086	-0.3546408
300087	-2.150958
300088	-0.8502989
300091	-5.1886644
300092	-10.458606
300093	-2.420871
300094	-7.084254
300095	1.3471806
300096	-6.291213
300097	-5.438039
300098	-8.438776
300099	-6.024066
300100	-5.3178835
300101	0.6505501
300102	-4.8791785
300103	-3.7347436
300105	1.7226139
300106	1.6015371
300107	-5.929643
300108	-8.739914
300109	1.9655561
300110	-8.46137
300111	-10.520897
300112	3.0173202
300113	-8.296283
300114	-0.3094491
300115	-0.36228544
300117	-4.8525577
300118	-4.225354
300119	2.954125
300120	0.11953912
300121	1.4642069
300122	2.1025288
300123	-4.5721974
300124	3.7227302
300125	-32.730156
300126	3.3939362
300127	2.2840679
300128	-4.1470165
300129	0.13406113
300130	-8.536976
300131	-17.774923
300132	-5.46066
300133	-2.5131629
300134	1.4553832
300135	-1.2423543
300136	-0.54399145
300137	0.7589852
300138	1.3169043
300139	-15.212344
300140	2.2203774
300141	-1.3024638
300142	1.4417617
300143	3.360078
300144	-0.2745227
300145	3.1518085
300146	3.8530145
300147	-29.006872
300148	-17.124207
300149	-10.033867
300150	-12.126913
300151	2.6848242
300152	-4.79825
300153	-3.0474584
300154	3.6661923
300155	-7.9054213
300157	-17.12611
300158	-4.363786
300159	-12.407847
300160	2.2949653
300161	-3.2814116
300162	-7.341401
300163	-3.669455
300164	-4.2052603
300165	-11.289195
300166	2.6102862
300167	-1.8604717
300168	-4.413755
300169	-12.389453
300170	3.147211
300171	2.6399672
300172	-8.157816
300173	1.0247532
300174	2.952738
300175	0.70859814
300176	0.82145804
300177	-6.207176
300179	-5.4465933
300180	-15.013605
300181	3.2291553
300182	-2.0340838
300183	-9.8409605
300184	-28.9128
300185	3.6743343
300187	-7.8035
300188	2.1128907
300189	-12.480579
300190	3.6464577
300191	1.1967956
300192	-15.164658
300193	3.7609634
300194	0.42549625
300195	1.5956612
300196	3.1616168
300197	-1.2832865
300198	-4.935548
300199	-1.9347963
300200	1.5773429
300201	2.4166589
300203	2.3431761
300204	-11.417978
300205	0.44267678
300206	3.562601
300207	-1.5101444
300208	-3.7030373
300209	0.36676764
300210	-0.35931128
300211	-16.411768
300212	1.9023485
300213	-4.778055
300214	2.439097
300215	-6.128021
300217	-0.6567172
300218	-1.174622
300219	-3.5127442
300220	2.745489
300221	-1.7384307
300222	-1.2903998
300223	3.379298
300224	3.1875312
300225	-0.63810277
300226	-2.5605903
300227	-0.17766474
300228	-4.718205
300229	1.3935113
300230	3.7469654
300231	1.1704788
300232	0.7523897
300233	5.079454
300234	1.99182
300235	-3.2519321
300236	1.206013
300237	-2.7657561
300238	-1.1592611
300239	3.4372895
300240	-6.035287
300241	-11.610045
300242	-15.427279
300243	-2.1368926
300244	-0.33798128
300245	-3.4065368
300246	3.4467652
300247	3.5863934
300248	1.5683728
300249	0.50788236
300250	-1.9309824
300251	1.3370539
300252	-12.706609
300253	0.15209079
300254	-8.455302
300255	0.49281973
300256	-32.047497
300257	2.61183
300258	2.0433946
300259	-7.2079225
300260	0.12660992
300261	-8.422697
300263	-1.2028414
300264	-9.148686
300265	-4.1763024
300266	-8.902795
300267	-4.143602
300268	1.6055065
300269	-25.204617
300270	-1.1886611
300271	2.619504
300272	2.5699697
300274	3.0253987
300275	0.036546458
300276	-2.5382266
300277	3.839672
300278	-0.35594186
300279	-3.6624897
300280	-2.646914
300281	-8.472064
300283	2.0251207
300284	-5.583022
300285	3.300457
300286	2.5367057
300287	-9.970471
300288	-1.5643715
300289	-0.54900956
300290	-2.5381422
300291	0.8338478
300292	-4.038293
300293	-5.4576626
300294	4.593945
300295	-5.898758
300296	-14.026148
300298	4.031266
300299	-30.697474
300300	-7.969854
300301	1.905579
300302	-0.8342937
300303	3.6967235
300304	0.9146818
300305	2.4179633
300306	1.6698958
300307	0.9683878
300308	4.453743
300310	-12.117728
300311	5.6080093
300313	-3.725436
300314	1.4617655
300315	0.4847135
300316	3.209069
300317	1.5173342
300318	-13.718259
300319	-1.9709189
300320	1.1260207
300321	-0.68492335
300322	-12.723288
300323	-12.455721
300324	-5.145251
300326	-0.90463006
300327	-0.719687
300328	-26.843634
300329	-10.095422
300331	-3.2039146
300332	3.1353092
300333	-1.9992157
300334	-12.226153
300335	1.647707
300337	-4.132496
300338	-2.893091
300339	-1.9675581
300340	-1.674853
300341	2.801535
300342	-7.9571443
300343	1.4599257
300344	-4.0647554
300345	-0.09006579
300346	-3.193835
300347	3.1668966
300348	-4.062045
300349	-6.796195
300350	-1.1726632
300351	-2.1065211
300352	3.179662
300353	-7.4043555
300354	2.336525
300355	1.2195282
300357	2.4448898
300358	3.0243149
300359	-11.92684
300360	0.7655672
300363	0.32990295
300364	-5.0827103
300365	2.3882794
300366	-3.4399447
300368	-6.402257
300369	1.1353995
300370	-7.2452416
300371	-23.917078
300373	0.86254585
300374	0.021602448
300375	-0.57382274
300376	0.10294495
300377	-9.819513
300378	2.0459507
300379	-13.939756
300380	-7.9198875
300381	-4.7353325
300382	1.8498609
300383	3.183032
300384	-0.3190039
300385	-15.755972
300386	-8.734941
300387	-3.0936217
300388	4.2638965
300389	2.935376
300390	1.5065567
300391	0.40378562
300393	0.37014103
300394	-1.3001034
300395	2.3560538
300396	-2.1178865
300397	-2.2865424
300398	-4.3185873
300399	-18.040148
300400	-3.2115693
300401	-4.9445286
300402	-3.384028
300403	-3.6679866
300404	-1.9618464
300405	3.2022824
300406	2.58587
300407	-2.8193173
300408	3.4785874
300409	2.6454968
300410	-12.794545
300411	-5.4634666
300412	-12.739
300413	3.4756687
300414	1.9164617
300415	0.5768574
300416	-5.2541676
300417	-3.6945329
300418	-4.1106253
300419	-3.896185
300420	-1.1078875
300421	-4.0086217
300422	0.13358884
300423	0.37020114
300424	-3.8683045
300425	2.2459645
300426	-9.629808
300427	-0.19791809
300428	3.099705
300429	-2.420792
300430	-4.9046702
300432	-3.50833
300433	1.9105343
300434	2.3095574
300435	3.25051
300436	-29.192215
300437	-3.2802887
300438	0.31043783
300439	-3.532679
300440	1.9236828
300441	1.4751476
300442	-1.8363981
300443	-2.7058444
300444	1.3293201
300445	2.0880191
300446	-4.3185263
300447	-3.094527
300448	-10.9746275
300449	-1.5295193
300450	1.8653101
300451	-2.0457473
300452	3.3798656
300453	3.2641177
300454	2.019344
300455	-5.3090267
300456	-5.7460523
300457	-0.21796927
300458	-9.796688
300459	-1.7461841
300460	-19.871372
300461	-9.535994
300462	0.5287074
300463	-5.2443094
300464	-10.710566
300465	-12.062214
300466	-4.1818366
300467	-8.781861
300468	-13.3785095
300469	-2.2602348
300470	2.6635659
300471	-16.613855
300472	-28.509846
300473	-7.305999
300474	0.2150167
300475	0.72675407
300476	3.691759
300477	-6.90491
300478	-15.053476
300479	-1.5733353
300480	-6.941362
300481	2.1933002
300482	1.5736166
300483	-1.6610845
300484	-3.9786885
300485	-1.9524238
300486	-1.211931
300487	1.3105838
300488	3.4518394
300489	-0.9315564
300490	-4.754442
300491	-1.1782
300492	0.11150112
300493	-4.679122
300494	-9.476458
300496	-0.5064889
300497	-0.4455572
300498	2.7065551
300499	-4.041785
300500	-4.699614
300501	-2.0859494
300502	2.7202516
300503	-4.8278666
300504	-23.360102
300505	-0.29807776
300506	2.86005
300507	-0.06527011
300508	-1.1199263
300509	4.1622005
300510	2.8803053
300511	-21.612278
300512	-1.9642322
300513	1.0329015
300514	0.27430168
300515	1.9829906
300516	0.35387367
300517	0.04186847
300518	-25.322392
300519	-8.099046
300520	-3.3664367
300521	2.1944249
300522	1.3462003
300523	1.1270972
300525	1.0587883
300527	3.636087
300528	-11.001594
300529	1.7680279
300530	0.032333802
300531	-16.93015
300532	-11.918503
300533	-11.0164175
300534	-1.56069
300535	2.5173075
300536	4.7148647
300537	-2.5409007
300538	-2.506491
300539	-7.082383
300540	1.2305454
300541	-4.8518186
300542	-10.566577
300543	-11.578666
300545	-2.0696251
300546	-4.4486265
300547	0.13043591
300548	-5.2946115
300549	-2.204526
300550	-0.36662275
300551	-5.8708696
300552	-6.0716257
300553	-1.8114729
300554	-5.221868
300555	3.8257174
300556	-11.566883
300557	-2.5515437
300558	2.1586258
300559	-3.8534858
300560	-7.9051237
300561	-6.7149453
300562	1.4949026
300563	-7.6517043
300564	-10.500874
300565	-2.4298625
300566	-0.25946242
300567	-0.32014722
300568	2.0369391
300569	0.39298797
300570	-2.9155335
300571	-1.2348423
300572	-3.6650085
300573	5.9250565
300575	1.5569255
300576	-2.137415
300577	2.3248487
300578	0.08509357
300579	-4.002579
300580	-4.451101
300581	-3.3342712
300582	-4.1069646
300583	-11.729679
300584	-27.706532
300585	-10.112593
300586	1.7657204
300587	2.2292237
300588	0.9506456
300589	-3.081752
300590	-1.9712656
300591	-6.7204895
300592	3.19009
300593	1.2056744
300594	-1.993983
300595	2.2329233
300596	-2.0102208
300597	1.0700948
300598	-6.554306
300599	-3.3845582
300600	1.5389955
300601	1.4189099
300602	-2.2127652
300603	-1.1552471
300604	-0.75534093
300605	-2.8163981
300606	-2.2884948
300607	-0.28758565
300608	1.2870281
300609	-9.8311825
300610	0.9788302
300611	-4.3165994
300612	1.9923029
300613	-6.6706457
300614	0.44262904
300615	-15.537892
300616	2.3016446
300617	0.594401
300618	-0.20750132
300619	-14.6713915
300620	0.15990297
300621	-2.1357071
300622	-33.0138
300623	-0.4762513
300624	0.6125871
300625	-0.4345745
300626	1.5755787
300627	-0.26348048
300628	2.983345
300629	0.6347149
300630	-28.957144
300631	-0.46956682
300632	-8.4387
300633	3.2375278
300634	5.003202
300635	0.9661285
300636	1.6879095
300637	-5.2326417
300638	1.3237443
300639	-28.381826
300640	4.1419473
300641	1.8767611
300642	-24.179401
300643	-1.3926094
300644	-2.6644883
300645	-0.7942239
300647	-18.907484
300648	0.6247108
300649	-1.9870937
300650	-2.41283
300651	-2.3134398
300652	2.0628345
300653	-1.0588162
300654	-1.978653
300655	1.5799263
300656	-11.025717
300657	0.04705696
300658	3.6363864
300659	2.126656
300660	0.79264975
300661	2.9770944
300662	1.7884884
300663	-3.8675365
300664	4.0124207
300665	-11.055795
300666	-0.9870965
300667	-0.3444762
300668	0.7643528
300669	2.3628933
300670	0.05006496
300671	-6.069421
300672	1.4999045
300673	-0.119451
300674	-0.24805209
300675	-5.931272
300676	2.9533515
300677	-0.14233527
300678	1.0941546
300679	0.6211868
300680	-3.5856025
300681	-1.127595
300682	1.6658195
300683	-3.2483444
300684	-1.0267465
300685	3.7263534
300686	-4.0709248
300687	1.3594923
300688	-3.9592152
300689	-2.5279121
300690	-3.0657218
300691	-8.789709
300692	-1.0269394
300693	-1.7606026
300694	3.8868623
300695	-2.1069674
300696	-3.5720024
300697	0.081769265
300698	1.4780645
300699	2.7307808
300700	0.93697864
300701	-0.26312342
300702	3.0307977
300703	3.0870562
300705	2.814405
300706	-2.268886
300707	-3.8022232
300708	-2.9355478
300709	-3.1796532
300710	-4.4388433
300711	-6.3120565
300712	3.1101184
300713	-7.014702
300715	3.5407906
300716	-14.824442
300717	2.9379761
300718	-20.558517
300719	-4.705301
300720	-22.694523
300721	-0.25851062
300722	-10.097077
300723	4.5064707
300724	2.4266472
300725	1.1262624
300726	-4.0198674
300727	-1.5290096
300729	1.2060702
300730	-5.259311
300731	-6.621183
300732	-5.6250525
300733	-1.9393933
300735	-4.0790243
300736	-3.5986404
300737	0.9994379
300738	-1.0859563
300739	-2.2321584
300740	1.26839
300741	3.8373818
300743	0.9274559
300745	0.9600792
300746	-0.510277
300747	1.0652058
300748	2.957344
300749	3.9130092
300750	3.6622193
300751	4.655122
300752	-2.739836
300753	0.106171146
300755	2.6268592
300756	1.0741719
300757	-4.953891
300758	-2.5758138
300759	2.9702659
300760	4.139825
300761	2.4782772
300762	-4.6116524
300763	1.0920186
300765	0.6201708
300766	2.7904985
300767	0.7571513
300768	1.799707
300769	1.4585551
300770	3.5065415
300771	-5.602714
300772	-1.2543045
300773	-2.3446565
300774	-6.320135
300775	-1.4547062
300776	-0.34699962
300777	2.37806
300778	-5.975721
300779	3.6714299
300780	-7.457017
300781	-4.918434
300782	1.3644569
300783	-0.60088885
300785	1.702499
300786	0.71628886
300787	0.97540456
300788	-20.536549
300789	-5.30457
300790	-1.5780942
300791	3.9473252
300792	1.0253265
300793	-8.406822
300795	1.40531
300796	3.4842663
300797	1.9899902
300798	1.6623837
300800	-1.8533663
300801	2.3486152
300802	1.3008702
300803	-4.6737065
300804	-2.6776783
300805	-6.296046
300806	-3.7087734
300807	-4.797653
300808	0.94420755
300809	-4.615432
300810	-4.952073
300811	0.037509106
300812	-0.60682094
300813	-1.8346598
300814	-0.028993737
300815	2.5761762
300816	2.7086656
300817	-11.603529
300818	0.17181489
300819	2.5575356
300820	-6.6700897
300821	3.0801418
300822	-3.7020507
300823	1.3734277
300824	-1.6725518
300825	-4.209058
300826	-3.3970299
300827	-8.903242
300828	-8.2096195
300829	2.8784068
300830	1.9914354
300831	0.13911024
300832	3.7705142
300833	1.741462
300834	0.19247445
300835	-1.348489
300836	-3.4850674
300837	2.6438642
300838	3.9978447
300839	-11.03302
300840	0.10540956
300841	0.9737198
300842	-0.54478574
300843	-1.5693241
300844	-7.70061
300845	-4.718347
300846	-2.1058154
300847	-1.4799054
300848	1.9536762
300849	3.565623
300850	-4.4522333
300851	-12.655334
300852	-0.43756995
300853	-27.743256
300854	-3.4757907
300855	2.7228575
300856	2.8179293
300857	1.9605166
300858	2.1844401
300859	1.0643718
300860	-3.9896317
300861	3.806313
300862	-1.2550918
300863	-1.8278564
300864	3.4844937
300865	-1.6674172
300866	0.599049
300867	3.6947331
300868	-8.190473
300869	2.1285384
300870	0.6039643
300871	3.3208725
300872	-2.72438
300873	1.7314165
300875	-22.276922
300876	2.4255364
300877	4.051673
300878	-4.9236712
300879	-3.446605
300880	-6.2874565
300881	-1.7086527
300882	-0.06264643
300883	3.9146762
300884	1.9111569
300885	-10.24317
300886	-1.3022896
300887	-12.490418
300888	3.0739563
300889	1.3943142
300890	-1.2202766
300891	-13.447459
300892	-5.390291
300893	1.0599711
300894	-3.6207223
300895	-2.796056
300896	1.9063994
300897	-11.096458
300898	-0.2740121
300899	-1.6151699
300900	-3.4035316
300901	2.6979077
300902	-0.7366916
300903	-2.6129098
300904	-5.74005
300905	-0.67366344
300906	-0.060741317
300907	2.7930875
300908	0.9872502
300909	1.9446747
300910	2.0372903
300911	1.6014858
300912	-2.5205886
300913	0.04448812
300915	2.5662315
300916	0.8282663
300917	-9.645913
300918	1.8135989
300919	3.1826556
300920	3.283764
300921	-7.6380363
300922	-2.2906494
300923	-9.481114
300925	-1.2246438
300926	-0.1300518
300927	-19.49404
300928	-0.40231127
300929	1.1246665
300930	-2.9031835
300931	-1.0925
300932	-0.19309895
300933	1.7538908
300935	-0.58915055
300936	-1.0713211
300937	-1.3321587
300938	-1.9862394
300939	-2.8298378
300940	-0.48949385
300941	-1.1238234
300942	-10.872065
300943	-7.7914987
300945	-3.583009
300946	-2.893924
300947	-6.1402025
300948	2.653503
300949	-3.2825222
300950	0.042514086
300951	-4.5002728
300952	2.0334368
300953	1.7385395
300955	-7.705987
300956	-1.2027395
300957	3.5028954
300958	-3.7512074
300959	2.1000192
300960	-5.738172
300961	-0.88395995
300962	2.9269328
300963	-6.20959
300964	-8.578699
300965	0.39076504
300966	0.80275977
300967	-2.6777422
300968	-8.270846
300969	-2.1171825
300970	-10.278072
300971	-8.618455
300972	-22.220001
300973	1.260668
300975	-3.2997193
300976	-4.6600437
300977	-5.0309167
300978	-3.8105125
300979	6.0413666
300980	-2.9591947
300981	-2.600487
300982	2.2645316
300983	-2.099189
300984	2.2019837
300985	-12.202694
300986	-9.045169
300987	3.7063885
300988	-0.2743484
300989	-4.6981025
300990	-1.8633726
300991	-1.5542563
300992	3.2647176
300993	3.671589
300994	-0.084386826
300995	1.6593714
300996	-1.9866186
300997	2.5209641
300998	2.8934987
300999	2.373779
301000	-0.4448604
301001	-9.627385
301002	2.493123
301003	1.0553797
301004	1.7115669
301005	-5.18613
301006	1.4395765
301007	-6.2052855
301008	-1.8021934
301009	3.4348779
301010	-12.455446
301011	-7.3575883
301012	-0.3674597
301013	-1.1308005
301015	3.8072248
301016	-26.832952
301017	-1.935347
301018	0.22571003
301019	3.8175023
301020	0.40953565
301021	-6.6111093
301022	-0.20709792
301023	-5.43834
301024	-4.5466013
301025	-4.894667
301026	-1.767626
301027	-1.4270005
301028	3.6955502
301029	0.82687414
301030	-2.8111014
301031	0.7880751
301032	-0.1094766
301033	-0.9245159
301035	3.464201
301036	-5.4464827
301037	3.220904
301038	-4.1780276
301039	1.5280778
301040	-12.193229
301041	-1.331625
301042	1.2405194
301043	2.5152762
301045	-3.094631
301046	-0.9958849
301047	2.181319
301048	-4.336482
301049	0.70176756
301050	-0.87932444
301051	-3.5134492
301052	-6.3846154
301053	0.06445275
301055	0.19830194
301056	0.24948113
301057	-1.7608429
301058	1.9909223
301059	-2.92843
301060	-27.125528
301061	1.4223437
301062	0.43911242
301063	-4.573151
301065	-2.7556639
301066	-2.8835123
301067	-9.092479
301068	0.13700524
301069	2.2989602
301070	-7.4992194
301071	-2.5675642
301072	-0.8879014
301073	-3.1630647
301075	-12.559275
301076	-0.37487227
301077	1.9223135
301078	0.5046594
301079	-13.009733
301080	-5.141181
301081	1.3989599
301082	-4.32488
301083	-0.42208195
301085	-5.107863
301086	-10.79174
301087	-5.7373314
301088	-0.21635556
301089	-9.320962
301090	3.3011398
301091	-6.846631
301092	-2.0321696
301093	2.030458
301095	1.0312736
301096	4.0955367
301097	-5.379137
301098	3.6998668
301099	-7.4773207
301100	-3.1662252
301101	-25.656473
301102	1.9283445
301103	1.0024316
301105	2.5045393
301106	3.5590713
301107	0.28931454
301108	1.8772529
301109	3.8556075
301110	-1.6499964
301111	0.7188011
301112	-5.299453
301113	3.1952415
301115	-3.8421884
301116	0.94754773
301117	-7.153057
301118	-3.4958382
301119	-1.8924128
301120	0.08903215
301121	-6.704342
301122	3.043911
301123	-3.4851546
301125	-1.6539103
301126	0.15253176
301127	-7.590584
301128	-7.038417
301129	-2.2471275
301130	-14.408857
301131	-0.69413996
301132	-5.491274
301133	-3.6058934
301135	-1.245112
301136	-14.172175
301137	-4.10965
301138	-3.1502008
301139	1.1087267
301141	-1.8348563
301148	-9.226096
301149	1.4542661
301150	-0.8728984
301151	-16.869448
301152	-1.1706357
301153	-1.2922442
301155	-2.345466
301156	-5.617619
301157	-4.211437
301158	-2.1756082
301159	-3.6960728
301160	2.2206604
301161	-0.75425833
301162	1.1468916
301163	-2.6022732
301165	3.5934296
301166	-11.784077
301167	-5.8856254
301168	-0.45801893
301169	-5.148196
301170	0.3889237
301171	-0.02292033
301172	-6.584264
301175	2.638328
301176	-4.9082966
301177	1.5024856
301178	-4.099539
301179	-1.2341907
301180	-3.6988704
301181	-6.0527263
301182	-18.8267
301183	-4.293529
301185	1.6962597
301186	-2.9645782
301187	-0.625591
301188	1.7678719
301189	-3.5795338
301190	0.22270858
301191	-3.1686888
301192	0.27146265
301193	1.307431
301195	-2.0597806
301196	2.6593037
301197	-1.7902702
301198	-10.447219
301199	-3.3682907
301200	2.6505792
301201	0.9268023
301202	-2.824775
301203	-1.1315691
301205	0.4193198
301206	3.7641354
301207	-2.0636961
301208	-9.9728365
301209	-5.5735765
301210	-0.81082857
301211	-5.3791995
301212	-4.5132446
301213	-4.856192
301215	0.349259
301216	3.0414557
301217	-1.6194515
301218	-4.2320304
301219	-0.50391304
301220	-4.6267805
301221	-2.407917
301222	0.73028356
301223	2.641255
301225	-0.8651309
301226	-3.9619737
301227	3.9955997
301228	-11.605051
301229	2.9308724
301230	-6.1190863
301231	-3.2916565
301232	-8.545779
301233	-3.3806615
301234	-5.545983
301235	3.2497945
301236	-4.0351276
301237	-0.35752204
301238	1.1367339
301239	-1.3225579
301246	0.20141211
301248	-2.8235745
301251	-2.2931046
301252	-2.3531568
301255	-5.5795646
301256	3.3800101
301257	0.3328188
301258	-2.765829
301259	-1.4915841
301260	-1.6651766
301261	-5.8143497
301262	2.7982593
301263	2.490662
301265	0.57031214
301266	-7.231229
301267	2.843585
301268	-0.30017427
301269	2.2604911
301270	-2.7417724
301272	-0.034569122
301273	-3.082047
301276	2.6332657
301277	-0.83429444
301278	-3.3052592
301279	-3.3991532
301280	-0.9160341
301281	-2.1689925
301282	-5.005126
301283	1.655019
301285	-1.648481
301286	2.4075112
301287	0.8033441
301288	-31.231121
301289	-2.8928306
301290	2.5584424
301291	1.5266483
301292	2.5818553
301293	2.7926755
301295	-4.992263
301296	3.0755367
301297	-1.6130615
301298	1.5975609
301299	0.17329751
301300	-2.4165273
301301	-3.1562352
301302	0.8641168
301303	3.3588002
301305	2.9716573
301306	-7.5181074
301307	-0.61548084
301308	0.15242535
301309	-2.1642222
301310	0.7159638
301311	-0.6833104
301312	-10.472284
301313	-1.6794226
301314	-6.8275514
301315	-7.4124994
301316	-10.043764
301317	-0.7695706
301318	-1.5970517
301319	-6.981917
301320	-1.3949118
301321	1.6089157
301322	3.13784
301323	1.2812264
301325	2.1927464
301326	-1.9127667
301327	2.1327636
301328	-6.936474
301329	-2.436533
301330	-0.5008891
301331	-1.4205941
301332	0.83648455
301333	-3.384851
301335	3.7800152
301336	1.5710386
301337	-1.025379
301338	-5.9456434
301339	-2.3471923
301345	-0.5163416
301348	3.2267272
301349	3.685266
301353	-2.5002556
301355	-2.1411448
301356	1.647618
301357	-3.5295372
301358	3.733286
301359	0.11255606
301360	-10.597778
301361	-5.6922235
301362	2.3362267
301363	2.9628835
301365	-1.9985527
301366	-5.297717
301367	3.7569313
301368	-4.015454
301369	-22.092152
301370	-1.0896498
301371	0.8854302
301372	-1.5321963
301373	2.827478
301376	0.6154222
301377	-0.7389465
301378	1.5407617
301379	-3.1638176
301380	-2.452846
301381	1.0683842
301382	-4.646875
301383	-12.171893
301386	-1.9548876
301387	-5.4584017
301388	-3.1965678
301389	-2.5744662
301390	-0.3739961
301391	1.7916739
301393	-1.2115738
301395	1.4844563
301396	-8.33639
301397	-4.947072
301398	-4.4776144
301399	-9.226065
301408	-3.2169108
301413	-8.746276
301418	-1.6848269
301419	0.8326353
301421	-2.1469822
301428	-3.6267045
301429	1.7373692
301439	2.793218
301446	-8.331493
301448	-2.185572
301456	-1.6501598
301459	-0.79508066
301468	2.1085243
301469	-2.404078
301486	-13.619385
301487	2.9288936
301488	-4.592839
301489	-3.0242515
301498	1.364198
301499	-6.324441
301500	-3.0838122
301502	1.7272825
301503	-7.0335326
301505	-4.000227
301507	-6.740344
301508	-0.555682
301509	-3.8335998
301510	1.8797785
301511	6.85103
301512	-6.438001
301515	-1.6772306
301516	-5.5849533
301517	-5.8726587
301518	-0.7622895
301519	-1.463002
301520	-4.0328255
301525	1.2390919
301526	2.2252078
301528	-9.975682
301529	-0.68062294
301533	-3.5519283
301536	-4.1938677
301538	4.219921
301548	-7.7284365
301550	-13.983824
301555	-7.633615
301558	-3.2322993
301559	2.8039262
301566	-3.1148677
301567	-2.8800492
301568	-15.068947
301577	-1.7502031
301578	-29.51481
301587	1.8831522
301588	0.24545436
301589	2.9666064
301591	1.4992523
600000	5.7871313
600004	3.141937
600006	-2.7088661
600007	4.2001615
600008	4.0325027
600009	3.883469
600010	4.017511
600011	2.912388
600012	4.139231
600015	5.281825
600016	3.6523805
600017	4.227791
600018	5.6936007
600019	4.674296
600020	4.0103693
600021	1.499455
600022	4.3006263
600023	3.2693615
600025	5.2352614
600026	4.207331
600027	2.4649043
600028	5.090971
600029	4.002393
600030	3.1457365
600031	3.866918
600032	3.7885647
600033	3.1624599
600035	4.06875
600036	5.365306
600037	4.0243692
600038	3.1205883
600039	4.453038
600048	1.1668676
600050	4.8155565
600051	4.4922934
600052	1.838467
600053	0.6177028
600054	3.3032126
600055	4.015731
600056	2.8104818
600057	4.5964317
600058	3.3338501
600059	4.1229134
600060	3.2508626
600061	4.2040544
600062	3.4907951
600063	2.8552907
600064	4.4613814
600066	1.6265465
600067	3.276647
600070	-10.52426
600071	2.0480313
600072	2.6427617
600073	4.3212943
600075	4.4747763
600076	0.36384884
600078	4.7299967
600079	4.306936
600080	3.7019978
600081	2.5037236
600082	4.0748396
600083	0.70335406
600084	3.1842227
600085	2.9818423
600088	1.4455764
600089	3.7539515
600094	0.20422511
600095	-1.5663073
600096	4.2138085
600097	3.9672294
600098	3.7637506
600099	-0.8376048
600100	1.9242733
600101	-2.4896398
600103	3.47067
600104	3.9420342
600105	-9.647871
600106	0.13608894
600107	-4.152894
600108	3.5423388
600109	3.312781
600110	2.703728
600111	3.5821877
600113	0.65573573
600114	-2.5292287
600115	3.9514968
600116	3.8793397
600117	2.7985625
600118	-0.6066999
600119	-1.9433305
600120	4.5460043
600121	3.3496037
600123	2.872509
600125	2.2111478
600126	2.2869453
600127	2.4196029
600128	3.3653286
600129	2.9693563
600130	1.6588829
600131	4.533931
600132	2.325571
600133	4.7729187
600135	-0.34686986
600136	4.0103846
600137	2.6744125
600138	1.898946
600141	2.699099
600143	5.704726
600148	1.868885
600149	3.204083
600150	2.7094834
600151	-12.480039
600152	0.9717086
600153	3.0334754
600155	1.1512864
600156	3.9215798
600157	-0.53566015
600158	2.0248885
600159	0.15000913
600160	1.9197795
600161	3.7154517
600162	3.0343335
600163	3.5483005
600165	0.85065186
600166	-2.784993
600167	6.39256
600168	4.258605
600169	4.384372
600170	3.2573044
600171	-7.7119904
600172	-11.95653
600173	2.9923131
600176	3.109055
600177	5.101571
600178	-0.650659
600179	3.6783676
600180	4.2960205
600182	4.1986194
600183	1.6042111
600184	3.7200184
600185	1.0007795
600186	1.2996674
600187	-32.52948
600188	2.131669
600189	2.0544
600190	2.7903018
600191	3.3174195
600192	-14.344823
600193	2.921875
600195	2.7676735
600196	4.3163652
600197	3.3284688
600198	3.7241874
600199	-0.0897364
600200	-3.54005
600201	2.0634766
600202	3.9008827
600203	-2.0521452
600206	2.8140154
600207	-0.49350706
600208	2.9365668
600210	2.9081726
600211	3.505565
600212	3.5366836
600215	1.3102871
600216	-5.764252
600217	2.1409383
600218	2.3674989
600219	2.68743
600221	2.8694048
600222	-1.2950816
600223	4.0143037
600225	3.356446
600226	4.101858
600227	-1.6755533
600228	3.3166099
600229	4.537511
600230	0.5270057
600231	4.6980324
600232	3.912342
600233	4.259574
600234	0.9148032
600235	3.1394465
600236	3.6454606
600237	1.3176355
600238	1.1882612
600239	0.5023532
600241	3.4403565
600243	-3.9018397
600246	2.0266519
600248	5.086375
600249	3.4978917
600250	-7.5746183
600251	3.490638
600252	4.579934
600255	1.8479322
600256	3.9919822
600257	-2.267636
600258	1.9365561
600259	3.2188745
600261	4.5739017
600262	-1.600914
600265	0.23648205
600266	-3.3290858
600267	4.0045614
600268	3.4142628
600269	3.4452584
600271	1.7401386
600272	-3.397719
600273	5.4091926
600276	4.329117
600278	3.6189358
600279	4.8589582
600280	-2.8065515
600281	1.7100651
600282	2.8635583
600283	2.9862413
600284	3.42549
600285	3.178711
600287	2.870545
600288	0.28272206
600289	3.3769577
600292	4.0732718
600293	3.274732
600295	3.516929
600298	3.3512015
600299	4.3847556
600300	3.5111542
600301	-2.0805216
600302	4.4180136
600303	2.3449094
600305	4.2809052
600307	4.072961
600308	4.907341
600309	3.8553429
600310	0.0047809603
600312	1.8050239
600313	-0.54087985
600315	3.0996776
600316	-1.979858
600318	-0.63097185
600319	4.046642
600320	4.092219
600322	-10.447073
600323	3.1370232
600325	-0.9366007
600326	-22.66604
600327	3.7568862
600328	5.0375514
600329	2.7667797
600330	1.7275398
600331	1.7608945
600332	4.4112062
600333	4.4070597
600335	0.51657724
600336	-7.2181044
600337	4.808111
600338	-0.7955797
600339	4.2632065
600340	1.7601109
600343	-2.5026898
600345	-3.8563683
600346	4.176976
600348	2.517376
600350	5.838703
600351	0.16783828
600352	4.174789
600353	0.88886184
600354	0.49603957
600355	-8.800534
600356	3.8816528
600358	-5.3739486
600359	1.6456639
600360	-0.83466357
600361	-1.4474299
600362	1.0117667
600363	1.1653059
600365	2.8833425
600366	3.64869
600367	1.1285582
600368	3.0989795
600369	3.4359088
600370	4.345042
600371	2.2878766
600372	3.1515465
600373	3.6129563
600375	4.079108
600376	0.6195143
600377	5.674555
600378	4.1565795
600379	4.6687255
600380	3.5032258
600381	-0.04665313
600382	4.120445
600383	-6.6537313
600386	-4.6149287
600387	3.0792816
600388	3.4522521
600389	2.177457
600390	4.464226
600391	-1.1000298
600392	1.9944159
600395	5.400073
600396	-1.8296998
600397	-0.36331394
600398	3.3945377
600399	-0.54921496
600400	3.8064942
600403	4.4556417
600405	2.4127126
600406	3.6287792
600408	0.58190674
600409	2.3470187
600410	2.179429
600415	3.5029068
600416	3.6079628
600418	-0.83616865
600419	3.9408956
600420	3.5182996
600421	-8.573107
600422	4.0750127
600423	2.3809178
600425	2.9428048
600426	4.210542
600428	1.8799444
600429	4.967988
600433	4.248688
600435	0.645568
600436	3.460466
600438	0.93019164
600439	3.7168489
600444	-5.545862
600446	1.2996278
600448	3.9523396
600449	4.3485627
600452	2.9238763
600455	-2.972678
600456	1.0513
600458	2.6834836
600459	1.9091107
600460	-3.9753983
600461	2.670283
600462	3.9816284
600463	-0.8659465
600467	3.4678268
600468	-0.6987385
600469	2.6886935
600470	3.791956
600475	4.0511985
600476	-0.27244607
600477	3.3820152
600478	2.7485821
600479	4.1289597
600480	2.5002215
600481	2.676331
600482	3.557019
600483	3.3645966
600486	3.6338794
600487	1.8380201
600488	4.673699
600489	0.27447304
600490	0.82524776
600491	0.66793764
600493	3.9360974
600495	2.6367183
600496	4.3088274
600497	-0.22532074
600498	0.98039055
600499	3.308422
600500	4.772256
600501	-4.4268045
600502	3.9363964
600503	2.59938
600505	-0.29601842
600506	0.6800231
600507	3.9375904
600508	2.4474304
600509	3.1528962
600510	3.8208823
600511	4.240614
600512	1.6274284
600513	2.002746
600515	5.240886
600516	4.5937576
600517	4.521384
600518	1.292272
600519	4.3664308
600520	-12.810407
600521	3.438242
600522	1.4109747
600523	2.8398526
600525	-8.042564
600526	-0.057072975
600527	3.452666
600528	4.2650084
600529	2.8398232
600530	-3.2392082
600531	-1.290421
600533	-1.8799642
600535	1.9916528
600536	-3.2044113
600537	-0.07147181
600538	1.3433478
600539	4.445994
600540	4.3853707
600543	3.5223126
600545	2.8248088
600546	2.2384706
600547	3.7529817
600548	4.7685156
600549	2.0185869
600550	1.9640865
600551	4.891114
600552	-6.9562387
600556	-1.503031
600557	1.4186671
600558	3.7737758
600559	-0.786453
600560	2.3606095
600561	-6.7208138
600562	2.9229198
600563	1.4700917
600566	3.8923755
600567	3.4801745
600568	3.0173793
600569	3.6961827
600570	2.8641152
600571	-2.2300189
600572	3.7434068
600573	4.6075177
600575	3.9080353
600576	-11.1010065
600577	-1.815696
600578	4.216867
600579	-0.24524412
600580	-1.3245168
600581	3.5512211
600582	2.9714515
600583	3.7388427
600584	0.7692855
600585	3.2427387
600586	1.6110405
600587	3.5173078
600588	2.7500117
600589	2.7492554
600590	1.594641
600592	-1.8431995
600593	-5.7354746
600594	3.947237
600595	1.1487238
600596	3.5322373
600597	4.462264
600598	4.4269385
600599	2.4834044
600600	2.2499776
600601	-1.8008804
600602	1.2955829
600603	2.070067
600604	-1.2916701
600605	3.1641228
600606	2.759404
600608	2.2476537
600609	-2.9104228
600610	0.72758865
600611	-14.636406
600612	3.3464646
600613	2.5309253
600615	-1.5409664
600616	4.3694572
600617	3.406467
600618	2.718103
600619	0.9739316
600620	-1.1717014
600621	-1.8564879
600622	2.1617541
600623	3.6188827
600624	-1.8863186
600626	-1.4693725
600628	4.2389665
600629	2.619021
600630	-1.189214
600633	2.3749
600635	-5.379838
600636	-6.9889727
600637	4.8219056
600638	-3.1081295
600639	3.5696983
600640	-8.456206
600641	1.3701599
600642	3.4762573
600643	3.2781208
600644	0.007253277
600645	3.7625916
600648	4.643298
600649	-1.2809508
600650	-2.1105735
600651	1.3955182
600653	-2.1072528
600654	2.2888713
600655	4.66953
600657	1.7163244
600658	2.4429443
600660	4.4268856
600661	-10.137274
600662	0.6794276
600663	3.2908657
600664	3.7861755
600665	1.455195
600666	-3.0238118
600667	1.515927
600668	-0.46911192
600671	3.382745
600673	2.7632766
600674	3.1087708
600675	3.561563
600676	-3.5708919
600678	-8.083849
600679	-1.9156272
600681	4.9522476
600682	2.343794
600683	0.6523495
600684	-5.554993
600685	1.9709313
600686	-21.84628
600688	4.792777
600689	-2.503407
600690	1.7650179
600691	2.6500244
600692	-4.679172
600693	0.44796294
600694	2.5161824
600696	-15.97037
600697	0.37079158
600698	-8.348321
600699	0.91374475
600702	1.9353548
600703	3.0063567
600704	2.4816155
600705	3.8068345
600706	-2.416754
600707	4.1488314
600708	1.3270798
600710	2.6385038
600711	4.04681
600712	-2.6947207
600713	4.7562594
600714	3.019096
600715	4.537819
600716	-0.7959845
600717	3.173514
600718	2.4585245
600719	3.7017264
600720	2.7404938
600721	-7.218444
600722	3.585586
600724	4.319085
600725	4.7261305
600726	3.0989628
600727	-6.486281
600728	3.4599483
600729	-0.75253534
600730	-2.811867
600731	4.254313
600732	-1.7448475
600733	2.1737962
600734	-1.610647
600735	3.3762794
600736	3.3850307
600737	2.40912
600738	0.9637767
600739	3.0679126
600740	3.9589927
600741	3.5350406
600742	2.8567557
600743	2.7965615
600744	0.45796794
600745	0.6076908
600746	4.291613
600748	2.171916
600749	-0.83837575
600750	2.633417
600751	3.4898314
600753	-7.8361197
600754	1.2399218
600755	3.0926175
600756	-1.2785494
600757	4.240362
600758	4.6101546
600759	3.3945556
600760	3.6429
600761	-0.60859334
600763	-1.6126683
600764	-2.2480536
600765	2.7309768
600768	-3.0582385
600769	1.9316696
600770	-0.20866899
600771	2.6188107
600773	0.38512585
600774	1.0311887
600775	-3.2052517
600776	3.364139
600777	3.6383119
600778	-21.204716
600779	2.1012793
600780	3.9201202
600782	3.006293
600783	4.4384108
600784	4.5002685
600785	3.1323555
600787	3.9319756
600789	-5.4777203
600790	4.1679473
600791	3.5796235
600792	4.163974
600793	1.4933035
600794	3.6071038
600795	2.2232869
600796	2.6399689
600797	3.031795
600798	4.4117246
600800	4.4008613
600801	3.4622421
600802	3.6784883
600803	3.6588924
600804	0.4785784
600805	0.57490236
600807	-11.79294
600808	3.7606666
600809	2.7235181
600810	3.585487
600811	-15.446867
600812	4.662854
600814	2.0665543
600815	4.815735
600816	2.9466515
600817	-22.575878
600818	-1.9253086
600819	0.60815465
600820	4.061734
600821	1.8023773
600822	-1.6574833
600824	3.6485126
600825	3.3298106
600826	4.3186173
600827	3.4122257
600828	2.138281
600829	3.5687969
600830	-6.0852003
600831	-2.0596125
600833	3.0268497
600834	-4.6451974
600835	3.5075848
600837	4.4062724
600838	-0.4862755
600839	-9.840002
600841	-5.1724434
600843	-17.354603
600844	0.102561355
600845	3.5574708
600846	2.634483
600847	3.2125587
600848	4.5834246
600850	1.8447616
600851	-2.3554935
600853	2.741582
600854	3.5942874
600855	-4.858203
600857	0.15219286
600858	3.1589906
600859	-4.9338503
600860	-3.5807014
600861	1.2070404
600862	2.9635193
600863	2.4716775
600864	1.2398146
600865	3.8064678
600866	-3.7155712
600867	4.276529
600868	-0.31269664
600869	-7.6106896
600871	5.24246
600872	0.41509932
600873	4.064769
600874	4.2987237
600875	2.6258228
600876	2.718758
600877	0.59646815
600879	-1.1570783
600880	1.2206634
600881	-3.6381645
600882	3.6957276
600883	3.8767009
600884	3.1119924
600885	2.028914
600886	2.911405
600887	2.65113
600888	2.867059
600889	-11.072279
600892	-15.451739
600893	3.4329352
600894	3.2386532
600895	-0.87010825
600897	4.031818
600898	-4.5846467
600900	4.3838854
600901	-0.26158348
600903	4.878118
600905	4.6431785
600906	2.9983978
600908	3.322363
600909	4.5291514
600916	1.5728356
600917	5.164584
600918	4.2202096
600919	3.3649933
600925	4.2873077
600926	4.627761
600927	1.5304922
600928	4.6268144
600929	4.0736113
600933	3.3047645
600935	1.379245
600936	4.269208
600938	3.8480694
600939	4.9849367
600941	3.92457
600955	3.9522622
600956	3.8212807
600958	5.3695245
600959	5.0004635
600960	-0.03606044
600961	-0.41122636
600962	3.3953578
600963	0.6488991
600965	3.2249005
600966	1.2396295
600967	4.8045025
600968	4.3873587
600969	-2.529882
600970	2.9074883
600971	2.4651756
600973	4.0140853
600975	-1.211865
600976	1.6762688
600977	4.113707
600979	1.7907044
600980	3.0177035
600981	4.506235
600982	4.184453
600983	3.314984
600984	2.0099788
600985	2.7566571
600986	1.7559296
600987	3.3845177
600988	-1.7510357
600989	4.4515557
600990	-2.4816933
600992	-0.52704966
600993	4.157857
600995	4.110564
600996	2.635805
600997	3.2043521
600998	3.5208843
600999	5.0395546
601000	3.9114406
601001	3.3404446
601002	0.4709797
601003	4.2801332
601005	3.8681579
601006	4.403081
601007	2.1424294
601008	3.8095257
601009	5.0402308
601010	2.6738355
601011	-1.161026
601012	1.5122006
601015	0.25851613
601016	3.730561
601018	5.2309413
601019	5.7384315
601020	-4.1088543
601021	3.393425
601022	1.6787179
601028	0.9891952
601033	0.6170088
601038	0.39564872
601058	0.84037066
601059	-1.1873487
601061	0.70668745
601065	4.01148
601066	4.19049
601068	3.9764378
601069	-0.8541194
601077	4.778765
601083	1.2572496
601086	0.88089
601088	4.481486
601089	3.33153
601096	2.5794766
601098	5.27054
601099	-2.1845076
601100	4.2613
601101	3.388347
601106	5.024597
601107	2.966702
601108	3.2074165
601111	4.1063848
601113	3.2583191
601116	1.4695756
601117	2.655359
601118	5.3515987
601121	1.7359787
601126	0.5085054
601127	-0.12624863
601128	4.1652136
601133	-1.5140601
601136	-0.66630393
601137	1.7426589
601138	5.6757655
601139	4.2978935
601155	-1.3775955
601156	2.2613354
601158	4.841784
601162	-5.6404557
601163	3.2571201
601166	5.3170543
601168	2.2991197
601169	5.001449
601177	1.8777069
601179	1.2442882
601186	4.9358964
601187	3.0919583
601188	-3.4443035
601198	2.6431205
601199	3.346616
601200	4.749886
601208	0.9762476
601211	4.473317
601212	2.1666038
601216	4.4840865
601218	-2.3418307
601222	4.058556
601225	5.2915597
601226	3.2615018
601228	4.8040314
601229	5.2464604
601231	3.4223034
601233	3.200004
601236	3.3995805
601238	2.7429426
601279	1.7015749
601288	7.0463114
601298	5.924032
601311	0.06968732
601318	4.948209
601319	5.4002924
601326	4.7800703
601328	5.6481605
601330	3.8259246
601333	2.0026019
601336	4.0221796
601339	4.771726
601360	2.2408314
601366	4.251335
601368	4.184823
601369	4.014417
601375	2.8134446
601377	4.174049
601388	1.5410492
601390	4.2328243
601398	7.4396353
601399	4.935956
601456	-1.4527706
601500	2.8462918
601512	5.6793985
601515	5.430973
601518	4.4617567
601519	1.8488972
601528	3.7152352
601555	3.579146
601566	0.06905414
601567	1.8945601
601568	5.867323
601577	4.6249223
601579	3.8916404
601588	1.4706522
601595	-5.054616
601598	3.308988
601599	-1.8701856
601600	2.1041675
601601	4.6612716
601606	1.3247826
601607	4.8970947
601608	3.5823617
601609	2.6887443
601611	1.3571296
601615	2.413408
601616	2.8812072
601618	4.803127
601619	3.8823369
601628	6.296436
601633	2.9068465
601636	3.589204
601658	6.0630264
601665	3.3426871
601666	2.4289207
601668	4.7611213
601669	3.9607456
601677	0.1281851
601678	3.3815017
601686	5.149434
601688	4.220131
601689	2.0499978
601696	1.3519574
601698	-0.6150058
601699	2.6411014
601700	2.7225432
601702	2.976062
601717	1.5056103
601718	5.0070415
601727	4.8374596
601728	5.040752
601766	3.8123932
601777	2.608454
601778	1.8735244
601788	3.9367409
601789	2.4466872
601798	1.8316749
601799	-0.271229
601800	4.8526893
601801	4.6037803
601808	3.8095422
601811	5.2741995
601816	4.8655376
601818	5.0396233
601825	5.1547003
601827	4.7230864
601828	3.3166263
601838	3.9323204
601857	6.2894945
601858	3.1413732
601860	3.1848354
601865	-0.7960415
601866	3.4254155
601868	4.1629305
601869	0.05450371
601872	4.38984
601877	3.734787
601878	0.9827344
601880	4.471136
601881	2.0692797
601882	3.1970031
601886	2.8816342
601888	1.0303557
601890	2.3504033
601898	6.657266
601899	3.276591
601900	2.7146122
601901	1.4327328
601908	2.522416
601916	3.3267071
601918	4.6449757
601919	2.3299375
601921	-10.865078
601928	4.756973
601929	-0.77119416
601933	-2.353945
601939	2.766727
601949	3.5966992
601952	5.1965065
601956	3.9336414
601958	2.7412136
601963	3.3679433
601965	2.2335916
601966	2.1813376
601968	3.4283066
601969	3.1554532
601975	1.7685827
601985	3.9103534
601988	7.3632903
601989	3.5646462
601990	3.6253452
601991	2.3169675
601992	3.9666793
601995	3.2156968
601996	4.1714106
601997	3.3577747
601998	7.128846
601999	-3.4219017
603000	-0.3248374
603001	4.373105
603002	-1.1437802
603003	0.41548747
603004	-2.3447676
603005	-5.8786173
603006	3.3536446
603007	3.9142342
603008	2.7461083
603009	-4.9752226
603010	4.092977
603011	0.67673796
603012	4.45846
603013	3.3164241
603015	2.086589
603016	4.101323
603017	-1.4254992
603018	3.0531752
603019	-1.0301712
603020	2.9842966
603021	4.379672
603022	1.9261929
603023	1.6375263
603025	2.7606053
603026	3.5605392
603027	3.2226486
603028	-3.201999
603029	1.0043547
603030	-0.51283795
603031	2.0566652
603032	-5.95074
603033	4.2782564
603035	0.667967
603036	3.162679
603037	-5.733807
603038	4.0739145
603039	2.1536257
603040	1.0439321
603041	3.7465541
603042	-1.973349
603043	3.6933837
603045	2.9551985
603048	1.0755463
603050	2.002756
603051	-4.397649
603052	0.54365295
603053	1.9700401
603055	3.2966056
603056	1.2150307
603057	-2.992627
603058	-0.9785794
603059	3.1831355
603060	3.3506474
603061	-4.4506993
603062	-2.5598972
603063	4.948579
603065	-13.126265
603066	-2.6740484
603067	3.0480518
603068	-1.5857629
603069	-3.527373
603070	0.19805917
603071	2.3838146
603073	3.0768936
603075	-4.0748944
603076	2.9586906
603077	3.3359268
603078	-1.7505844
603079	-4.6491556
603080	1.6718199
603081	1.0309185
603082	-2.2515652
603083	-1.7772757
603085	-1.0829731
603086	3.259974
603087	1.7133713
603088	1.6389583
603089	3.6930757
603090	2.7297795
603093	-0.081066266
603095	4.6408
603096	2.7858932
603097	0.1257598
603098	3.5333257
603099	-4.045677
603100	0.8785373
603101	1.6817408
603102	0.96498746
603103	0.6369233
603105	2.3202255
603106	-1.9700733
603107	-2.0000925
603108	-0.37897044
603109	0.5267177
603110	2.8880749
603111	2.4224503
603112	-2.8371446
603113	3.3144226
603115	3.5242028
603116	4.1771393
603117	1.4871956
603118	-1.6319805
603119	2.863585
603121	-1.062604
603122	-12.691078
603123	1.0817497
603125	0.901669
603126	-0.8988346
603127	-0.2352126
603128	3.8212013
603129	2.2603881
603130	-0.9940465
603131	-7.119178
603132	2.3540077
603135	2.2010899
603136	0.65516865
603137	-0.408624
603138	1.7563183
603139	-2.75279
603150	1.3105834
603151	-0.10903312
603153	1.1687158
603155	-2.7571537
603156	5.276534
603158	-2.4152153
603159	3.8659222
603160	2.8279128
603161	2.1118143
603162	1.9478813
603163	1.6627121
603165	1.2544764
603166	4.1019516
603167	2.3972592
603168	-3.2461433
603169	-4.9083695
603170	2.025961
603171	-0.34541082
603172	0.50375736
603173	2.631725
603176	3.2417293
603177	-1.2846122
603178	-1.6421859
603179	4.5073376
603180	1.3750588
603181	3.6960785
603182	2.3236518
603183	0.5667916
603185	2.3493316
603186	-7.0044646
603187	0.73464394
603188	-0.5470175
603189	1.6536468
603190	1.7621292
603191	2.031381
603192	-6.0184345
603193	-1.9773052
603195	3.722969
603196	-8.982896
603197	0.38321394
603198	2.02088
603199	3.5977192
603200	1.0151762
603201	0.8262884
603203	1.2341057
603206	1.1382784
603208	4.498174
603209	-6.4810066
603211	-7.5622163
603212	-1.1845349
603213	3.1068325
603214	2.83497
603215	-10.785591
603216	4.2262926
603217	3.8646038
603218	3.6878414
603219	0.39009747
603220	0.8785349
603221	0.123676896
603222	2.5947533
603223	1.7853584
603225	5.962303
603226	2.170545
603227	3.2101898
603228	0.9556112
603229	3.8352046
603230	2.8298512
603231	-1.4185505
603232	-1.5256597
603233	2.1129284
603235	1.8389788
603236	-1.5015337
603237	2.999978
603238	4.039191
603239	1.9251931
603255	5.0279016
603256	-0.6530778
603258	1.0211554
603259	1.5376459
603260	4.4577203
603261	-3.4674492
603266	-1.1522744
603267	-3.1247885
603268	0.0026287674
603269	1.2811848
603270	-0.90254116
603272	4.158007
603273	-0.1336992
603275	2.315478
603276	-0.44373003
603277	3.9143112
603278	-2.2022045
603279	2.759175
603280	2.7877543
603281	3.6640446
603282	-1.7395281
603283	3.5801837
603286	-4.0714426
603288	4.015631
603289	1.2770083
603290	-2.1472702
603291	3.021665
603296	1.1344696
603297	1.2435329
603298	1.6006403
603299	3.5701356
603300	2.6810005
603301	3.274057
603303	4.1889586
603305	2.3012958
603306	1.1104519
603307	-2.911179
603308	-0.22600588
603309	2.431265
603311	3.6935115
603312	-0.73153734
603313	2.8573596
603315	3.1255903
603316	-0.9832732
603317	2.9029324
603318	3.404264
603319	0.21859708
603320	-1.1947224
603321	1.4377688
603322	2.3815668
603323	2.8110733
603324	-17.78295
603325	0.21635422
603326	3.3153892
603327	0.98357457
603328	-0.10684197
603329	1.8910902
603330	-0.7952276
603331	1.898399
603332	2.1401508
603333	-4.3682923
603335	-0.7421327
603336	-11.355835
603337	2.5302129
603338	2.2069836
603339	3.3368535
603341	-8.579424
603344	0.7191866
603345	1.5458202
603348	0.20918187
603351	-2.9611077
603353	1.9107761
603355	4.6068788
603356	-1.4473164
603357	1.9401066
603358	3.9571922
603359	4.074643
603360	3.0256424
603363	2.3886878
603365	2.018732
603366	0.15945117
603367	3.9980977
603368	1.3695748
603369	3.5522454
603373	-4.6506915
603375	-6.7813354
603377	1.5436304
603378	2.4964137
603379	1.8811874
603380	0.91566277
603383	1.0360957
603385	4.170987
603386	-3.3999755
603387	-0.889973
603388	-1.072799
603389	-4.8820324
603390	-2.382705
603392	3.082513
603393	3.6133423
603396	1.9266151
603398	4.8631372
603399	1.1701169
603408	2.6132195
603416	1.8275948
603421	-0.5050755
603429	1.4709222
603439	0.3824877
603444	-1.9981867
603456	2.3555331
603458	-5.2624927
603466	1.9861138
603477	7.3987474
603486	0.68933976
603488	-1.4604323
603489	1.3199484
603496	0.2197648
603499	-2.4730694
603500	1.9589074
603501	0.6858431
603505	2.1782253
603506	-0.84536475
603507	-0.9378648
603508	-2.1520007
603511	3.7516868
603515	1.1010244
603516	-0.9220338
603517	0.83105296
603518	2.1385863
603519	2.291623
603520	2.1668408
603527	2.9483485
603528	-1.3556579
603529	2.0703511
603530	2.1835368
603533	-0.1469793
603535	0.99651927
603536	-2.3568282
603538	1.7359558
603551	4.6543226
603556	-0.5449065
603557	4.66356
603558	-1.341811
603559	-1.0020962
603565	4.2621155
603566	2.3834426
603567	4.9219975
603568	3.3027828
603569	0.1569682
603577	1.0193851
603578	2.5599952
603579	2.4582596
603580	-7.938848
603583	1.9568472
603585	4.375394
603586	-4.7574983
603587	4.7439284
603588	2.2614484
603589	3.625317
603590	-2.89904
603595	2.5324683
603596	2.640138
603598	-3.0151386
603599	2.9093316
603600	3.2173424
603601	3.1793065
603602	-3.6642985
603605	3.154379
603606	1.6536493
603607	0.1581781
603608	4.0930657
603609	4.1665907
603610	3.0641646
603611	1.164931
603612	2.6643848
603613	0.5561864
603615	-0.54739916
603616	2.0834413
603617	0.4413367
603618	-0.93041104
603619	-0.13391957
603626	-1.5026152
603628	-4.5404463
603629	-0.3619336
603630	-0.76464903
603633	-6.891584
603636	1.718976
603637	4.1547394
603638	4.338829
603639	3.3846366
603648	1.9380316
603650	0.3649945
603655	-4.2956114
603656	3.1067493
603657	-2.0476818
603658	2.332543
603659	3.6961188
603660	0.8120004
603661	3.1225219
603662	-7.4756727
603663	-1.8714966
603665	4.856489
603666	-10.003822
603667	-2.2377625
603668	0.65663683
603669	3.8971672
603676	3.7458737
603677	3.102614
603678	2.469163
603679	-5.8354588
603680	0.29293042
603681	1.4022324
603682	1.180937
603683	1.4666152
603685	1.0202451
603686	-4.1686926
603687	5.356633
603688	1.517662
603689	2.737453
603690	1.372192
603693	3.133741
603696	-0.910991
603697	3.9746594
603698	2.5285928
603699	0.39822373
603700	-0.89444286
603701	2.5128133
603703	0.0025502802
603706	3.033433
603707	4.3621945
603708	2.4371555
603709	3.7402186
603711	2.280152
603712	3.5361004
603713	3.5793426
603716	-16.778599
603717	0.26903313
603718	3.988472
603719	2.3726048
603721	-8.941927
603722	3.8227532
603725	1.376223
603726	1.0952123
603727	2.9297917
603728	-7.346039
603729	1.2527686
603730	2.7577326
603733	3.3035648
603737	2.640223
603738	-5.9996777
603739	-1.1884329
603755	1.1984422
603757	2.9074547
603758	2.500969
603759	3.5345528
603766	-0.676081
603767	1.1652695
603768	-4.6328545
603773	1.0962455
603776	-3.8225274
603777	2.1689281
603778	-3.3818805
603779	-1.8449113
603786	1.57444
603787	2.9264064
603788	2.744145
603789	-2.0259583
603790	1.0816905
603797	3.7434554
603798	3.0290635
603799	-1.1473944
603800	1.152139
603801	1.8687671
603803	-0.14940335
603806	0.16414744
603808	4.5599623
603809	-0.17806964
603810	3.2772408
603811	2.6814418
603813	3.7152672
603815	3.0299003
603816	4.630033
603817	3.9588313
603818	3.6044445
603819	2.744147
603822	1.9639921
603823	0.088250265
603825	-5.3245573
603826	-8.742571
603828	2.6947925
603829	1.9504073
603833	4.318859
603836	2.98315
603838	4.2011137
603839	-11.864033
603843	-3.41258
603848	1.233712
603855	3.3084579
603856	3.3153548
603858	4.6751647
603859	2.2958794
603860	-4.473483
603861	3.2807727
603863	1.4603618
603866	3.4363723
603867	1.6186291
603868	3.9812393
603869	3.226255
603871	2.137792
603876	2.3906462
603877	3.8220677
603878	2.7387462
603879	1.8168211
603880	4.438182
603881	2.2450027
603882	-0.23450811
603883	1.9110218
603885	2.3111699
603886	3.4729679
603887	-2.4226568
603888	1.1524298
603889	2.378414
603890	-2.026318
603893	0.56515574
603895	1.774903
603896	2.5350273
603897	2.219915
603898	2.2502382
603899	3.8370235
603900	-14.402357
603901	2.6973732
603903	-0.8753915
603906	2.7483568
603908	-2.0254273
603909	0.8983244
603912	-0.663786
603915	2.064894
603916	-12.790888
603917	-13.658913
603918	-1.4093986
603919	2.5592036
603920	0.0019501686
603922	2.879207
603926	3.0497816
603927	1.9433196
603928	4.151692
603929	0.58900416
603931	1.4667525
603933	-0.77631724
603936	-2.2356942
603937	1.9684565
603938	3.0720158
603939	2.8838668
603948	3.5635357
603949	3.254779
603950	1.37085
603955	-0.90360117
603956	3.2306118
603958	-1.3087676
603959	1.173865
603960	-2.4914346
603963	-5.8077745
603966	-11.610991
603967	3.4840362
603968	1.2663583
603969	2.800523
603970	1.8953993
603976	-0.74750346
603977	0.59025824
603978	-9.851519
603979	1.6175125
603980	2.9861267
603982	-0.6129363
603983	3.7277749
603985	2.1572285
603986	1.9848543
603987	3.9570236
603988	-19.52435
603989	4.073922
603990	2.234311
603991	0.81195736
603992	2.1274846
603993	3.5696647
603995	1.6912695
603997	4.004922
603998	3.142978
603999	3.4395626
605001	-3.8937602
605003	2.5803888
605005	3.4477792
605006	4.170032
605007	2.79924
605008	2.8896942
605009	3.5765126
605011	0.5292905
605016	0.8941721
605018	2.09013
605020	3.862444
605028	1.3801033
605033	0.52068245
605050	3.6440742
605055	4.2922807
605056	1.3831952
605058	1.4096421
605060	-1.6973879
605066	4.3192306
605068	2.4552186
605069	-2.8910565
605077	1.9944528
605080	2.5985599
605081	0.29014903
605086	1.4245077
605088	1.18138
605089	3.199645
605090	-0.12007568
605098	-4.932565
605099	3.2461915
605100	3.378867
605108	0.88866997
605111	-4.0830374
605116	2.4972084
605117	3.1020784
605118	-3.0074184
605122	-2.0423312
605123	3.3956122
605128	3.9774132
605133	-1.8592732
605136	-6.2673655
605138	1.7633598
605151	3.6967773
605155	3.6981997
605158	0.84627163
605162	2.9730268
605166	1.4976959
605167	1.3569882
605168	1.8643669
605169	-0.06406417
605177	2.822874
605178	-13.961655
605179	3.7468674
605180	1.8777326
605183	4.4085865
605186	2.9816742
605188	1.6549509
605189	3.1342697
605196	2.7568295
605198	0.95176697
605199	-3.9073372
605208	1.0056398
605218	-7.722351
605222	1.9236467
605228	-1.229178
605255	-9.083686
605258	-2.1618757
605259	4.0018864
605266	0.7804588
605268	3.6345267
605277	-4.005901
605286	1.9932
605287	2.592709
605288	-0.32867467
605289	2.3809402
605296	2.502332
605298	1.7493417
605299	1.1161915
605300	1.9205977
605303	2.9205363
605305	2.2439506
605318	4.454649
605319	1.6875865
605333	2.796647
605336	0.761922
605337	2.6383262
605338	3.0713317
605339	4.3849125
605358	3.092757
605365	2.2150893
605366	1.8470026
605368	4.641491
605369	4.4393835
605376	-0.53651345
605377	3.2117145
605378	1.1026156
605388	3.7111359
605389	2.3246984
605398	-12.786778
605399	1.7857268
605488	-0.36919823
605499	4.3599443
605500	3.608993
605507	3.9903915
605555	-1.2708619
605566	0.82376385
605567	-0.43851393
605577	1.4385821
605580	0.0366642
605588	0.18210553
605589	1.3170598
605598	0.95049447
605599	3.3376102
688001	1.8760996
688002	1.754208
688003	-0.11151396
688004	1.9233822
688005	-0.43132797
688006	2.9486089
688007	1.326251
688008	1.5998974
688009	3.6685417
688010	1.340877
688011	2.2650065
688012	2.5837796
688013	4.406369
688015	-2.3468678
688016	2.8927345
688017	1.0066841
688018	0.8649394
688019	1.5904623
688020	-1.7818607
688021	2.282539
688022	2.2063484
688023	0.004059559
688025	1.7119656
688026	2.442109
688027	-1.1316719
688028	1.7177871
688029	1.82011
688030	3.4825585
688031	2.7916613
688032	-10.810806
688033	3.2832704
688035	2.5635886
688036	3.3262246
688037	-1.4172833
688038	2.279234
688039	1.1325451
688041	2.291876
688045	0.14368406
688046	2.5087197
688047	1.8907516
688048	1.1948256
688049	-1.7968327
688050	4.0776186
688051	2.8223042
688052	-1.8482975
688053	0.80255014
688055	3.1146348
688056	2.754731
688057	4.209941
688058	2.4516807
688059	-0.2961238
688060	2.7015195
688061	0.44921273
688062	3.6708455
688063	2.5218062
688065	5.1188555
688066	-1.8718922
688067	4.0898046
688068	-3.3803596
688069	2.3036854
688070	-0.2775495
688071	1.084404
688072	2.9190927
688073	-3.1175463
688075	-1.209914
688076	3.7337532
688077	2.3045344
688078	2.9399712
688079	-0.30962548
688080	3.112608
688081	1.0170215
688082	-0.6476973
688083	3.4016633
688084	1.7076933
688085	3.8997567
688087	4.21718
688088	1.3714914
688089	3.3297215
688090	-4.8127356
688091	-15.323202
688092	2.600196
688093	3.0837958
688095	-0.4001871
688096	3.7403998
688097	1.7513664
688098	4.5663633
688099	5.665948
688100	3.3929658
688101	3.7256322
688102	2.0758517
688103	-0.5025767
688105	3.4182441
688106	2.5834854
688107	0.31583244
688108	1.9750454
688109	0.56889987
688110	-0.2237688
688111	0.96580637
688112	1.9872348
688113	2.690979
688114	2.062654
688115	0.58521265
688116	2.575232
688117	-0.08735976
688118	-1.8336893
688119	4.275365
688120	1.7326237
688121	3.2344508
688122	3.987418
688123	3.599509
688125	-0.4845969
688126	4.0359564
688127	0.30142957
688128	3.579773
688129	4.556842
688130	-2.3318806
688131	1.9133244
688132	4.291362
688133	2.0449238
688135	-1.9089022
688136	3.4178758
688137	4.0120163
688138	1.589277
688139	3.6385236
688141	-2.4041135
688143	1.2985356
688146	1.2543726
688147	0.91865814
688148	1.5458076
688150	1.7380707
688151	-1.3563242
688152	-5.3223495
688153	1.5611746
688155	3.6655166
688156	2.4439213
688157	3.5336678
688158	1.0623239
688159	4.4963536
688160	-1.1153524
688161	3.079409
688162	1.811533
688163	1.6536548
688165	1.2373493
688166	-0.82647324
688167	2.6243083
688168	3.1411483
688169	3.7224422
688170	-5.268766
688171	2.7101607
688172	2.8312802
688173	1.0781393
688175	2.2562244
688176	3.0951023
688177	1.5232955
688178	3.635348
688179	0.8521554
688180	4.410369
688181	2.1014853
688182	-0.105570816
688183	-1.7781817
688184	2.4521155
688185	-2.1800086
688186	2.6117592
688187	0.1715852
688188	5.07003
688189	3.0651135
688190	2.243422
688191	-3.7435913
688192	0.8939041
688193	1.2719868
688195	-0.56136423
688196	3.4648337
688197	0.676821
688198	3.8633811
688199	1.8977267
688200	3.3493772
688201	-2.623403
688202	2.429359
688203	2.2045832
688205	-7.145916
688206	0.42679796
688207	-1.6206539
688208	1.1280465
688209	0.17401554
688210	2.339611
688211	3.8779914
688212	2.3671863
688213	2.2160993
688215	3.3825917
688216	-2.0011134
688217	5.550547
688218	0.7948493
688219	3.2934659
688220	2.9985917
688221	3.6607296
688222	3.0477815
688223	1.7058693
688225	0.3019125
688226	-0.35392016
688227	1.9695114
688228	1.3832566
688229	-6.712472
688230	0.11378364
688231	2.7254653
688232	3.1644447
688233	4.0150666
688234	0.8216321
688235	3.9675078
688236	1.8877611
688237	1.3732852
688238	0.4736765
688239	2.8807943
688244	-1.0973405
688246	2.1171515
688247	3.5319107
688248	2.5200298
688249	3.1485963
688251	3.4794388
688252	0.7511973
688253	4.6484118
688255	2.4608796
688256	-0.5030906
688257	1.8815798
688258	-7.053328
688259	-12.973805
688260	-2.749367
688261	4.987466
688262	-1.7126001
688265	3.4044647
688266	3.8191814
688267	3.3236847
688268	3.2737167
688269	2.8594043
688270	-3.0910637
688271	3.9772763
688272	1.1938057
688273	3.1667318
688275	2.4176383
688276	4.199938
688277	2.87786
688278	4.1934953
688279	1.7540925
688280	1.5590425
688281	3.6771064
688282	2.891779
688283	1.3137529
688285	1.0826828
688286	0.48073548
688287	0.9204758
688288	-2.244787
688289	2.9846249
688290	-2.182735
688291	0.7870955
688292	1.0780433
688293	-0.1988243
688295	2.6211607
688296	1.5089194
688297	0.7910043
688298	4.9657335
688299	1.695401
688300	3.0624814
688301	4.436618
688302	2.4392524
688303	2.4296572
688305	2.0800428
688306	1.5801502
688307	0.5349867
688308	0.7872874
688309	4.2874846
688310	-3.694545
688311	-2.7734513
688312	1.6940439
688313	2.04135
688314	-3.078978
688315	2.9452105
688316	1.8923038
688317	-11.234508
688318	-6.464718
688319	2.975688
688320	2.5222962
688321	3.27728
688322	0.604231
688323	-3.2241485
688325	-5.65782
688326	-2.520983
688327	4.659142
688328	-2.3142781
688329	3.0627027
688330	3.8738608
688331	1.1886642
688332	1.5681497
688333	3.2595272
688334	1.8407196
688335	3.5821776
688336	2.2455707
688337	1.140937
688338	3.1582375
688339	-3.9602408
688343	2.335796
688345	3.3073056
688347	-1.219316
688348	-3.680159
688349	1.3709306
688350	3.2693455
688351	2.3088098
688352	3.9365554
688353	3.312226
688355	3.1209173
688356	4.6242633
688357	-0.27018714
688358	2.2339876
688359	4.3353314
688360	-8.396818
688361	0.09004784
688362	0.8390869
688363	2.4880989
688365	2.282872
688366	3.7600052
688367	4.2607794
688368	1.3018452
688369	0.699052
688370	3.9245598
688371	3.0563798
688372	-6.963811
688373	0.91525424
688375	3.4964452
688376	-0.53609854
688377	3.2177684
688378	5.001956
688379	3.9295437
688380	-4.595492
688381	1.2834033
688382	1.8005493
688383	2.0928788
688385	1.6428868
688386	2.5209947
688387	1.8990046
688388	1.5208027
688389	3.398859
688390	2.1566646
688391	1.7744627
688392	3.112622
688393	3.2194886
688395	3.5278096
688396	2.3393774
688398	3.884314
688399	4.4520802
688400	1.6379026
688401	1.2895507
688403	-0.3770044
688408	2.8412442
688409	2.3251412
688410	1.5328548
688416	2.7438722
688418	-4.1449227
688419	0.37044054
688420	3.2890906
688425	1.7723742
688426	0.25623173
688428	4.855483
688429	1.9849209
688432	3.00463
688433	3.9799492
688435	2.587296
688439	4.0075946
688443	4.7891607
688448	1.2670013
688450	2.0706863
688455	3.3086452
688456	3.5534034
688458	1.4349998
688459	3.952411
688466	3.293464
688468	3.6846123
688469	2.8543344
688472	3.7579167
688475	1.8314712
688478	-0.41217503
688479	3.3154716
688480	3.4406497
688484	1.9029957
688485	3.3666873
688486	4.7570705
688488	3.4060185
688489	2.2344637
688496	2.4492683
688498	3.313047
688499	2.091648
688500	2.0180478
688501	1.0121386
688502	-3.6648743
688503	1.0428967
688505	5.1321425
688506	1.8119223
688507	0.8809692
688508	2.64115
688509	1.9409058
688510	1.4397434
688511	1.2580639
688512	-0.81251085
688513	5.195281
688515	-5.2500377
688516	0.9299442
688517	0.7210466
688518	4.240622
688519	2.5717146
688520	2.8388288
688521	1.5728128
688522	3.2261844
688523	-3.3282406
688525	1.3850554
688526	3.7050285
688528	3.6613262
688529	3.4985993
688531	0.9122122
688533	2.9064317
688535	-0.61503047
688536	-2.0941784
688538	4.5198565
688539	4.01821
688543	-0.49619666
688548	2.1763575
688549	-0.030665565
688550	2.7465155
688551	2.967737
688552	-2.1739814
688553	3.6627243
688556	0.58472437
688557	3.7842603
688558	3.2024624
688559	3.2058506
688560	1.8357399
688561	2.6880937
688562	0.015777398
688563	1.6110439
688565	2.178977
688566	3.633244
688567	3.6815147
688568	2.4405084
688569	0.71233296
688570	3.555523
688571	3.1936054
688573	6.108087
688575	3.7470615
688576	2.7702007
688577	2.0890136
688578	0.534028
688579	1.7276485
688580	3.6333795
688581	-0.2986384
688582	3.8319354
688584	-0.61147165
688585	4.4746137
688586	3.1932833
688588	2.5848403
688589	1.9133234
688590	-0.36766663
688591	1.3140311
688592	3.684264
688593	3.1168742
688595	2.2404885
688596	5.048077
688597	3.5386276
688598	1.3417492
688599	2.401619
688600	3.1640122
688601	3.3172824
688602	0.7498807
688603	0.37913838
688606	2.1552012
688607	3.2689815
688608	2.2111366
688609	-1.5259349
688610	0.72600335
688611	2.8577251
688612	3.3594117
688613	-6.4073954
688616	3.8231945
688617	4.068307
688618	2.2685544
688619	0.8991318
688620	2.3878999
688621	4.6310616
688622	3.7495022
688623	2.5949988
688625	3.9532142
688626	3.5797374
688627	0.94568205
688628	2.2022166
688629	-5.0717177
688630	0.9494942
688631	-3.6484246
688633	1.6123588
688636	-3.123537
688638	2.1227818
688639	6.7388086
688646	1.1301007
688648	-7.2373075
688651	-4.842386
688652	-0.12801704
688653	-6.74537
688655	0.7282206
688656	2.7018106
688657	0.80554646
688658	3.5141506
688659	2.0451198
688660	3.961039
688661	1.8064095
688662	0.9662167
688663	1.9444354
688665	2.1638274
688667	4.5847597
688668	-3.7571201
688669	2.820582
688670	3.5474648
688671	1.8654896
688676	2.2859297
688677	4.431342
688678	2.320811
688679	3.3987076
688680	0.898289
688681	2.5892038
688682	-2.4602294
688683	3.8325858
688685	0.5954591
688686	3.4285133
688687	2.5568194
688689	1.7162621
688690	2.7648108
688693	-5.472991
688695	-2.241372
688696	3.82948
688697	-0.67635816
688698	1.8120676
688699	-0.06323514
688700	2.714464
688701	0.49350357
688702	-2.544763
688707	-0.96656764
688709	2.1942446
688711	1.5923464
688716	-0.5185767
688717	4.1854925
688718	3.0819807
688719	1.3101013
688720	-3.2109504
688722	2.20218
688728	2.812423
688733	1.985095
688737	2.5968547
688739	3.9711852
688766	1.0924553
688767	2.4097295
688768	2.8746269
688772	1.0274154
688776	4.1617174
688777	2.2654526
688778	2.8757825
688779	3.6009254
688786	1.502862
688787	1.5516918
688788	2.8566747
688789	2.50042
688793	-0.39804134
688798	0.45980248
688799	3.7985237
688800	0.76298994
688819	3.636058
688981	3.8852699
689009	2.585998
