1	4.315049
2	-0.4020334
4	-4.167994
6	-0.67575496
7	1.2436208
8	-2.4195774
9	3.7903419
10	-1.3756447
11	-3.8929203
12	4.5923185
14	-3.4477131
16	-14.553328
17	-4.688099
19	4.014843
20	-10.955216
21	0.9349719
25	2.1948974
26	1.7925756
27	3.554399
28	4.2461257
29	3.653223
30	2.516775
31	3.7716985
32	-0.94935435
34	0.9600867
35	2.4048328
36	2.1023552
37	-0.20356122
39	1.622822
40	-0.6464392
42	0.3667974
45	-2.9433837
48	3.874295
49	-3.4421222
50	3.3592427
55	4.0278616
56	-2.3972309
58	-1.9496361
59	3.9507356
60	2.8985493
61	4.2465773
62	-15.228467
63	1.6997944
65	2.9299033
66	2.3382037
68	-3.4027603
69	1.7443752
70	1.2173936
78	1.7646488
88	3.9577355
89	3.014608
90	2.4069533
96	3.986053
99	-4.356537
100	2.7208729
151	0.48431864
153	1.5477297
155	3.2535014
156	3.9829292
157	2.3325853
158	-2.1418822
159	0.28495586
166	5.18722
301	3.7724986
333	4.7813616
338	0.3748415
400	0.67080307
401	4.314977
402	-1.44648
403	1.3785307
404	1.5473391
407	3.1388552
408	3.0941637
409	2.385728
410	2.7867362
411	3.8302574
415	1.3023685
417	3.343186
419	3.806317
420	2.1229389
421	-5.7316504
422	0.5090326
423	1.8924534
425	2.8260489
426	-0.1596579
428	2.0090218
429	4.003234
430	0.5340983
488	3.543098
498	4.6218743
501	2.6240265
503	-0.23575366
504	0.09706247
505	3.4662368
506	3.934335
507	3.8225548
509	-3.8013597
510	-1.0791385
513	3.3820045
514	-2.583985
516	3.6867576
517	2.832164
518	-2.669076
519	1.349483
520	-2.82402
521	0.020183861
523	3.5285473
524	-2.5803313
525	3.3356354
526	1.2358444
528	-0.45123482
529	3.660654
530	3.5493762
531	2.499833
532	-4.843226
533	1.725449
534	3.3803227
536	-7.625815
537	3.2383735
538	4.6063366
539	3.7057877
541	3.400951
543	2.4352627
544	2.4027202
545	-13.245836
546	-9.392794
547	-4.496408
548	1.7933689
550	-4.602441
551	3.1812022
552	3.477034
553	4.0658245
554	3.0291958
555	1.3604304
557	4.2803636
558	-1.9593697
559	3.901319
560	-2.9919348
561	-2.214054
563	4.1182775
564	2.0985928
565	2.7286696
566	0.9810972
567	2.9420884
568	2.1601133
570	2.925129
571	1.8008473
572	-5.7951856
573	2.8676116
576	2.560823
581	2.1917171
582	4.182218
584	-0.7086595
586	-3.9949646
589	2.6859243
590	2.8107677
591	3.3639114
592	1.5889966
593	2.4732118
595	-11.95324
596	3.4639812
597	-0.9064441
598	3.0574646
599	3.326075
600	0.6700225
601	3.1168842
603	-0.4171032
605	3.286695
607	4.5651026
608	0.77897775
609	-2.4634995
610	1.3061036
612	-0.8373095
615	1.7397976
617	2.4947948
619	3.522285
620	1.0801051
622	-0.62180287
623	3.8018498
625	4.6645384
626	1.655894
627	2.4777608
628	-1.4238805
629	2.8515627
630	0.73971355
631	3.490939
632	1.2863095
633	2.0838666
635	4.261281
636	-0.6652616
637	3.3278892
638	-1.1327778
639	-1.3509336
650	0.8248271
651	4.1007237
652	2.7149425
655	3.6393502
656	-1.0219629
657	1.5173275
659	4.7802663
661	3.8178554
663	-0.26793185
665	3.3861823
668	3.6534233
669	0.69935286
670	-5.304244
672	1.8651268
676	1.8436798
677	0.3207323
678	-14.09553
679	-0.5948094
680	-1.2693495
681	2.714707
682	1.4644893
683	2.2936926
685	4.1282744
686	1.5451803
688	2.1586158
690	1.9515927
691	4.055952
692	3.0149522
695	-2.7393584
697	-2.4317136
698	4.4394407
700	0.50857437
701	-0.8859784
702	-5.12144
703	3.5256171
705	-3.3504837
707	2.0672882
708	3.8361428
709	3.5697494
710	-3.121469
711	3.7287908
712	-1.2582304
713	-2.867768
715	-2.0375884
716	-1.9315357
717	1.735515
718	2.5387332
719	3.9357426
720	3.3070514
721	-0.022418236
722	0.5171323
723	3.7240307
725	2.782487
726	2.7660766
727	1.6260357
728	3.6984951
729	4.492072
731	3.5048
733	1.3851789
735	-0.12101855
736	-0.9835966
737	-4.9093223
738	1.9567263
739	2.285023
750	2.9135008
751	3.1233306
752	3.6210823
753	3.6991763
755	-24.368893
756	-3.347681
757	-2.7073708
758	-0.022423435
759	-3.210221
761	3.713686
762	-5.1370792
766	4.3984613
767	4.217717
768	3.068607
776	3.868134
777	-0.24731763
778	3.9032695
779	2.8210552
782	3.3727767
783	3.6490388
785	3.620093
786	2.7723331
788	3.599258
789	3.9735374
790	2.967355
791	2.6657307
792	3.3365116
793	-8.041074
795	1.8651619
796	2.841103
797	-0.13052633
798	4.6445665
799	2.3529623
800	2.8244634
801	-2.752806
802	2.0873408
803	2.0041368
807	1.4182211
809	3.2937684
810	-22.591251
811	2.1381733
812	2.9850602
813	2.3928547
815	2.364421
816	1.3917587
818	4.993346
819	-2.441978
820	-15.508432
821	1.8831991
822	3.304383
823	0.6577473
825	3.7931511
826	-2.6863441
828	-0.40537548
829	-3.5639439
830	1.3362868
831	2.7041984
833	4.6494856
837	-1.2071048
838	2.1950746
839	3.6346931
848	3.9875019
850	2.168965
851	-2.0716865
852	3.7087216
856	2.1070144
858	2.9676893
859	1.5236591
860	1.7571323
862	1.9727316
863	-1.6802797
868	-6.571584
869	3.3248696
875	1.3755115
876	3.595445
877	4.1177855
878	0.28972867
880	-0.6619803
881	2.3573694
882	2.1087265
883	3.1695392
885	2.3872323
886	0.30964676
887	1.5508622
888	-0.07373892
889	1.7889688
890	-3.8317382
892	-0.29322737
893	2.7799706
895	4.4255686
897	0.49933138
898	3.735244
899	0.21664472
900	4.199503
901	-2.4973092
902	4.3001137
903	2.2650247
905	4.08261
906	2.7499468
908	-4.0376396
909	2.7154143
910	4.688563
911	3.5593026
912	3.854905
913	-2.3622139
915	1.8700306
917	2.9884489
919	4.0904603
920	3.3575115
921	1.7843149
922	0.12445591
923	1.3292127
925	-0.1066515
926	2.8803303
927	4.3798685
928	3.3138626
929	0.4770999
930	3.8493946
931	3.8453357
932	3.2453804
933	2.6237905
935	3.344378
936	-5.937385
937	1.2628222
938	1.0216199
948	-0.04753761
949	-2.2269127
950	3.654407
951	1.2268827
952	-2.8030324
953	-1.8760154
955	-0.33095926
957	-1.5451517
958	4.9394455
959	4.1314554
960	1.4590626
962	3.4035935
963	3.5877204
965	-0.93527585
966	3.2451477
967	4.2815933
968	2.9948392
969	2.2171013
970	3.958376
972	-4.9217114
973	2.8906498
975	2.4033806
977	1.9870462
978	1.8701603
980	1.0197816
981	-1.2236454
983	2.6727176
985	3.4262948
987	4.127948
988	0.61633116
989	2.537983
990	2.6757495
993	2.106875
995	-6.6988096
997	1.5857527
998	2.304646
999	3.3435779
1201	1.5228767
1202	3.4504285
1203	3.8594391
1205	3.0577128
1206	-0.21148948
1207	1.4350106
1208	-7.704104
1209	1.5014249
1210	1.2889564
1211	1.963381
1212	-4.229824
1213	2.8438632
1215	0.42469484
1216	-2.4149463
1217	0.112203754
1218	2.6822846
1219	-2.031683
1222	3.268212
1223	-2.889045
1225	4.245509
1226	-3.101063
1227	2.9074168
1228	0.40222415
1229	-4.678715
1230	-3.7742438
1231	-2.8362613
1234	-1.5468752
1236	-4.956117
1238	3.291036
1239	-4.262351
1255	0.30583873
1256	1.239324
1258	1.8833672
1259	-1.2920809
1260	0.13446046
1266	-6.00376
1267	3.1799827
1268	1.2579114
1269	-3.7852638
1270	-3.2933955
1278	1.4462163
1282	-0.29726416
1283	-2.3700929
1286	3.9417362
1287	-3.3920007
1288	0.2441386
1289	2.2220025
1296	1.8404621
1298	-14.673711
1299	0.27721158
1300	-1.620499
1301	-1.2397604
1306	1.473999
1308	-1.963599
1309	-0.5195721
1311	1.817351
1313	-4.904847
1314	-8.603006
1316	-7.4404154
1317	-17.869291
1318	-2.0741947
1319	-3.7818885
1322	0.51897466
1323	2.7137594
1324	0.59152573
1326	2.0784886
1328	0.74722356
1330	1.6210535
1331	0.5338343
1332	-1.025017
1333	-0.45397776
1336	-3.5891013
1337	-1.31546
1338	0.48294705
1339	0.021631718
1358	-12.851898
1359	-6.3712816
1360	-3.0798132
1366	-1.3652016
1367	-1.0162451
1368	-1.6524311
1373	-2.5141258
1376	-1.4158323
1378	-1.358437
1379	-15.861737
1380	-2.7839742
1387	-3.552278
1389	2.3875387
1696	-2.1386783
1872	4.706751
1896	1.7896096
1914	1.0366578
1965	4.853623
1979	3.2506745
2001	-0.6953188
2003	3.5643811
2004	5.269577
2005	3.6415257
2006	3.493159
2007	2.993421
2008	1.1201494
2009	2.433025
2010	4.075685
2011	1.9503448
2012	0.82898104
2014	4.4901896
2015	1.1817095
2016	3.2398155
2017	0.14309095
2019	2.7182875
2020	1.7928393
2021	-4.7253065
2022	-0.9785248
2023	-1.4379494
2024	3.5334702
2025	3.0085666
2026	0.96203005
2027	2.0045774
2028	3.5237174
2029	3.7310448
2030	-6.7006874
2031	0.19306272
2032	5.2597847
2033	0.7076933
2034	3.7691493
2035	-1.5351218
2036	-1.0590682
2037	-2.9501362
2038	1.1318986
2039	2.2959461
2040	4.1152687
2041	2.4804788
2042	1.2736858
2043	2.1566935
2044	3.3356106
2045	-3.1294994
2046	-3.3351064
2047	-4.194049
2048	1.7972538
2049	2.257077
2050	0.8408729
2051	3.8143291
2052	-5.4176817
2053	2.5128436
2054	3.2577846
2055	-3.813109
2056	3.2036004
2057	2.9665215
2058	0.03019936
2059	-2.552103
2060	1.2477429
2061	3.7900214
2062	3.6739113
2063	2.790759
2064	2.7241335
2065	3.1682954
2066	2.8074389
2067	-6.2252817
2068	3.672174
2069	-7.864447
2072	-13.934901
2073	0.2955106
2074	0.048317377
2075	-5.0714
2076	-0.34161514
2077	-2.9112964
2078	2.4011655
2079	2.3455677
2080	3.852712
2081	4.397273
2082	0.84478414
2083	3.2439995
2084	-1.074569
2085	-4.6819735
2086	1.1411505
2088	3.369487
2090	2.3249514
2091	3.421442
2092	3.0141475
2093	1.9026874
2094	-5.588065
2095	2.8320765
2096	0.52945024
2097	0.5512776
2098	4.127794
2099	2.6822605
2100	1.1702399
2101	1.3249457
2102	-1.0725685
2103	2.2256835
2104	1.5465721
2105	3.5503306
2106	1.8663849
2107	2.9698913
2108	3.736271
2109	3.436498
2110	3.9860985
2111	-0.32417294
2112	1.5030091
2114	0.48174733
2115	-1.0496376
2116	1.2108591
2117	2.216116
2119	-0.5260824
2120	3.8230548
2121	3.0325954
2122	2.9097667
2123	1.7182376
2124	2.2909675
2125	1.6910622
2126	2.173243
2127	2.654945
2128	2.293617
2129	2.1534433
2130	-6.6372337
2131	0.9076284
2132	-1.7259111
2133	1.9093059
2134	0.26823935
2135	3.8295283
2136	-1.2825162
2137	1.6241649
2138	0.36247846
2139	-0.0002186656
2140	2.9786167
2141	0.36936763
2142	3.7485065
2144	-0.13217267
2145	-0.21491389
2146	-3.239122
2148	2.80395
2149	1.6985953
2150	3.3342583
2151	-0.80010587
2152	2.7685366
2153	2.7086947
2154	4.1053042
2155	-0.3154532
2156	1.2836654
2157	1.7145888
2158	2.2741103
2159	0.49706584
2160	2.5546975
2161	1.6564846
2162	-0.20298079
2163	3.3971794
2164	1.8536253
2165	0.19371864
2166	-2.0173671
2167	-6.6121993
2168	-14.03331
2169	3.4767861
2170	2.2131426
2171	2.936625
2172	2.6548126
2173	1.3091407
2174	2.5724316
2175	-1.8207216
2176	1.900341
2177	-0.9001821
2178	-1.7571545
2179	3.6238232
2180	1.9918535
2181	4.317368
2182	2.8190854
2183	3.501957
2184	2.2430649
2185	0.33186606
2186	1.7573153
2187	3.7343612
2188	-2.6960022
2189	-5.509219
2190	1.4163687
2191	3.3586051
2192	-4.5862265
2193	-5.3464885
2194	2.1015
2195	1.9196355
2196	-3.494413
2197	1.4846299
2198	2.6818445
2199	-9.150359
2200	3.0302496
2201	-6.9365134
2202	1.6650746
2203	4.5031486
2204	3.3497605
2205	-2.5958078
2206	1.0432882
2207	-4.303706
2208	3.7554219
2209	-2.899703
2210	1.8179115
2211	3.914229
2212	2.2127788
2213	0.4057642
2214	0.6162173
2215	-0.1560339
2216	3.56541
2217	-0.59088755
2218	-0.40482578
2219	-1.6831458
2221	4.8296304
2222	1.7370203
2223	2.6462052
2224	3.7964618
2225	0.3606669
2226	2.8618684
2227	2.586145
2228	4.0252504
2229	3.1585438
2230	3.3600075
2231	-3.0430055
2232	-1.5901294
2233	2.6651711
2234	2.157002
2235	3.1958401
2236	2.8209963
2237	1.9175913
2238	3.2294407
2239	2.7509797
2240	0.28127688
2241	-3.8125877
2242	3.293778
2243	1.1393595
2244	-2.100968
2245	1.2177508
2246	-20.89533
2247	1.5886675
2248	-7.755015
2249	2.3590474
2250	3.1258557
2251	2.8533747
2252	3.533533
2253	-2.5433178
2254	0.1490493
2255	-0.9126215
2256	-8.303518
2258	3.3500354
2259	3.4049973
2261	-1.9181273
2262	4.2554264
2263	3.6996262
2264	1.8478884
2265	3.063414
2266	4.764526
2267	2.348391
2268	3.2781987
2269	1.0090425
2270	3.5696914
2271	4.8456736
2272	-2.0214303
2273	-4.3400006
2274	2.4441915
2275	4.4037642
2276	2.030285
2277	2.927751
2278	-5.732174
2279	-0.9625729
2281	2.9948182
2282	1.530123
2283	0.0040082214
2284	-1.5542305
2285	-10.002974
2286	2.4619236
2287	5.3294067
2289	2.6699977
2290	3.3913512
2291	-3.1406226
2292	-1.4262632
2293	3.888466
2294	4.3038816
2295	2.3381264
2296	-1.3581727
2297	-0.60106915
2298	-1.0115178
2299	3.7383206
2300	3.1751363
2301	0.5052275
2302	3.298663
2303	-8.756836
2304	3.5903556
2305	-4.994351
2306	0.34650007
2307	-0.18693472
2308	2.772399
2309	3.1047773
2310	-1.4045277
2311	4.2214746
2312	1.9807268
2313	0.69392014
2314	1.6677878
2315	-2.6445787
2316	0.38137496
2317	-4.2277308
2318	2.7434003
2319	1.6339836
2320	3.6360688
2321	2.133809
2322	-0.384993
2323	-0.80079734
2324	3.6000667
2326	3.062635
2327	4.7122383
2328	3.0048587
2329	-7.292491
2330	2.7061331
2331	-3.451939
2332	1.0781468
2333	3.5059295
2334	-0.103438124
2335	0.2136147
2336	3.0718548
2337	1.5959939
2338	1.3829958
2339	-4.9385004
2340	0.9349905
2342	-5.420035
2343	0.73260605
2344	3.9589245
2345	1.7262135
2346	3.4136944
2347	-2.8622365
2348	0.77838427
2349	-0.30585375
2350	-0.3131554
2351	0.6459707
2352	4.1215005
2353	1.9926507
2354	-1.7006212
2355	-5.1224456
2356	-2.8064847
2357	-7.4242706
2358	2.7732449
2360	2.5741606
2361	1.608193
2362	2.0688152
2363	2.9793398
2364	-0.8191037
2365	-0.089291535
2366	-0.6474522
2367	1.7229865
2368	2.7264824
2369	-5.5527983
2370	-13.026935
2371	1.7172047
2372	4.0982866
2373	-0.047924057
2374	1.230858
2375	3.6670578
2376	3.8689194
2377	-0.6138244
2378	2.165416
2379	1.7067258
2380	-2.2603905
2381	2.8787572
2382	4.349985
2383	-2.471309
2384	-4.615054
2385	3.1254053
2386	3.5098643
2387	2.455733
2388	-15.369211
2389	-1.8285809
2390	3.2095153
2391	4.3057947
2392	3.0663753
2393	3.8099704
2394	3.5735118
2395	-5.81907
2396	3.6865764
2397	0.31389397
2398	2.766949
2399	4.1399894
2400	-0.9527664
2401	3.0886602
2402	2.4677768
2403	-19.530369
2404	3.4059975
2405	-2.036154
2406	0.1860723
2407	2.9313407
2408	2.8623962
2409	2.233047
2410	1.8454497
2412	1.9689357
2413	-1.7010071
2414	-0.55728894
2415	3.7727368
2416	-1.2478349
2418	-7.4193
2419	3.2998023
2420	-2.6323516
2421	3.5697827
2422	3.7202353
2423	3.3782082
2424	-0.039355498
2425	-13.323235
2426	-1.9958751
2427	3.0118136
2428	-6.8946443
2429	2.1905491
2430	2.8903859
2431	0.51543075
2432	2.0948246
2434	3.6948864
2436	-5.0644073
2437	0.102823295
2438	0.5593165
2439	3.8014226
2440	5.191543
2441	3.409774
2442	2.5644724
2443	3.4695497
2444	1.4971434
2445	2.4757433
2446	-0.7980774
2448	0.9787384
2449	-1.2181162
2451	3.4427044
2452	1.1183846
2453	4.1319246
2454	0.8805979
2455	-1.677612
2456	-4.6839323
2457	-1.292978
2458	3.1553962
2459	1.7714698
2460	-2.0753212
2461	5.3329363
2462	4.0528736
2463	0.57227695
2465	1.3746736
2466	-0.2607414
2467	3.1841664
2468	2.660659
2469	3.7506084
2470	3.6758943
2471	-0.99314034
2472	2.2892466
2474	3.3608422
2475	1.8126135
2476	2.1334796
2478	1.7414055
2479	-3.2859898
2480	1.2146099
2481	2.3274045
2482	0.2988844
2483	1.8122339
2484	2.5219865
2485	4.4215217
2486	2.9937274
2487	1.0624268
2488	-5.4390078
2489	4.034407
2490	2.3251765
2491	0.30112824
2492	3.397508
2493	4.4049253
2494	3.39016
2495	-0.51145685
2496	0.6328227
2497	2.2442656
2498	3.5662951
2500	4.163035
2501	1.2687194
2506	3.155466
2507	2.2242427
2508	2.6434388
2510	0.068798706
2511	3.6282673
2512	-1.8624195
2513	0.2292676
2514	1.8480631
2515	1.6796825
2516	3.5347867
2517	0.81701964
2518	2.2813528
2519	-4.0699434
2520	-0.6541186
2521	0.03220124
2522	3.1486866
2523	3.9848087
2524	2.3136067
2526	1.1658108
2527	-6.8472023
2528	3.0242934
2529	-4.2004104
2530	2.8585076
2531	1.4426419
2532	2.9343243
2533	1.9323456
2534	1.4573123
2535	-2.0543432
2536	3.1292987
2537	-0.41849524
2538	4.184143
2539	2.50781
2540	2.7477047
2541	2.3551762
2542	-0.39881402
2543	3.220787
2544	1.2427764
2545	2.6070352
2546	3.0720825
2547	-6.302148
2548	2.3465037
2549	-0.50471926
2550	3.2000542
2551	3.607547
2552	0.06289707
2553	-12.0079365
2554	1.0015363
2555	0.23593053
2556	-2.1846595
2557	1.7829654
2558	1.8905392
2559	-0.074394085
2560	0.23635519
2561	-3.2528744
2562	-2.2592776
2563	2.4720776
2564	2.8034744
2565	-0.993878
2566	3.2791238
2567	2.2090642
2568	1.612409
2569	2.1889126
2570	0.9020462
2571	3.1466768
2572	0.16392747
2573	3.0267987
2574	2.0444145
2575	2.7728293
2576	-3.5131505
2577	-16.360302
2578	2.4627805
2579	-2.897634
2580	2.7109308
2581	2.6664538
2582	0.70303065
2583	0.64392126
2584	-2.3652735
2585	2.1111002
2586	3.2888649
2587	-4.3019285
2588	3.7237084
2589	4.2871804
2590	-1.7921251
2591	-0.34673586
2592	1.5132259
2593	2.3741705
2594	3.140968
2595	4.7325716
2596	-12.346385
2597	1.4747317
2598	2.7570448
2599	-6.0139976
2600	-4.277753
2601	3.5981433
2602	1.1678762
2603	-1.1032077
2605	-1.7639198
2606	-1.4130008
2607	-0.80653316
2608	3.327055
2609	2.3785124
2611	-2.7665308
2612	2.3654933
2613	0.92762357
2614	3.602512
2615	-1.8674657
2616	2.5707726
2617	0.09617285
2620	-0.70100605
2622	2.3127117
2623	2.8467197
2624	0.5354166
2625	0.6431693
2626	-0.7699409
2627	1.1183437
2628	-0.2952404
2629	-1.9582131
2630	2.0416398
2631	-6.125969
2632	0.48109084
2633	-10.234268
2634	4.123577
2635	2.2540102
2636	2.977491
2637	3.0902205
2638	1.1550844
2639	-4.2300205
2640	-3.5519586
2641	3.6171143
2642	-12.467676
2643	2.723062
2644	-1.2252295
2645	-0.86716306
2646	3.203455
2647	-16.256145
2648	3.100874
2649	2.5800836
2650	-0.7656603
2651	-0.7838174
2652	0.7092955
2653	3.6463325
2654	-1.2541368
2655	-3.8301034
2656	-4.4152756
2657	1.3473074
2658	-0.7424498
2659	-7.109371
2660	2.0849345
2661	3.4920688
2662	2.9242852
2663	4.007837
2664	2.6104565
2666	2.369113
2667	-12.925354
2668	-3.1405902
2669	-0.6105872
2670	0.6492773
2671	1.8593137
2672	2.5005264
2673	1.7149025
2674	4.66829
2675	3.1708329
2676	1.3016618
2677	3.1549282
2678	1.8179789
2679	0.35316753
2681	-6.719449
2682	-4.8069086
2683	1.4428422
2685	-4.2516956
2686	2.9586904
2687	2.9001896
2688	3.2867157
2689	-8.951711
2690	3.1422548
2691	-10.431778
2692	3.71849
2693	-12.449606
2694	-0.25694475
2695	-1.4499015
2696	2.0284152
2697	0.27173156
2698	1.0490443
2700	3.2740388
2701	4.307879
2702	2.5837479
2703	-2.6451347
2705	1.7909247
2706	2.0488267
2707	-3.01555
2708	-2.5126085
2709	0.71739745
2712	1.3099865
2713	-8.449019
2714	4.037933
2715	-0.043963842
2716	-1.138195
2717	-10.523302
2718	2.6634097
2719	-0.42941588
2721	3.704391
2722	2.429056
2723	2.3544626
2724	2.2264872
2725	1.9918938
2726	3.856001
2727	2.853744
2728	-2.83624
2729	-13.673513
2730	2.3150196
2731	-0.5927714
2732	3.2934756
2733	2.4119427
2734	2.079274
2735	-3.6611214
2737	2.38424
2738	0.5287887
2739	2.485599
2741	-1.910949
2742	3.890353
2743	3.6261585
2745	1.5649034
2746	3.8366902
2747	-0.18793662
2748	-0.759879
2749	2.0255108
2750	0.18658674
2752	2.8385289
2753	1.3536819
2755	4.9550076
2756	-2.6086278
2757	2.070729
2758	3.9772058
2759	1.7565873
2760	-11.5713415
2761	-1.8691254
2762	-9.165186
2763	3.8791046
2765	2.573632
2766	-4.490937
2767	-4.917104
2768	3.2030876
2769	1.5521653
2771	-7.786977
2772	-1.3787262
2773	3.4781318
2774	3.2225342
2775	-7.741533
2777	0.6671699
2778	-0.72614586
2779	4.230798
2780	-11.788745
2782	1.9109535
2783	-0.98028356
2785	-2.8762507
2786	-0.28905588
2787	1.3663609
2788	1.0502719
2789	2.0466418
2790	1.1820426
2791	0.57100695
2792	-1.1261265
2793	2.476831
2795	2.3491132
2796	-4.059719
2797	2.9578257
2798	3.0410557
2799	-7.969419
2800	0.23883037
2801	2.544987
2802	3.6549923
2803	1.3656721
2805	-5.2263823
2806	-3.7688358
2807	2.9858284
2808	0.46965343
2809	-0.5972472
2810	-1.1460855
2811	3.539804
2812	3.2846093
2813	-2.320964
2815	1.0740778
2816	3.8703315
2817	3.5150802
2818	3.169827
2819	-9.26929
2820	0.96677876
2821	2.6087744
2822	2.4875126
2823	-5.4780664
2824	-0.25866082
2825	3.11358
2826	1.3711606
2827	-9.542948
2828	-3.8848872
2829	-14.1982975
2830	3.3262017
2831	2.859343
2832	2.4501953
2833	2.1433883
2835	-0.73852694
2836	0.49561033
2837	-1.07369
2838	2.0049903
2839	3.455011
2840	4.295371
2841	2.871097
2842	1.864322
2843	-2.9374936
2845	-1.2018926
2846	-0.50676966
2847	3.754514
2848	-2.034491
2849	3.2141929
2850	-0.44507733
2851	-1.0542428
2852	2.2152114
2853	3.5538864
2855	-2.0783696
2856	1.4082532
2857	-4.5406604
2858	0.90522707
2859	2.9980993
2860	3.1015992
2861	-10.190565
2862	1.7154537
2863	1.7043616
2864	-2.3865457
2865	-2.080861
2866	1.4724263
2867	4.950105
2868	0.81520414
2869	-1.2334564
2870	3.4107318
2871	-1.8289217
2872	1.0996186
2873	-5.317479
2875	-0.9931936
2876	1.4252517
2877	2.3104641
2878	0.089058995
2879	2.2638316
2880	3.9119484
2881	-2.4038942
2882	-6.9706445
2883	-2.8443465
2884	2.766799
2885	1.6028545
2886	0.29890978
2887	-0.79435444
2888	-12.753008
2889	-1.5134766
2890	-3.321629
2891	1.5652483
2892	-0.58916175
2893	1.4666901
2895	1.9494823
2896	1.2739193
2897	-3.994238
2898	-3.0488617
2899	2.8483355
2900	0.4217275
2901	2.8562672
2902	-5.0136137
2903	-0.7887484
2905	-2.14585
2906	1.8131053
2907	0.20719731
2908	2.3996158
2909	2.3684254
2910	-2.2709928
2911	4.452134
2912	2.6769834
2913	-0.21429375
2915	-12.219177
2916	1.1375294
2917	-1.8171415
2918	2.4545982
2919	-9.71779
2920	-1.6068027
2921	3.306453
2922	-1.6877153
2923	0.7250615
2925	2.621163
2926	4.003582
2927	-4.04059
2928	0.8004721
2929	1.9430723
2930	5.0373635
2931	1.2940754
2932	-2.2106624
2933	-8.276587
2935	-0.10506217
2936	3.3787155
2937	1.29007
2938	1.0021559
2939	4.072404
2940	-0.27917314
2941	0.59280175
2942	2.688308
2943	1.9067112
2945	3.3827224
2946	3.1877687
2947	-1.8090292
2948	3.4191506
2949	2.4564087
2950	3.7740586
2951	4.1623015
2952	-12.834967
2953	2.3417745
2955	-0.42586654
2956	4.0252624
2957	-2.7912974
2958	3.3266556
2959	3.1302836
2960	2.6683736
2961	0.121222496
2962	-2.5812888
2963	-0.5833741
2965	2.3413987
2966	3.3160698
2967	1.5761673
2968	-1.9403658
2969	2.455485
2970	-0.117281474
2971	4.8314643
2972	-0.5251838
2973	-0.4796525
2975	0.50435436
2976	0.21918988
2977	-5.243247
2978	1.7051041
2979	-1.4862065
2980	0.30709076
2981	-13.889897
2982	-4.515867
2983	1.0570927
2984	1.1103477
2985	-0.0767895
2986	-10.193657
2987	-7.0424447
2988	2.630196
2989	-0.82886773
2990	1.1992786
2991	-1.2821587
2992	0.92634904
2993	2.392395
2995	-1.9109213
2996	2.1112664
2997	-1.7844677
2998	2.5479662
2999	2.4704566
3000	-2.6792135
3001	-13.507713
3002	-2.8408356
3003	3.1070406
3004	0.50824714
3005	-2.2550428
3006	2.3707662
3007	0.13945314
3008	-1.2661475
3009	0.1491443
3010	-2.7376947
3011	2.4434729
3012	3.3941789
3013	2.5319831
3015	-3.9471378
3016	3.6773217
3017	3.5341103
3018	2.5562835
3019	-0.80147743
3020	3.3641083
3021	-1.5376062
3022	3.0513062
3023	1.703532
3025	0.6120633
3026	-16.615694
3027	-0.7392662
3028	1.5599009
3029	-4.375311
3030	3.0673277
3031	2.8160834
3032	-3.3673205
3033	2.503971
3035	3.1518426
3036	3.9860244
3037	-1.9683632
3038	1.6944866
3039	2.4086273
3040	2.2709794
3041	2.7598236
3042	2.0665493
3043	-1.9643955
3816	3.7373264
300001	0.05132538
300002	2.2008095
300003	4.3944902
300004	-1.6570904
300005	-20.651041
300006	2.4689674
300007	1.5436208
300008	-0.0076084374
300009	2.2432876
300010	-4.9199433
300011	-11.396636
300012	1.1176218
300013	-11.456316
300014	2.2534587
300015	1.689621
300016	2.7774053
300017	1.7311579
300018	0.7304407
300019	3.7021
300020	-2.618613
300021	1.4931211
300022	-0.8590764
300024	2.6795201
300025	0.59063035
300026	-0.71609956
300027	-27.200312
300029	-10.221243
300030	-4.1127386
300031	-2.7772858
300032	-16.015121
300033	0.7645466
300034	-0.07379153
300035	1.318702
300036	-1.3839346
300037	2.5875716
300039	-1.2595726
300040	-7.1256967
300041	-3.0981705
300042	-11.839371
300043	-6.3873005
300044	-3.3491912
300045	-3.5354455
300046	-1.9047213
300047	1.0112658
300048	3.3852267
300049	1.3816483
300050	-30.192926
300051	-2.6975927
300052	1.8413899
300053	-9.006784
300054	2.631762
300055	1.9462067
300056	1.0162337
300057	3.2677474
300058	1.5059941
300059	1.7736998
300061	-27.733032
300062	-2.9335673
300063	-19.91565
300065	1.0760565
300066	-5.608885
300067	2.8199477
300068	3.2578444
300069	-13.153303
300070	3.2224078
300071	-5.1053414
300072	1.3988671
300073	-5.642952
300074	-0.32653102
300075	2.5104983
300076	-12.6409235
300077	-3.433091
300078	-1.5960395
300079	-10.3698015
300080	-1.7782596
300081	-12.444566
300082	-9.654471
300083	0.3004846
300084	1.5924973
300085	1.6790316
300086	-0.060022496
300087	-1.30077
300088	-0.2358932
300091	-4.5049458
300092	-0.92916805
300093	-2.2041218
300094	-6.3972144
300095	2.0676885
300096	-11.092968
300097	-5.33507
300098	-7.823615
300099	-2.9529748
300100	-0.32043684
300101	0.34719694
300102	-7.079671
300103	1.3985809
300105	-6.30366
300106	-2.2621744
300107	-5.7955046
300108	-2.2287538
300109	0.35973403
300110	-3.0696216
300111	-3.3631897
300112	2.916414
300113	-7.8773584
300114	-0.7283609
300115	-0.29452634
300117	-9.21855
300118	1.3798152
300119	2.9363708
300120	0.6743684
300121	1.289398
300122	2.1267512
300123	-4.0635695
300124	4.030284
300125	-30.47857
300126	3.452249
300127	1.9344898
300128	-4.783391
300129	-0.78979963
300130	-6.4900994
300131	-11.870099
300132	-2.4950092
300133	0.6201127
300134	2.2815168
300135	-3.0282075
300136	-4.1083355
300137	1.7863178
300138	1.8760202
300139	-4.496782
300140	2.3517795
300141	-3.1355493
300142	2.2021337
300143	3.2410996
300144	-0.35965306
300145	2.8809361
300146	3.0491683
300147	-29.868484
300148	-7.8644767
300149	-8.068143
300150	-3.6775544
300151	2.9133182
300152	-8.016739
300153	-0.07133515
300154	3.1141849
300155	-2.0073934
300157	-11.303458
300158	-3.9542649
300159	-8.549713
300160	2.204998
300161	-3.1465366
300162	-5.494797
300163	-2.7120233
300164	-4.9948974
300165	-12.047397
300166	3.2665036
300167	-3.0865614
300168	-0.9354061
300169	-1.7597898
300170	3.0740657
300171	3.116537
300172	-5.6681128
300173	-1.357145
300174	2.964841
300175	-0.8494253
300176	-2.6909173
300177	-4.400785
300179	-3.3242886
300180	-10.787208
300181	3.3910644
300182	-1.8462293
300183	-6.5430236
300184	-25.630136
300185	3.8794017
300187	-5.4985414
300188	2.669482
300189	-4.0747476
300190	3.200648
300191	0.26799214
300192	-4.351243
300193	3.1904862
300194	-0.22605535
300195	3.61198
300196	2.937481
300197	-3.0023317
300198	-7.0139856
300199	-2.9637094
300200	2.10923
300201	2.1471825
300203	2.688319
300204	-8.661167
300205	6.052911
300206	2.9189546
300207	-4.275178
300208	-4.9640493
300209	-8.741133
300210	1.1485107
300211	-15.420523
300212	2.7394054
300213	-5.9332724
300214	2.2916265
300215	-4.0711865
300217	0.9211894
300218	-1.2703737
300219	-3.3397262
300220	1.2408682
300221	0.3100645
300222	-0.91170627
300223	5.051787
300224	3.2222302
300225	0.44882354
300226	-1.0341918
300227	0.68786305
300228	-5.024981
300229	3.3457904
300230	3.132501
300231	2.7424428
300232	-0.3467199
300233	5.644651
300234	2.0885413
300235	-2.3926294
300236	1.726628
300237	-0.14664905
300238	-1.2720782
300239	1.7890087
300240	-6.326186
300241	-11.381463
300242	-16.619732
300243	-1.8521761
300244	2.242723
300245	-0.13951536
300246	3.296545
300247	2.2719333
300248	2.7156994
300249	0.7286885
300250	0.84797513
300251	2.1379108
300252	-4.738448
300253	0.29504895
300254	-0.5458155
300255	0.31947762
300256	-26.6544
300257	3.1878848
300258	2.084838
300259	-1.1973466
300260	3.7812061
300261	-4.0128174
300263	1.4394653
300264	-6.0265756
300265	-5.6426134
300266	-4.2947288
300267	-4.047373
300268	0.99898833
300269	-18.29502
300270	-1.0592973
300271	2.479045
300272	-0.14148939
300274	2.1046798
300275	1.6069103
300276	-6.023567
300277	3.8984635
300278	-7.6821136
300279	1.2847011
300280	-1.332513
300281	-5.308751
300283	1.2993795
300284	-5.6823325
300285	3.2530556
300286	2.9835532
300287	-4.111628
300288	-0.12515621
300289	1.8335912
300290	3.5504556
300291	1.0550791
300292	-3.0379605
300293	-3.536866
300294	3.940326
300295	-2.6454256
300296	-11.11688
300298	3.8289638
300299	-20.178648
300300	-8.682752
300301	2.4275084
300302	-0.58549607
300303	3.5507329
300304	1.1926233
300305	1.8369424
300306	3.2380776
300307	-0.37893587
300308	3.2966015
300310	-13.177948
300311	5.495619
300313	-4.615065
300314	1.21615
300315	-0.38690868
300316	5.240712
300317	3.1120732
300318	-3.1394145
300319	-3.8393655
300320	1.138016
300321	-1.7494423
300322	-11.634501
300323	-9.054948
300324	-1.5932359
300326	0.43801123
300327	0.14277543
300328	-24.501865
300329	-3.7763886
300331	-1.0011322
300332	2.833457
300333	-1.4686697
300334	-2.8443377
300335	1.0491381
300337	-2.8503907
300338	-4.3754005
300339	0.80395854
300340	-3.522138
300341	3.0696673
300342	-4.899501
300343	1.4125077
300344	-2.0131288
300345	1.0074923
300346	-1.779149
300347	0.6518402
300348	-3.6550822
300349	-4.0826173
300350	-1.1810203
300351	-1.5804573
300352	3.3016446
300353	-7.8124876
300354	0.95586777
300355	1.7948303
300357	1.3392956
300358	2.7535038
300359	-11.2104435
300360	1.643511
300363	-0.29235122
300364	1.3989985
300365	2.2132745
300366	-2.5372975
300368	-6.6235642
300369	-0.1342959
300370	-3.9616451
300371	-21.100782
300373	1.6412827
300374	1.8453777
300375	-1.9524444
300376	0.49403018
300377	-4.870622
300378	3.1024158
300379	-11.611055
300380	-2.9092426
300381	-4.846284
300382	2.2264993
300383	3.1445801
300384	0.40562457
300385	-5.7167172
300386	-8.547155
300387	-3.839421
300388	3.7635834
300389	2.841767
300390	0.7552582
300391	-1.0814606
300393	-0.041463
300394	-3.0723734
300395	2.1519208
300396	-1.9272467
300397	-1.8377876
300398	1.9993645
300399	-3.0375218
300400	-10.708771
300401	-1.2303936
300402	-1.3687443
300403	-1.7302265
300404	-3.4219165
300405	2.8231828
300406	1.8847291
300407	-2.079693
300408	2.7235122
300409	0.36295694
300410	-22.919254
300411	-1.5146356
300412	-4.0442457
300413	2.840147
300414	2.9198103
300415	0.18718222
300416	-3.8939366
300417	-4.2598276
300418	-3.245187
300419	-2.6380296
300420	0.15744305
300421	-15.80247
300422	-1.5088394
300423	2.9467568
300424	-4.6880956
300425	1.8747078
300426	-1.8641326
300427	1.0943985
300428	3.6018384
300429	1.246356
300430	-0.39235988
300432	-7.923246
300433	-0.96034735
300434	2.180046
300435	3.200541
300436	-12.2157345
300437	-1.8905354
300438	-18.257492
300439	-2.4009175
300440	1.6800219
300441	0.90925217
300442	-3.16676
300443	-4.385379
300444	0.084937796
300445	2.1668904
300446	-4.921864
300447	-3.3989894
300448	-6.2239585
300449	-1.172745
300450	2.1388776
300451	-0.29718637
300452	2.7290595
300453	1.2387844
300454	2.8698876
300455	-4.343655
300456	-2.6888824
300457	-2.6569207
300458	-0.31210306
300459	-3.8455536
300460	-12.809036
300461	-22.979773
300462	-1.0375891
300463	-2.6941414
300464	-5.720678
300465	-6.9511666
300466	-2.4065483
300467	-5.4230556
300468	-12.265274
300469	-11.654708
300470	3.218961
300471	-15.577156
300472	-17.882164
300473	-11.158819
300474	1.5324754
300475	0.2393264
300476	2.9214404
300477	-8.431188
300478	-11.850896
300479	-0.09466547
300480	-3.7644875
300481	2.362177
300482	1.2185433
300483	-0.7361827
300484	-8.010654
300485	-0.77690995
300486	-4.108949
300487	1.6089128
300488	3.563481
300489	-0.7879139
300490	-16.632908
300491	-3.104194
300492	0.42258486
300493	-3.6009808
300494	-2.8645792
300496	2.2547688
300497	1.3803792
300498	3.8873887
300499	-2.8482032
300500	-4.8164515
300501	-7.8209734
300502	1.4247987
300503	-4.515725
300504	-23.187952
300505	-0.24129042
300506	3.085639
300507	-1.7137893
300508	-1.1650411
300509	4.1332994
300510	2.20091
300511	-9.674475
300512	0.059894025
300513	-0.19536915
300514	-0.6580382
300515	2.728775
300516	-2.210061
300517	-0.6781648
300518	-24.403513
300519	-7.1053023
300520	-1.3247645
300521	1.5291694
300522	1.0840079
300523	2.0057008
300525	0.46605787
300527	3.387935
300528	-0.34671983
300529	1.4344356
300530	-9.534582
300531	-11.060525
300532	-5.231989
300533	-0.90647566
300534	-3.2632947
300535	1.7347107
300536	0.3558698
300537	-0.05846355
300538	-2.4089704
300539	-9.414559
300540	2.9330528
300541	-3.925466
300542	-7.4040174
300543	-9.491878
300545	-2.2634635
300546	-2.5480762
300547	-0.43015733
300548	-4.375913
300549	-2.1727707
300550	-0.19030926
300551	-3.287043
300552	-5.38451
300553	-2.3898892
300554	-2.6101773
300555	4.895679
300556	-7.650859
300557	-2.203051
300558	1.2607961
300559	-2.1140544
300560	-3.4402595
300561	-1.6397301
300562	1.0938431
300563	-7.652983
300564	0.36642155
300565	1.633528
300566	1.1263645
300567	-1.4484435
300568	1.4866146
300569	0.2259613
300570	-3.3468127
300571	0.070426784
300572	-1.7629368
300573	3.6735058
300575	1.6113489
300576	-0.90514153
300577	1.7763773
300578	0.8647367
300579	-2.0550892
300580	-1.6452099
300581	-3.665212
300582	-2.8671067
300583	-6.924253
300584	-16.319979
300585	-3.9325073
300586	-4.820777
300587	1.9491974
300588	2.7808747
300589	-3.064891
300590	-2.9769268
300591	-8.677477
300592	3.8571224
300593	0.16668525
300594	-5.8687124
300595	3.3779016
300596	-1.436408
300597	3.0653396
300598	-3.3616014
300599	-2.6935647
300600	2.038488
300601	2.530841
300602	-2.8881419
300603	-0.42626968
300604	-0.66957575
300605	-2.2964368
300606	-0.69078714
300607	1.9829937
300608	2.1957254
300609	-6.865168
300610	-0.31830686
300611	-2.75254
300612	-1.0544024
300613	-3.0990853
300614	0.0003801346
300615	-7.9725657
300616	1.7983916
300617	3.6404557
300618	-0.59588015
300619	-21.51069
300620	-0.24779268
300621	-2.0090775
300622	-32.595943
300623	-0.6982261
300624	3.4894528
300625	-0.4174338
300626	-11.127337
300627	0.4131257
300628	2.791903
300629	1.0962188
300630	-16.726875
300631	-1.0267605
300632	-6.800573
300633	2.5673933
300634	4.5838594
300635	-0.6332036
300636	1.3408632
300637	-4.9925485
300638	1.2045715
300639	-17.493198
300640	3.4449089
300641	4.0307665
300642	-11.609935
300643	-0.53789616
300644	-3.306804
300645	0.7617985
300647	-22.131351
300648	-16.599667
300649	-1.0135297
300650	-0.2547087
300651	-3.6513584
300652	2.5217476
300653	-0.1887761
300654	-1.3380654
300655	1.8839096
300656	-2.1419847
300657	-1.4982938
300658	3.4237564
300659	1.8558594
300660	1.5200369
300661	3.8657336
300662	3.9142632
300663	-3.6385217
300664	3.627322
300665	-10.986
300666	-1.7087988
300667	0.34955907
300668	0.4267456
300669	3.420428
300670	-1.232156
300671	-6.006155
300672	-0.82030535
300673	-1.0744877
300674	0.8925725
300675	-5.6031456
300676	2.6176493
300677	0.5241296
300678	2.14043
300679	0.12855451
300680	-4.105643
300681	-1.4382064
300682	2.8650148
300683	-0.09487344
300684	-1.0308169
300685	2.0144105
300686	-3.0872524
300687	1.3760482
300688	-3.1291883
300689	-10.690079
300690	-4.966962
300691	-6.378579
300692	-0.98425275
300693	-1.472024
300694	3.8240795
300695	-1.7710721
300696	-0.9628665
300697	-0.7541113
300698	1.0740983
300699	2.0039968
300700	1.1024002
300701	-0.9008625
300702	3.006456
300703	2.059277
300705	1.9478693
300706	-1.3018248
300707	-2.8662012
300708	-2.282501
300709	-4.959184
300710	-4.4898405
300711	-6.069707
300712	3.1970134
300713	-7.8764067
300715	3.7807534
300716	-9.652237
300717	1.6409712
300718	-18.869904
300719	-5.1859984
300720	-15.598801
300721	-0.2470201
300722	-6.7241197
300723	3.4892128
300724	2.7520769
300725	0.52824104
300726	-7.7120905
300727	1.704998
300729	1.7497641
300730	-3.6416974
300731	-3.4927487
300732	-1.3104472
300733	-1.7529356
300735	-2.4364412
300736	-0.46630883
300737	1.077851
300738	1.5759128
300739	-0.9386543
300740	5.002595
300741	3.7944705
300743	0.6157006
300745	1.1791539
300746	-0.13248102
300747	1.6781919
300748	3.2895637
300749	3.5948544
300750	3.4373767
300751	5.32807
300752	-1.6896322
300753	0.81440175
300755	3.293775
300756	2.1301825
300757	-0.922853
300758	-2.16558
300759	2.9976654
300760	3.7160308
300761	1.957497
300762	-2.2833066
300763	1.3256524
300765	1.740598
300766	2.1707149
300767	0.65254
300768	2.3546443
300769	1.2819788
300770	3.420133
300771	-2.8237417
300772	-1.1466691
300773	-2.774363
300774	-8.870571
300775	-1.5810444
300776	-0.46190637
300777	1.9306672
300778	-7.6122093
300779	3.385037
300780	-4.230673
300781	-1.6348522
300782	3.0635164
300783	-0.6071967
300785	1.6741127
300786	2.6733594
300787	-8.599376
300788	-20.9416
300789	-3.9746337
300790	-0.59437025
300791	2.2827692
300792	0.9983246
300793	-1.8424647
300795	0.81950015
300796	4.1265254
300797	1.8279636
300798	2.3712835
300800	0.4754177
300801	2.157679
300802	2.6270938
300803	-0.38728783
300804	1.6442028
300805	-3.872594
300806	-5.8810005
300807	-2.4732285
300808	0.10008441
300809	0.5278715
300810	-0.83771163
300811	1.1872975
300812	-2.9517393
300813	-2.8318336
300814	0.5672552
300815	1.9821932
300816	1.1070042
300817	-12.404852
300818	1.3219173
300819	2.0968244
300820	-4.088136
300821	3.6817794
300822	-0.6099592
300823	-1.3891109
300824	-1.8993874
300825	-0.87203914
300826	-2.718024
300827	0.19558997
300828	-0.50191367
300829	3.0535035
300830	0.8652016
300831	-0.21375223
300832	3.7020118
300833	1.440672
300834	0.0467031
300835	-1.2983487
300836	-6.8809304
300837	3.0547936
300838	3.8776321
300839	-8.398333
300840	-11.634941
300841	1.378618
300842	0.08584014
300843	-0.9738619
300844	-8.115848
300845	-4.133882
300846	-1.5018781
300847	0.8991901
300848	2.138676
300849	3.110347
300850	-2.3225667
300851	-9.526909
300852	2.2947915
300853	-15.951352
300854	-3.7416744
300855	2.0750186
300856	3.3440807
300857	1.0718206
300858	2.8876197
300859	1.4308279
300860	-5.2557287
300861	3.3138452
300862	-1.8266932
300863	-2.3735976
300864	1.8095322
300865	-0.9570755
300866	2.2197702
300867	3.7840638
300868	-8.514227
300869	2.7152057
300870	0.58395255
300871	3.369557
300872	-0.9294448
300873	1.5402344
300875	-32.48545
300876	3.3848732
300877	3.4313493
300878	-4.08781
300879	-0.54701865
300880	-13.41113
300881	-0.6687932
300882	-0.6920892
300883	3.5677612
300884	2.6510894
300885	-7.8439255
300886	-4.0348806
300887	-8.211802
300888	3.05547
300889	1.5964311
300890	-6.3583236
300891	-8.432879
300892	-3.0106997
300893	1.0724443
300894	-3.0958312
300895	-0.78250784
300896	3.1660495
300897	-13.182727
300898	-4.818138
300899	-2.1581273
300900	-3.0032592
300901	0.63627434
300902	-1.2491858
300903	-2.2677648
300904	-5.3602743
300905	-0.75466615
300906	-1.8811867
300907	2.3068607
300908	0.72656786
300909	1.6409441
300910	1.9825699
300911	1.5704441
300912	-1.8532976
300913	1.481261
300915	1.266031
300916	-0.43291467
300917	-3.4193816
300918	-9.008223
300919	2.195952
300920	2.656269
300921	-6.2923117
300922	-3.3216577
300923	-9.287917
300925	0.8004478
300926	-0.78385895
300927	-2.8838003
300928	0.39386836
300929	0.31844953
300930	-2.4955564
300931	-0.9761605
300932	-3.0534456
300933	1.4660406
300935	-1.8897102
300936	-1.6738733
300937	-0.5509394
300938	-1.0122592
300939	0.40945283
300940	-6.3382273
300941	1.5433838
300942	-5.435931
300943	-8.360037
300945	-2.3731067
300946	-2.1227295
300947	-7.007019
300948	1.9685507
300949	-17.856298
300950	0.14714237
300951	-0.25500083
300952	4.058502
300953	0.7087067
300955	-4.6169143
300956	-0.3591247
300957	4.6266456
300958	-4.222926
300959	-2.2314582
300960	-8.595938
300961	1.2722332
300962	2.5359218
300963	-5.5594916
300964	-4.7702627
300965	-0.12642372
300966	-2.773892
300967	-4.929089
300968	-13.209669
300969	-2.9453783
300970	-2.3176904
300971	-8.458641
300972	-7.240087
300973	2.0084822
300975	-3.7346845
300976	-3.7029405
300977	-8.782849
300978	-5.417016
300979	5.4957685
300980	-1.2825586
300981	-2.262877
300982	1.8112415
300983	-2.0179121
300984	2.5031123
300985	-9.042889
300986	-8.533322
300987	3.6897469
300988	-0.8946848
300989	-6.9619966
300990	-3.5492566
300991	-0.12763318
300992	-6.3551226
300993	2.983462
300994	0.14803305
300995	1.8224895
300996	-0.101550125
300997	2.806912
300998	-2.447152
300999	2.0786922
301000	-0.26778486
301001	-3.2256553
301002	1.0293852
301003	-0.073809765
301004	0.93502456
301005	-2.9292808
301006	1.6809962
301007	-3.4484456
301008	-2.89635
301009	2.5718706
301010	-3.913377
301011	-11.345073
301012	-1.192599
301013	-0.19608757
301015	3.3939621
301016	-23.67082
301017	-2.3277853
301018	-0.08871573
301019	3.6486478
301020	0.99524003
301021	-5.515002
301022	-0.2536361
301023	-4.344699
301024	-7.398233
301025	-3.061085
301026	-0.16107091
301027	-1.192994
301028	3.6013458
301029	0.6140052
301030	-4.328573
301031	0.38656202
301032	-0.97563875
301033	2.436124
301035	3.4314373
301036	-10.692761
301037	2.0954306
301038	-2.9519997
301039	1.238022
301040	-13.273613
301041	-0.180493
301042	1.5271934
301043	1.3566674
301045	-2.5405931
301046	-0.41254562
301047	1.609031
301048	-0.6897403
301049	-2.3896384
301050	-1.1194885
301051	-2.8239465
301052	-6.000067
301053	-1.5997097
301055	1.2741339
301056	-0.18681248
301057	-1.7544054
301058	2.7830853
301059	-1.0163038
301060	-5.4700403
301061	2.0908332
301062	0.09804986
301063	-3.534737
301065	-5.204705
301066	-0.03255272
301067	-8.13727
301068	-0.5787338
301069	-8.896509
301070	-7.0538583
301071	-0.564791
301072	-1.3793135
301073	-2.3300455
301075	-8.418768
301076	-0.8505584
301077	1.2042017
301078	0.614001
301079	-10.77822
301080	-3.2266605
301081	-1.0842304
301082	-9.287521
301083	-0.65632457
301085	1.5294113
301086	-4.139307
301087	-1.9649683
301088	0.022515167
301089	-1.9820639
301090	3.5334487
301091	-6.9057364
301092	-2.1049752
301093	1.5105486
301095	0.8584998
301096	2.9675653
301097	-3.2026238
301098	3.1389802
301099	-6.7729635
301100	-2.4268303
301101	-16.429296
301102	2.3423886
301103	2.0377698
301105	2.856502
301106	2.1444442
301107	1.3611574
301108	1.6875727
301109	3.2150197
301110	-2.4885006
301111	-5.9421387
301112	-3.047099
301113	1.6769396
301115	-2.5252378
301116	0.2675378
301117	-1.5288182
301118	-2.0128486
301119	-1.3874147
301120	-0.3792383
301121	-9.293854
301122	-2.479498
301123	-2.8705378
301125	-2.4374173
301126	-3.9784272
301127	-0.19268902
301128	-5.2914248
301129	-3.4272149
301130	-8.3695755
301131	-1.0875199
301132	-4.204563
301133	-4.5522223
301135	0.08732436
301136	-11.844827
301137	-2.0127814
301138	-0.79868776
301139	1.0756334
301141	-0.623692
301148	-6.70341
301149	-16.205296
301150	-8.557571
301151	-3.9209657
301152	-4.6917644
301153	-1.482078
301155	-2.1629589
301156	1.2986857
301157	-3.5826535
301158	-1.2055696
301159	-3.1851356
301160	1.3425434
301161	-1.0055788
301162	0.7539632
301163	-2.818937
301165	1.7426323
301166	-2.6495261
301167	-1.6559054
301168	-0.9952119
301169	-4.1228585
301170	1.4102743
301171	-0.79160416
301172	-9.460656
301175	2.0031233
301176	-4.377471
301177	0.4129514
301178	-2.2724645
301179	1.8500847
301180	-4.3917966
301181	-0.2260588
301182	-20.945045
301183	-3.0602052
301185	1.0759689
301186	-2.4110377
301187	-2.51654
301188	1.9330314
301189	-1.3029702
301190	0.20670366
301191	-1.4205469
301192	-0.33376214
301193	1.5247552
301195	-0.3790136
301196	2.5785825
301197	-3.1868634
301198	-1.9916512
301199	-0.2628848
301200	2.2424355
301201	0.039886713
301202	-2.8430905
301203	-0.88586885
301205	1.6120583
301206	3.4096541
301207	-2.0029736
301208	-10.666883
301209	-4.9203925
301210	-5.5636706
301211	-6.587922
301212	-3.3468757
301213	-6.564035
301215	0.60381436
301216	2.957252
301217	-1.338476
301218	-0.4522871
301219	-1.1985734
301220	-3.765054
301221	-0.7777378
301222	-0.4339508
301223	3.0138144
301225	0.8855916
301226	-2.5077615
301227	2.7019477
301228	-8.358615
301229	2.9140124
301230	-1.2224135
301231	-3.0877745
301232	-9.428564
301233	-5.2272644
301234	-5.1601944
301235	1.9183203
301236	-0.46116418
301237	-0.9304072
301238	-5.731136
301239	0.094975546
301246	0.048393924
301248	-1.1225165
301251	-1.9387121
301252	-3.485035
301255	-0.2935201
301256	3.0609598
301257	0.3142091
301258	-4.323287
301259	-7.1371927
301260	0.8063731
301261	-5.134521
301262	2.8022633
301263	3.3194237
301265	0.42999238
301266	-4.8821726
301267	3.5412319
301268	0.16160773
301269	1.3269852
301270	-0.61618304
301272	0.7298784
301273	-4.3141756
301276	3.0032034
301277	-3.2933908
301278	-2.046763
301279	-2.1664205
301280	0.3688969
301281	-1.3320924
301282	-3.525758
301283	3.2014701
301285	-2.2225032
301286	3.2204614
301287	-0.05957806
301288	-18.84853
301289	-1.2601783
301290	1.8565582
301291	2.772762
301292	0.8617791
301293	2.1310637
301295	-4.611247
301296	-3.7328522
301297	-1.1222944
301298	-6.213018
301299	0.04559838
301300	-2.4686177
301301	-3.03546
301302	0.6211871
301303	2.962771
301305	2.6419468
301306	-6.0005894
301307	-0.16941133
301308	2.2038836
301309	-2.314716
301310	-0.15729088
301311	-0.90847856
301312	-11.623213
301313	-1.1499588
301314	-7.8442473
301315	-3.252441
301316	-18.597305
301317	-0.22519681
301318	0.120764896
301319	-4.9338536
301320	-0.111218706
301321	-1.1406554
301322	3.1670175
301323	1.2833551
301325	2.1078258
301326	-8.901024
301327	0.3876712
301328	-3.3198192
301329	-0.5858667
301330	-0.9454743
301331	-0.8141902
301332	0.5359202
301333	-1.4814126
301335	4.054308
301336	0.99345905
301337	-12.455809
301338	-3.1816318
301339	1.6413628
301345	-1.4887689
301348	-5.1416144
301349	1.6592127
301353	-1.7871139
301355	-0.8377
301356	1.5177956
301357	-3.6859214
301358	4.5443907
301359	0.83820695
301360	-7.343379
301361	-6.4547577
301362	2.0044484
301363	-1.4467152
301365	-0.80069447
301366	-10.3910675
301367	3.870121
301368	1.042445
301369	-3.9367752
301370	0.563831
301371	1.5263922
301372	3.651633
301373	2.5169911
301376	1.916235
301377	-0.637555
301378	1.507627
301379	-1.9124275
301380	-0.84743136
301381	1.649709
301382	-5.2435775
301383	-8.603142
301386	-1.2258439
301387	-5.9068832
301388	-3.4307003
301389	-2.3817024
301390	-1.8478515
301391	1.6588624
301393	-0.5443276
301395	1.766071
301396	-7.682657
301397	-1.8008722
301398	-3.86613
301399	-0.456075
301408	-3.834816
301413	-2.6497428
301418	2.1882339
301419	1.5151107
301421	0.60073364
301428	-2.1263366
301429	1.15112
301439	2.8193417
301446	-7.1990366
301448	-0.6208785
301456	-3.2810197
301459	1.7495339
301468	2.3758285
301469	-0.5286173
301486	-10.005202
301487	-10.122204
301488	-3.350718
301489	-6.5666437
301498	0.54593754
301499	-2.7495239
301500	-3.7521286
301502	2.7313352
301503	-3.0774596
301505	-3.1198292
301507	-0.7046329
301508	2.695233
301509	-3.4525414
301510	0.48388466
301511	6.6561346
301512	-6.183774
301515	-2.5816271
301516	0.53894055
301517	-6.964625
301518	-0.97884494
301519	-1.9475527
301520	-3.1366258
301525	3.660223
301526	2.535236
301528	-4.267839
301529	1.174875
301533	-0.70957774
301536	-4.14783
301538	4.1412954
301548	-6.1625905
301550	0.26796025
301555	-2.799829
301558	-1.2339495
301559	2.7518175
301566	1.0547267
301567	-2.9326272
301568	-13.702741
301577	-0.9032016
301578	-19.395298
301587	1.089427
301588	2.8312557
301589	1.2676313
301591	1.9022744
600000	5.6334414
600004	2.6940389
600006	-2.0117335
600007	4.2406397
600008	3.6939209
600009	3.4570236
600010	4.006108
600011	3.3284028
600012	4.921035
600015	5.473151
600016	3.538416
600017	4.003141
600018	5.822222
600019	4.828307
600020	4.3646355
600021	1.9168108
600022	4.2678504
600023	3.4730926
600025	5.109023
600026	4.4284983
600027	2.2851539
600028	5.589808
600029	3.6336865
600030	3.0634046
600031	4.0225296
600032	3.629554
600033	3.0444863
600035	3.9760609
600036	4.963029
600037	4.2740707
600038	2.2765248
600039	4.741591
600048	1.319411
600050	4.9491515
600051	4.02372
600052	1.6185396
600053	1.693263
600054	2.8866467
600055	3.9355617
600056	2.1836762
600057	3.886292
600058	3.4435978
600059	3.842303
600060	2.9615119
600061	3.995554
600062	3.391519
600063	3.0342975
600064	4.064219
600066	1.9984086
600067	2.3354406
600070	-0.724961
600071	-1.5413884
600072	1.880291
600073	4.1742682
600075	3.5838478
600076	0.9515737
600078	-9.198294
600079	3.0414886
600080	3.2964463
600081	1.9019159
600082	3.5579007
600083	1.9691318
600084	2.0488083
600085	2.2271588
600088	1.80108
600089	3.248732
600094	1.0330026
600095	-0.40934062
600096	4.112358
600097	2.591888
600098	3.8417916
600099	-0.97494954
600100	2.4090266
600101	-4.167363
600103	2.9263148
600104	3.815143
600105	-7.420263
600106	1.2152603
600107	-4.306718
600108	3.0815558
600109	3.3487022
600110	2.5569909
600111	3.6826043
600113	1.130719
600114	-4.618416
600115	3.1331284
600116	3.3798623
600117	2.6104684
600118	-0.9449116
600119	-3.025266
600120	4.550469
600121	3.0923517
600123	3.1234834
600125	1.4401548
600126	2.4530919
600127	2.3279595
600128	3.6420052
600129	4.2905107
600130	2.1834247
600131	4.0054083
600132	3.5589454
600133	3.441386
600135	-0.88651305
600136	3.5844026
600137	3.1596398
600138	2.059123
600141	2.859166
600143	5.367681
600148	0.5497855
600149	2.8795314
600150	2.196155
600151	-6.6475897
600152	0.5777599
600153	2.4332743
600155	1.4103848
600156	3.6809044
600157	-5.15515
600158	2.1717792
600159	0.42636967
600160	2.2203605
600161	3.7969384
600162	2.271131
600163	3.8198218
600165	-2.994105
600166	-2.3885167
600167	5.9789085
600168	4.219132
600169	4.2468667
600170	2.9074965
600171	-4.4953313
600172	-3.284289
600173	2.909329
600176	3.3053062
600177	5.521921
600178	-1.0434504
600179	3.465199
600180	4.010232
600182	4.102871
600183	3.5247123
600184	3.2704303
600185	1.3156459
600186	2.232005
600187	-16.42191
600188	3.0715222
600189	1.6785256
600190	2.0028605
600191	3.1991246
600192	-8.6143265
600193	3.5281239
600195	3.3991344
600196	4.134206
600197	2.772703
600198	4.174334
600199	2.5458953
600200	-2.6678538
600201	2.6947758
600202	3.5327034
600203	-1.3134443
600206	0.8017702
600207	-0.16075695
600208	3.032718
600210	2.304119
600211	3.8051057
600212	3.4987931
600215	2.348722
600216	-3.6304543
600217	2.1890383
600218	2.1067157
600219	2.9284334
600221	2.8382394
600222	-1.2419261
600223	3.4469097
600225	4.184016
600226	3.46631
600227	-0.57790506
600228	3.3156419
600229	4.594765
600230	0.25375673
600231	4.666995
600232	3.6230826
600233	3.9945369
600234	-3.1135898
600235	2.394601
600236	3.4863625
600237	1.7080109
600238	3.9041963
600239	0.18246414
600241	3.521314
600243	-2.1850698
600246	2.6542192
600248	4.722644
600249	3.1937425
600250	-1.0345907
600251	2.9924636
600252	4.4124365
600255	2.6396945
600256	2.8438716
600257	-0.77683914
600258	2.5918517
600259	3.359778
600261	4.3984685
600262	-3.950026
600265	2.1152718
600266	-3.3373227
600267	3.0214171
600268	3.1639762
600269	3.6040611
600271	1.306103
600272	-5.572178
600273	4.6285405
600276	2.502668
600278	3.5231235
600279	4.6440706
600280	-3.5846715
600281	1.7511814
600282	3.190223
600283	2.9478824
600284	3.0054314
600285	3.3264205
600287	3.709458
600288	-1.4635804
600289	2.232348
600292	3.5316696
600293	3.181596
600295	3.1405349
600298	3.692454
600299	3.7954037
600300	3.7150111
600301	-1.3492515
600302	3.9532475
600303	1.9133093
600305	4.014098
600307	4.1661406
600308	4.542141
600309	3.2660725
600310	0.9288475
600312	1.5483551
600313	0.1254372
600315	2.744431
600316	-2.7029414
600318	1.2223237
600319	3.5651813
600320	3.6774094
600322	-3.558419
600323	3.3631387
600325	-0.21298671
600326	-13.202341
600327	3.253878
600328	4.580615
600329	3.6812615
600330	2.7257354
600331	1.2589581
600332	4.185655
600333	4.1960797
600335	0.631079
600336	-5.359563
600337	4.7724814
600338	-0.45075512
600339	4.6387033
600340	0.13852917
600343	-3.7772605
600345	-4.1890793
600346	3.8490562
600348	1.9859416
600350	6.5130706
600351	-0.3925181
600352	3.8273735
600353	0.42374545
600354	0.07567444
600355	-8.609617
600356	3.832389
600358	-12.089552
600359	1.3075241
600360	0.58263946
600361	-2.10668
600362	1.5876102
600363	3.4021633
600365	2.7795975
600366	2.6878
600367	1.5253425
600368	2.4252543
600369	3.5955825
600370	4.075069
600371	1.6184409
600372	2.5693176
600373	3.6742992
600375	2.8529983
600376	1.0991665
600377	5.7136116
600378	4.33804
600379	4.4930058
600380	3.3087096
600381	0.6519893
600382	3.9724107
600383	-6.4423018
600386	-2.59708
600387	2.795374
600388	3.18515
600389	1.0612981
600390	4.606626
600391	-1.0129565
600392	2.1452947
600395	4.514005
600396	-1.5258591
600397	-0.36170602
600398	5.906706
600399	0.8022629
600400	2.029376
600403	4.154211
600405	1.6047287
600406	3.886083
600408	0.7977683
600409	2.3125126
600410	2.6769555
600415	4.7639837
600416	2.8899975
600418	-1.6841834
600419	1.4079531
600420	1.9336598
600421	-12.68626
600422	3.2779212
600423	2.138839
600425	2.6439662
600426	3.6811116
600428	1.9354775
600429	4.3694286
600433	3.9597077
600435	0.57429403
600436	3.2113132
600438	2.068256
600439	3.4644115
600444	-6.1026974
600446	2.3394587
600448	3.36314
600449	3.8144727
600452	3.8016636
600455	-0.31424135
600456	-0.3170533
600458	2.3304176
600459	2.2015672
600460	-0.9045881
600461	3.779332
600462	2.988171
600463	-1.626065
600467	2.2569814
600468	-0.004585564
600469	2.7828696
600470	3.3243008
600475	3.9610782
600476	0.5918937
600477	3.1458762
600478	3.2591882
600479	3.3138764
600480	1.9392471
600481	2.6123295
600482	3.5654507
600483	3.708302
600486	3.8240943
600487	3.39752
600488	4.557503
600489	0.9854687
600490	0.74589443
600491	1.2084354
600493	3.3720767
600495	2.8580906
600496	4.101957
600497	0.46599832
600498	1.6879146
600499	2.7646067
600500	3.6959968
600501	-8.069502
600502	3.797362
600503	2.2157702
600505	-2.0445685
600506	-0.7910132
600507	3.8725193
600508	3.2981625
600509	2.9596527
600510	3.2864852
600511	3.116094
600512	1.6310911
600513	0.50466156
600515	4.849107
600516	4.27151
600517	4.160365
600518	1.4059687
600519	4.1300445
600520	-10.611818
600521	3.306512
600522	1.2983496
600523	2.3084648
600525	-8.059716
600526	0.07488587
600527	3.3328679
600528	4.0459666
600529	2.5675569
600530	-2.0809848
600531	-0.5029329
600533	-1.6336057
600535	2.386446
600536	-2.1335843
600537	0.45081577
600538	1.659523
600539	3.6079755
600540	3.9906707
600543	3.550542
600545	1.9972748
600546	3.3284366
600547	3.778768
600548	5.239717
600549	1.8243523
600550	1.3901699
600551	4.80791
600552	-10.800668
600556	1.6462809
600557	1.4392081
600558	3.2420802
600559	0.58256614
600560	2.2974615
600561	-10.977137
600562	2.8655214
600563	2.14335
600566	4.207319
600567	3.3505027
600568	2.237409
600569	3.7305076
600570	3.3161607
600571	-0.33197024
600572	3.32485
600573	4.2157354
600575	4.047284
600576	-2.9642642
600577	-4.805024
600578	4.1991324
600579	-1.2309562
600580	-0.27372456
600581	3.488565
600582	3.633393
600583	3.0309281
600584	0.042128593
600585	4.20223
600586	2.3301022
600587	2.5853934
600588	3.541306
600589	2.6329966
600590	0.8250572
600592	-1.4223707
600593	-1.0539738
600594	2.4877725
600595	0.4840435
600596	2.2992702
600597	4.0745144
600598	4.041277
600599	1.7859888
600600	3.4873638
600601	-1.5594236
600602	2.3571732
600603	0.8095088
600604	-0.22049177
600605	2.9802268
600606	2.0734522
600608	2.713719
600609	-2.2027333
600610	0.7391224
600611	-15.517464
600612	3.1720831
600613	1.7527176
600615	-2.2557006
600616	3.533622
600617	3.1462502
600618	2.1875443
600619	1.151968
600620	-0.79456174
600621	-0.4627394
600622	2.7799864
600623	2.951739
600624	-3.8030925
600626	-1.1074398
600628	4.110315
600629	2.0250201
600630	-2.3046386
600633	2.3595939
600635	-5.1447926
600636	-4.9975357
600637	4.6441627
600638	-2.4160748
600639	3.4307263
600640	-0.10857743
600641	0.9625271
600642	3.6764247
600643	3.3521264
600644	-0.16544
600645	2.5829215
600648	4.4100685
600649	-0.9763969
600650	-19.729097
600651	1.8279015
600653	-1.621258
600654	2.1022491
600655	4.1917753
600657	1.735738
600658	2.4989498
600660	4.4080133
600661	-5.078464
600662	0.2723022
600663	3.2038255
600664	2.9284668
600665	0.8683237
600666	-0.0635422
600667	1.3917084
600668	-0.52811253
600671	2.4409077
600673	3.337508
600674	3.408572
600675	3.2528234
600676	-6.7538567
600678	-6.1723695
600679	-0.47158465
600681	4.6274443
600682	1.2828897
600683	0.92975867
600684	-6.2464027
600685	0.7385497
600686	-8.38326
600688	4.467735
600689	-3.5994503
600690	2.190479
600691	3.0205793
600692	-5.567047
600693	0.9611026
600694	2.9296134
600696	-8.249345
600697	0.04880153
600698	-8.856794
600699	0.73055935
600702	3.7683258
600703	3.4850516
600704	3.238849
600705	3.5424569
600706	-0.34168616
600707	3.6410625
600708	0.66559106
600710	1.961632
600711	1.0757202
600712	-2.9263108
600713	4.1735587
600714	2.7674809
600715	1.7799242
600716	-0.3251137
600717	2.8384602
600718	2.140802
600719	1.0852348
600720	2.8117218
600721	-6.2603903
600722	3.393565
600724	4.089565
600725	4.0262575
600726	2.9940064
600727	-5.3247313
600728	3.2771344
600729	0.75277424
600730	-2.2268863
600731	4.0339065
600732	-0.722516
600733	3.471685
600734	1.4576638
600735	2.291034
600736	-1.2776344
600737	2.4298434
600738	1.2871901
600739	3.6105297
600740	3.5269074
600741	4.560857
600742	2.354969
600743	1.4564044
600744	1.3517009
600745	1.9570335
600746	3.7473845
600748	1.7794406
600749	-0.74066025
600750	2.7419844
600751	3.2341924
600753	-3.9465394
600754	2.3569825
600755	3.3849933
600756	0.20475836
600757	4.2726736
600758	4.0973573
600759	4.299861
600760	3.6494064
600761	0.5195466
600763	-0.8207898
600764	0.8120834
600765	2.8371217
600768	-2.8890164
600769	1.2163762
600770	-0.118215464
600771	3.5741196
600773	-0.7345327
600774	0.0001270622
600775	-1.8505592
600776	2.401748
600777	4.1575785
600778	-23.400265
600779	3.0360096
600780	3.9519043
600782	3.054087
600783	4.084166
600784	3.8592942
600785	2.3222256
600787	3.8084989
600789	-4.621311
600790	4.1365595
600791	3.1393726
600792	3.6757672
600793	1.5542134
600794	3.2123253
600795	2.4028049
600796	2.323445
600797	3.622951
600798	4.114194
600800	4.1179705
600801	4.121052
600802	2.9203897
600803	3.7143807
600804	2.4354048
600805	0.3371705
600807	-2.4116688
600808	3.7083943
600809	2.7220395
600810	3.2848134
600811	-9.946108
600812	4.695621
600814	2.4122617
600815	4.5483246
600816	3.385694
600817	-11.373889
600818	-8.389467
600819	-0.5280999
600820	4.293021
600821	2.772059
600822	-1.3481767
600824	3.3809838
600825	3.5939002
600826	4.0178595
600827	3.2937024
600828	2.7453144
600829	3.071218
600830	-3.643385
600831	0.09710839
600833	2.3954473
600834	-5.7520075
600835	2.641406
600837	4.4902215
600838	0.21998325
600839	-7.2036104
600841	-5.3550067
600843	-16.703531
600844	-0.28176138
600845	3.862971
600846	2.7770169
600847	2.100596
600848	3.978244
600850	2.9096713
600851	-1.5268271
600853	2.1580765
600854	3.147966
600855	-3.6617541
600857	-0.15178053
600858	2.3483415
600859	-2.8382773
600860	-0.43904686
600861	2.1347141
600862	2.560615
600863	3.0895813
600864	1.1736999
600865	3.4990795
600866	-3.4771843
600867	4.1271873
600868	1.2887475
600869	-1.7162125
600871	5.035836
600872	0.6428633
600873	3.7947323
600874	4.0689325
600875	3.3537343
600876	3.225183
600877	1.2318094
600879	-1.2530489
600880	-2.1113157
600881	-1.6493679
600882	0.31348333
600883	3.339497
600884	3.3413143
600885	3.1604133
600886	3.453919
600887	2.7646618
600888	2.3701453
600889	-6.7661667
600892	-10.383735
600893	2.838718
600894	3.8855572
600895	-0.5907218
600897	3.769545
600898	-5.216997
600900	4.2950177
600901	2.24181
600903	4.2127423
600905	4.418889
600906	3.0734
600908	3.9836318
600909	4.392623
600916	1.2773578
600917	4.4883943
600918	4.403454
600919	4.890341
600925	4.2019
600926	3.6249504
600927	1.9121497
600928	4.5062633
600929	3.6439614
600933	3.0358975
600935	1.3698502
600936	4.136499
600938	2.6604717
600939	4.3297567
600941	3.442648
600955	3.725005
600956	3.5195508
600958	5.0070124
600959	5.127028
600960	0.63415563
600961	-1.139705
600962	3.5962677
600963	0.14053437
600965	3.338213
600966	1.3022935
600967	3.848107
600968	3.6303096
600969	-4.6771913
600970	2.2510653
600971	2.7379773
600973	3.8863823
600975	0.48164386
600976	3.409594
600977	3.3307662
600979	1.4185013
600980	3.5999007
600981	3.7965202
600982	4.024929
600983	3.0940127
600984	1.8498032
600985	3.8231368
600986	3.1543458
600987	3.7895007
600988	-0.6638032
600989	3.7220216
600990	-2.5369728
600992	-0.8816203
600993	3.7273707
600995	3.7401943
600996	1.8542805
600997	2.8719883
600998	3.233085
600999	5.018647
601000	3.7996223
601001	2.1142929
601002	1.2603467
601003	3.845716
601005	3.746273
601006	4.3177423
601007	1.880974
601008	3.7999387
601009	4.757153
601010	2.2854419
601011	1.1875343
601012	2.1772766
601015	-2.7977703
601016	3.7199085
601018	5.0829754
601019	4.17804
601020	-3.317859
601021	2.7551658
601022	0.4924798
601028	-0.52032006
601033	2.0016022
601038	0.53185815
601058	1.2178242
601059	1.1801999
601061	1.2937169
601065	3.5186932
601066	4.2782555
601068	3.8689148
601069	-0.04015218
601077	4.5566683
601083	0.10287162
601086	0.99794817
601088	4.3612323
601089	3.689551
601096	2.5817435
601098	4.8350267
601099	-0.52035624
601100	4.2136035
601101	2.8771393
601106	4.2348948
601107	3.1249988
601108	3.2033696
601111	3.359758
601113	3.3612201
601116	2.1885066
601117	2.4979703
601118	5.0674195
601121	2.4720955
601126	1.1766422
601127	1.1349518
601128	3.3673043
601133	-1.9187164
601136	-1.4304583
601137	0.97714406
601138	4.40323
601139	4.2596407
601155	0.38781458
601156	1.5236207
601158	4.8271956
601162	1.0856893
601163	2.7573955
601166	4.8822007
601168	1.6800153
601169	4.76211
601177	2.4748085
601179	0.73139644
601186	4.718804
601187	3.664924
601188	-3.2209983
601198	2.8970306
601199	3.7523065
601200	4.418374
601208	-2.316733
601211	4.2328224
601212	2.0935745
601216	4.1480145
601218	-4.969586
601222	3.788416
601225	4.1890764
601226	3.0408974
601228	4.721087
601229	5.412188
601231	2.707122
601233	2.5632126
601236	3.2668278
601238	2.6552098
601279	2.1024199
601288	6.1973486
601298	5.6687303
601311	1.264877
601318	4.8961816
601319	6.0827336
601326	4.702212
601328	6.229657
601330	3.6919255
601333	2.6509955
601336	3.706925
601339	3.9101925
601360	2.5315459
601366	4.271319
601368	3.8693795
601369	3.912087
601375	2.956637
601377	3.9628844
601388	1.4890361
601390	4.149864
601398	6.2204895
601399	4.290744
601456	-0.11587353
601500	2.276151
601512	5.2127433
601515	3.9839528
601518	4.534527
601519	1.8859107
601528	3.620713
601555	3.4513588
601566	0.09874414
601567	2.179952
601568	5.6193633
601577	5.0058036
601579	2.5870984
601588	0.64871997
601595	1.3675858
601598	2.548832
601599	0.1905047
601600	1.9503018
601601	4.327462
601606	0.22876926
601607	4.6141386
601608	3.4948306
601609	2.7932582
601611	2.7204056
601615	2.7157855
601616	2.9282687
601618	4.8980155
601619	3.0707023
601628	6.1369505
601633	3.3179867
601636	3.0823028
601658	6.328944
601665	3.412059
601666	4.636355
601668	4.579824
601669	3.7336738
601677	1.0580612
601678	3.1076365
601686	4.934223
601688	4.06172
601689	4.0980234
601696	1.6334385
601698	-0.7447361
601699	3.3001945
601700	2.693002
601702	1.7504005
601717	1.6902626
601718	4.1449614
601727	4.4812202
601728	4.9851317
601766	4.475593
601777	1.7176695
601778	2.6528518
601788	3.703074
601789	2.1170163
601798	0.9820856
601799	1.4159226
601800	4.7536936
601801	1.952309
601808	3.5815945
601811	5.4412766
601816	4.6865773
601818	5.1340823
601825	4.069645
601827	4.766841
601828	3.7962902
601838	3.8353546
601857	4.5647936
601858	3.4616814
601860	3.4525464
601865	2.7824035
601866	2.8563125
601868	3.9983687
601869	0.19168714
601872	3.921344
601877	3.7005222
601878	1.607864
601880	4.475971
601881	2.098515
601882	2.6222918
601886	3.1086745
601888	1.5901493
601890	1.4131867
601898	6.0552154
601899	3.2350056
601900	2.5539322
601901	2.0354028
601908	2.6935534
601916	3.6427026
601918	3.6577575
601919	1.4760163
601921	-11.501462
601928	5.2099943
601929	-0.8677004
601933	-2.8501158
601939	4.2921715
601949	3.9233932
601952	4.841707
601956	3.492324
601958	2.195766
601963	2.2704968
601965	2.5130174
601966	2.3996549
601968	2.9685826
601969	2.4769454
601975	1.3723953
601985	3.7808938
601988	7.166856
601989	3.8138192
601990	3.7182236
601991	3.4625823
601992	3.65253
601995	2.9813645
601996	3.6301925
601997	3.5096512
601998	6.722594
601999	0.05624309
603000	1.8410006
603001	3.8347359
603002	0.32136142
603003	-0.4254086
603004	-1.352945
603005	-2.442677
603006	3.1913702
603007	3.871385
603008	2.1735435
603009	-3.9281068
603010	3.4849846
603011	0.45449567
603012	4.3282967
603013	3.099338
603015	-2.0222385
603016	3.869756
603017	-1.6866882
603018	3.2654443
603019	1.7828678
603020	2.6848254
603021	3.895794
603022	1.905082
603023	-0.43706173
603025	2.4645748
603026	3.7130973
603027	2.3821793
603028	-0.76713467
603029	0.9325741
603030	-1.5718596
603031	1.0708432
603032	-2.387136
603033	4.178693
603035	1.4033701
603036	2.2737057
603037	-6.150129
603038	3.7250907
603039	2.8034084
603040	2.0556629
603041	3.741736
603042	-1.0968171
603043	3.5166156
603045	2.3916414
603048	0.036885787
603050	2.7097263
603051	-3.5722466
603052	0.4435571
603053	3.4026704
603055	2.3213499
603056	2.0966606
603057	-1.6751273
603058	-0.3905887
603059	3.0004325
603060	2.973392
603061	-5.338631
603062	-0.09421718
603063	5.0503254
603065	1.0098137
603066	-5.4176025
603067	3.132185
603068	-1.1852208
603069	-2.2268133
603070	0.43995842
603071	3.9425156
603073	2.7451363
603075	-2.181809
603076	3.0023258
603077	3.524036
603078	1.6684736
603079	-5.6119637
603080	1.3856407
603081	2.4153066
603082	-1.8011773
603083	0.8357216
603085	-0.4237619
603086	2.887937
603087	1.4917533
603088	3.0507567
603089	3.483628
603090	2.441918
603093	0.6637929
603095	4.331027
603096	2.598919
603097	0.653296
603098	3.32108
603099	-5.22434
603100	0.5582896
603101	1.1281893
603102	1.4903026
603103	4.231085
603105	2.1966178
603106	-0.8449755
603107	-4.059407
603108	0.34975782
603109	0.62519264
603110	1.9888229
603111	2.5023005
603112	0.98322904
603113	3.0927374
603115	3.522962
603116	3.909776
603117	2.0290308
603118	-3.70802
603119	2.3709886
603121	-1.4598155
603122	-5.9586315
603123	1.8944013
603125	0.8389193
603126	0.34786263
603127	-0.76493347
603128	3.475222
603129	2.6870375
603130	1.836401
603131	-5.226178
603132	0.28561795
603135	2.408977
603136	1.8894726
603137	-0.8861381
603138	0.04919759
603139	-2.6202488
603150	-0.32610816
603151	-0.17020264
603153	0.43619925
603155	-1.2908922
603156	4.9326453
603158	-1.9977077
603159	3.0965347
603160	3.4885635
603161	1.758851
603162	1.7911425
603163	1.4422058
603165	1.1522262
603166	3.6445153
603167	2.1218905
603168	-1.7834752
603169	-4.054821
603170	2.5567975
603171	-0.30424026
603172	0.36366564
603173	2.1138732
603176	3.1856596
603177	-0.055543363
603178	-0.79856014
603179	6.42401
603180	0.72495836
603181	-0.9549276
603182	1.5663309
603183	0.82031
603185	2.4639173
603186	-10.077013
603187	2.318767
603188	-1.4596237
603189	2.6406567
603190	0.41985255
603191	4.1124372
603192	-6.438765
603193	-0.7697027
603195	3.8835158
603196	-13.566778
603197	1.2650362
603198	2.1177301
603199	2.7685976
603200	-4.183826
603201	0.15385658
603203	2.1180754
603206	1.2060038
603208	4.063695
603209	0.13967781
603211	-1.256081
603212	0.37316823
603213	2.814858
603214	3.0029685
603215	-12.340072
603216	4.022255
603217	3.6749115
603218	3.8573775
603219	-0.6068466
603220	-1.0134351
603221	-0.41179404
603222	2.4386654
603223	4.024904
603225	4.547246
603226	1.5516812
603227	3.3448644
603228	0.62884796
603229	2.0149426
603230	2.8256645
603231	-0.384692
603232	-1.8200957
603233	2.4948728
603235	2.2372024
603236	0.039972782
603237	3.4955113
603238	3.6369102
603239	1.9915998
603255	1.753026
603256	0.72707796
603258	-0.27775076
603259	2.253304
603260	4.305351
603261	-3.2784295
603266	-0.22868982
603267	2.1719677
603268	-0.63642395
603269	0.7964131
603270	-0.40311354
603272	3.6205318
603273	0.4403863
603275	3.0123842
603276	-0.5407886
603277	3.8966458
603278	-2.2910151
603279	2.5281584
603280	2.1609588
603281	4.2793274
603282	-1.1695186
603283	2.4555383
603286	-2.5804543
603288	4.1517544
603289	1.3033484
603290	-0.23991644
603291	2.4535005
603296	0.38806334
603297	1.567148
603298	1.1563146
603299	3.269178
603300	2.5336614
603301	3.4425309
603303	3.8026779
603305	2.8117692
603306	2.3391995
603307	0.36066446
603308	2.1022468
603309	1.6156772
603311	3.7661605
603312	-0.38352823
603313	2.7189364
603315	2.2814415
603316	-2.5200124
603317	3.3225434
603318	3.7490342
603319	0.5641277
603320	-0.7979043
603321	1.3415893
603322	1.5834782
603323	2.7974637
603324	-9.60735
603325	0.17589827
603326	2.8214412
603327	2.1870358
603328	-0.40182534
603329	1.521711
603330	0.15250799
603331	1.9523695
603332	1.0618516
603333	-1.0640953
603335	0.26111907
603336	-3.4561398
603337	1.7103236
603338	1.9999176
603339	2.4618666
603341	-6.1391273
603344	1.2563097
603345	2.0872223
603348	0.79169047
603351	1.3945893
603353	1.2574284
603355	4.3247623
603356	-1.2320025
603357	0.63223964
603358	4.130024
603359	3.8173575
603360	-0.16808994
603363	3.2947502
603365	1.78538
603366	1.4347578
603367	3.2532997
603368	0.3027466
603369	4.0774093
603373	-4.5133066
603375	-2.737017
603377	-1.2217587
603378	0.63397735
603379	1.0827643
603380	1.9629171
603383	3.2457347
603385	4.2111387
603386	-3.0640132
603387	0.5867347
603388	1.0612513
603389	-11.028135
603390	-8.260588
603392	3.6969776
603393	3.0937304
603396	0.38974327
603398	4.991249
603399	-3.0169246
603408	2.3465986
603416	1.8349278
603421	-1.5091281
603429	0.97697175
603439	-0.3851395
603444	-1.9549959
603456	3.5929215
603458	-7.324022
603466	2.547235
603477	5.8483715
603486	0.49449843
603488	1.5342538
603489	0.7283021
603496	0.38597164
603499	-2.5577006
603500	2.0557587
603501	2.4882877
603505	2.27248
603506	-1.0049264
603507	-0.58569646
603508	-0.011933518
603511	2.895259
603515	1.1738329
603516	-7.4391685
603517	4.0729523
603518	2.659149
603519	3.0211394
603520	2.9117002
603527	2.4145675
603528	-0.08035423
603529	1.5598761
603530	1.8406473
603533	2.2328136
603535	2.4200826
603536	-1.436296
603538	1.5296407
603551	3.4154735
603556	2.129213
603557	4.044932
603558	-0.25409994
603559	-2.3444638
603565	4.2992473
603566	2.9528491
603567	4.2491508
603568	3.017476
603569	0.94248164
603577	1.4161345
603578	2.6769595
603579	2.0455127
603580	-3.0419898
603583	0.9684254
603585	4.562428
603586	-8.112806
603587	4.3367224
603588	3.1467102
603589	3.4197571
603590	-1.1780002
603595	2.445855
603596	5.8233404
603598	-0.5285037
603599	1.9684051
603600	2.76422
603601	2.7291305
603602	-3.2262433
603605	3.1288085
603606	2.1826072
603607	0.7419217
603608	-3.5765939
603609	4.1915874
603610	3.1466377
603611	1.2969688
603612	-0.03625694
603613	-6.187545
603615	-2.2688656
603616	0.38962868
603617	1.131664
603618	-0.11802657
603619	-0.1126276
603626	-2.3172283
603628	-2.7291675
603629	-0.6173463
603630	0.45800835
603633	4.364131
603636	-3.5153527
603637	3.6205776
603638	4.260191
603639	3.1919816
603648	1.4816855
603650	0.34980595
603655	-1.2938602
603656	2.210595
603657	-1.9514341
603658	3.3011658
603659	3.766578
603660	0.55098224
603661	2.6168683
603662	1.419213
603663	-8.1206665
603665	0.05161364
603666	-13.365076
603667	2.0768697
603668	1.3674841
603669	3.9945145
603676	2.9227192
603677	4.5168996
603678	1.6301838
603679	-2.890353
603680	0.37294304
603681	0.52280146
603682	1.1175711
603683	1.0589845
603685	0.674929
603686	-5.3910213
603687	5.5732017
603688	2.838613
603689	2.5445383
603690	2.314951
603693	3.2838807
603696	-0.12843946
603697	3.6771889
603698	2.3179917
603699	2.562479
603700	0.13430016
603701	3.7493622
603703	1.2939516
603706	2.6137676
603707	4.0434523
603708	2.893126
603709	2.2407575
603711	2.4671378
603712	1.8559158
603713	2.1009862
603716	-5.2922244
603717	0.8529417
603718	2.3057737
603719	3.0730243
603721	-3.4018445
603722	3.8145566
603725	2.1683102
603726	0.7647904
603727	1.6853886
603728	1.555803
603729	2.606834
603730	2.0832973
603733	2.822722
603737	3.0485485
603738	-5.3441153
603739	-2.599526
603755	0.048033603
603757	2.8601737
603758	3.15976
603759	3.8446364
603766	-1.3597189
603767	1.463248
603768	0.7558119
603773	0.41481423
603776	-1.9150355
603777	2.5993748
603778	-2.7499554
603779	1.774699
603786	1.6841209
603787	2.4111843
603788	2.7236784
603789	-1.4923582
603790	1.2377179
603797	2.4606624
603798	2.5282333
603799	-0.2405767
603800	1.7927635
603801	1.590133
603803	2.058435
603806	1.4547455
603808	4.2048516
603809	-0.356205
603810	-3.2070808
603811	0.5146422
603813	3.0666134
603815	2.9896095
603816	3.7164395
603817	3.8825955
603818	3.0103042
603819	2.3140442
603822	2.8557124
603823	-0.106208995
603825	-1.5867792
603826	-0.34288183
603828	1.7825544
603829	1.4774204
603833	3.5123012
603836	3.1075914
603838	3.806211
603839	1.9355186
603843	1.4735644
603848	2.2752085
603855	4.4110866
603856	3.0988145
603858	3.764209
603859	2.6177478
603860	-2.5250669
603861	3.1191006
603863	0.71101534
603866	3.2270393
603867	2.672892
603868	3.79772
603869	3.2273889
603871	2.278585
603876	2.7442214
603877	3.9240425
603878	2.5149853
603879	2.4647293
603880	4.4384484
603881	2.9726117
603882	1.212773
603883	1.8696945
603885	1.391823
603886	3.5237708
603887	1.5675844
603888	2.0029175
603889	-1.1302178
603890	-1.3383107
603893	1.3249357
603895	4.0084953
603896	2.124325
603897	0.6870386
603898	1.1172683
603899	4.769947
603900	-9.230374
603901	2.9890037
603903	-0.46972245
603906	2.3087728
603908	-4.3049498
603909	1.7644386
603912	0.043352365
603915	2.5316443
603916	-3.1698744
603917	-5.7250934
603918	1.0551279
603919	3.4030044
603920	-0.16682264
603922	3.3689804
603926	3.1192753
603927	2.6460865
603928	4.007656
603929	0.9390066
603931	1.5016537
603933	-1.6492832
603936	-1.7295768
603937	2.59011
603938	3.1922164
603939	1.7068506
603948	3.6510193
603949	3.120109
603950	0.93481696
603955	-2.1894708
603956	3.3215241
603958	-8.508173
603959	0.8621829
603960	-0.7732263
603963	-1.1378276
603966	-11.657389
603967	3.2353783
603968	1.3027283
603969	2.171809
603970	2.5814538
603976	-2.7920191
603977	0.16465606
603978	-5.515465
603979	2.2702382
603980	-5.18082
603982	0.15876244
603983	3.60002
603985	2.0677502
603986	3.972304
603987	2.9280143
603988	-20.14213
603989	3.2823741
603990	-4.728988
603991	1.6117061
603992	3.6869912
603993	3.2361038
603995	2.0859363
603997	3.684246
603998	3.7235382
603999	3.5741487
605001	-3.7534747
605003	2.6911566
605005	3.5707805
605006	4.404962
605007	3.1097646
605008	2.5556843
605009	3.4204583
605011	1.0873524
605016	3.321368
605018	2.4161153
605020	4.071329
605028	1.4194186
605033	0.17383173
605050	3.9343324
605055	3.6843727
605056	0.8069795
605058	0.32629237
605060	-2.1831155
605066	4.168823
605068	2.2550707
605069	-1.3751655
605077	2.839589
605080	-7.553515
605081	-1.2457285
605086	2.922586
605088	1.3539761
605089	2.8344746
605090	0.28611392
605098	-3.4697976
605099	3.795786
605100	3.174336
605108	1.0647151
605111	-2.283416
605116	2.2978022
605117	3.0369325
605118	-0.68608725
605122	-3.4886746
605123	2.8886306
605128	4.2889643
605133	-1.2559353
605136	1.8751972
605138	1.6501127
605151	3.7740784
605155	3.0314448
605158	1.143556
605162	2.4993308
605166	1.1928254
605167	3.56964
605168	2.0643454
605169	-0.3840373
605177	-7.319954
605178	-18.558846
605179	3.1847584
605180	1.8851618
605183	3.861651
605186	1.3365386
605188	1.0817058
605189	2.0365372
605196	2.3095589
605198	0.57831776
605199	1.4106797
605208	1.1044071
605218	-6.725615
605222	1.9355488
605228	0.5864328
605255	-6.6665587
605258	-3.605168
605259	4.241732
605266	0.12854342
605268	2.9323
605277	-1.7342736
605286	2.2988439
605287	-6.5176034
605288	1.8933723
605289	2.4044151
605296	2.3033714
605298	1.9125456
605299	0.6961924
605300	2.4731643
605303	0.7646268
605305	3.4547646
605318	4.3549657
605319	2.272031
605333	3.4380023
605336	0.56587124
605337	2.6213987
605338	2.6526544
605339	4.116709
605358	4.2880435
605365	2.7740858
605366	1.9751709
605368	3.1867127
605369	3.5430195
605376	-0.2614064
605377	3.0144753
605378	1.4671032
605388	3.4306107
605389	2.5892413
605398	-5.488969
605399	2.1018312
605488	1.331012
605499	4.61152
605500	3.8252003
605507	2.5005002
605555	-1.109714
605566	-0.7576051
605567	-1.0904843
605577	-0.3681496
605580	0.3964785
605588	0.6460752
605589	1.6309574
605598	1.2039268
605599	3.2643807
688001	2.20511
688002	1.9237
688003	1.3514487
688004	3.509552
688005	-1.0217918
688006	3.1012938
688007	1.7025936
688008	1.1085222
688009	3.7366748
688010	0.62975514
688011	2.6319487
688012	2.8787715
688013	3.9939237
688015	-0.5504342
688016	2.589182
688017	4.1935835
688018	0.12209861
688019	2.0850863
688020	-3.0497081
688021	2.343123
688022	2.29462
688023	-1.6558014
688025	1.5372587
688026	0.9479717
688027	-0.24992886
688028	1.4141963
688029	3.88796
688030	3.201825
688031	2.534655
688032	0.2779482
688033	2.297501
688035	2.700679
688036	3.308628
688037	-2.981393
688038	2.184903
688039	3.060588
688041	0.8144332
688045	0.23230536
688046	1.1855977
688047	1.0862484
688048	2.5100183
688049	-3.013948
688050	3.4362786
688051	3.6117578
688052	-0.8736661
688053	0.682604
688055	3.2073803
688056	3.0284054
688057	4.260958
688058	2.6179235
688059	-1.1082742
688060	2.625101
688061	0.07186508
688062	3.3247535
688063	1.8547895
688065	4.359418
688066	1.5969343
688067	3.3753533
688068	-0.8030758
688069	3.0806727
688070	0.12980151
688071	1.0072707
688072	1.0200233
688073	-2.6993613
688075	-0.13102616
688076	2.887218
688077	2.5482712
688078	3.4376855
688079	-0.7951238
688080	1.8957932
688081	1.1369572
688082	0.12896964
688083	2.918231
688084	-0.42326337
688085	3.4397373
688087	3.8267426
688088	2.1292882
688089	1.8674539
688090	-3.701175
688091	-8.992063
688092	2.2024806
688093	3.0425236
688095	1.2193639
688096	3.0966868
688097	1.2790048
688098	3.97361
688099	4.3905325
688100	3.5044923
688101	4.3574243
688102	2.430528
688103	3.712731
688105	2.456531
688106	1.6269861
688107	0.528919
688108	2.62524
688109	3.213636
688110	0.9289964
688111	1.8546922
688112	1.2111219
688113	3.0373938
688114	1.4438803
688115	0.7339877
688116	1.1440016
688117	-0.096361436
688118	-0.25471443
688119	4.0273633
688120	2.0336132
688121	3.158936
688122	3.0585225
688123	3.4067047
688125	-0.37319332
688126	3.8547897
688127	-0.66136914
688128	3.1907747
688129	4.2129097
688130	-2.5234199
688131	1.4757673
688132	3.0474622
688133	2.0728478
688135	-1.386275
688136	2.9189396
688137	2.9824584
688138	1.4114215
688139	2.8582523
688141	-2.4465837
688143	0.22250442
688146	0.615713
688147	0.6494314
688148	1.92462
688150	1.1310076
688151	0.32322025
688152	-3.0144427
688153	0.22188357
688155	3.725779
688156	2.1541972
688157	1.022291
688158	1.1857331
688159	4.294894
688160	-1.181909
688161	2.3905098
688162	1.4928163
688163	2.9581604
688165	2.7199492
688166	-0.8228075
688167	2.7886593
688168	5.278283
688169	2.9340827
688170	-1.1324909
688171	1.7349689
688172	3.1245942
688173	0.5047158
688175	1.554175
688176	2.6627011
688177	1.4959255
688178	3.497514
688179	2.9138012
688180	3.9649887
688181	1.4307696
688182	-1.3957584
688183	-1.9749682
688184	2.9844024
688185	-1.2917242
688186	2.4381585
688187	2.4157472
688188	4.706743
688189	4.2030563
688190	2.782185
688191	-1.8556073
688192	0.47445655
688193	1.924167
688195	0.87095517
688196	3.6437364
688197	0.6385912
688198	4.9301696
688199	1.6927748
688200	3.1396127
688201	-2.482113
688202	3.6343205
688203	1.4190838
688205	-7.361142
688206	0.38225287
688207	-0.13430548
688208	1.107455
688209	0.33824354
688210	2.6193316
688211	3.9552708
688212	2.2141557
688213	1.3356783
688215	2.9541752
688216	-1.0698191
688217	5.319472
688218	1.6817462
688219	2.424349
688220	2.2070227
688221	2.922803
688222	1.5820694
688223	1.7633197
688225	0.4058755
688226	-0.34390557
688227	1.5589014
688228	1.8595741
688229	1.6886871
688230	-0.9592705
688231	3.4790993
688232	3.665547
688233	3.5640435
688234	0.46534842
688235	1.7156181
688236	-0.2501162
688237	0.6239893
688238	-0.71291095
688239	-0.11543119
688244	1.4543278
688246	3.221061
688247	1.2378876
688248	1.5361094
688249	3.0168087
688251	2.6743715
688252	-0.9802931
688253	4.4100676
688255	2.8083057
688256	-3.5438316
688257	2.2999089
688258	-3.9062018
688259	-9.170295
688260	-2.877298
688261	6.3278823
688262	-1.4947362
688265	2.627415
688266	3.7757492
688267	2.392235
688268	4.6846313
688269	3.7956386
688270	-1.4994675
688271	3.794035
688272	0.034465384
688273	-2.9673088
688275	2.5094695
688276	6.1446733
688277	1.892219
688278	-0.5262213
688279	1.9462125
688280	1.4977827
688281	1.281483
688282	2.7537122
688283	0.95895433
688285	2.1978688
688286	3.5269217
688287	-0.7700443
688288	1.0024242
688289	2.4237201
688290	3.0974996
688291	0.48793322
688292	0.44861087
688293	-0.23829298
688295	1.994724
688296	1.4884049
688297	0.4993825
688298	3.700748
688299	1.5588421
688300	5.2070346
688301	4.3398123
688302	1.999931
688303	2.1072836
688305	1.7193177
688306	2.7562613
688307	-0.6195236
688308	3.3784466
688309	3.849141
688310	-2.8401406
688311	-2.802051
688312	2.6134076
688313	1.5205191
688314	-0.96130943
688315	2.0780966
688316	1.5276144
688317	-3.0696003
688318	0.35534137
688319	3.18648
688320	-12.4327135
688321	2.0769973
688322	-0.05325066
688323	0.26636204
688325	-4.414127
688326	-3.028977
688327	6.238944
688328	-0.2983808
688329	2.6466238
688330	3.5696144
688331	0.57460517
688332	0.58166015
688333	3.2711072
688334	2.2978425
688335	3.070318
688336	1.7434965
688337	0.09942488
688338	3.9338322
688339	1.338382
688343	4.061225
688345	2.287104
688347	-0.2558255
688348	1.4921215
688349	3.0405705
688350	3.195706
688351	2.6852684
688352	3.242389
688353	2.3629303
688355	2.8226852
688356	4.31701
688357	1.0067765
688358	1.7392927
688359	3.7421265
688360	-4.0347433
688361	-0.19020844
688362	0.85734093
688363	2.7543755
688365	2.5641944
688366	2.959725
688367	2.926832
688368	1.7940153
688369	2.8709822
688370	3.7106025
688371	-0.70210487
688372	-3.1799207
688373	0.9112973
688375	2.8324578
688376	0.9817007
688377	2.898516
688378	4.7326307
688379	3.4130428
688380	-2.6259964
688381	1.8491405
688382	0.93286896
688383	2.631453
688385	1.144907
688386	2.3702846
688387	2.7076259
688388	1.8202789
688389	3.1475499
688390	6.2847347
688391	1.9918429
688392	3.5995927
688393	3.1379972
688395	2.7277625
688396	4.034657
688398	2.903113
688399	3.9529483
688400	2.4289696
688401	3.727197
688403	-0.2993179
688408	0.88823
688409	0.84281695
688410	3.5246615
688416	1.6929973
688418	-4.41322
688419	-1.1353824
688420	3.3013902
688425	1.9677389
688426	0.32202613
688428	3.0343454
688429	1.928512
688432	2.1348488
688433	2.7823572
688435	2.463972
688439	1.7511775
688443	5.1639314
688448	0.12770414
688450	2.239772
688455	3.2700074
688456	2.9362552
688458	2.331204
688459	3.9291127
688466	3.8907363
688468	3.1388159
688469	3.423533
688472	3.9491627
688475	0.92688954
688478	1.1168749
688479	3.1875467
688480	3.0584302
688484	2.2821903
688485	3.0196664
688486	2.5837202
688488	3.70523
688489	2.7198193
688496	1.2364333
688498	1.336068
688499	-8.093562
688500	2.6533036
688501	0.67449445
688502	-3.5584717
688503	3.522475
688505	4.9959054
688506	2.0832615
688507	0.86602765
688508	0.5582596
688509	1.6600758
688510	0.98616666
688511	0.1973583
688512	0.9798442
688513	3.8479748
688515	-1.602752
688516	-2.1298208
688517	-0.64715517
688518	3.2957072
688519	1.8928156
688520	2.2694116
688521	1.5429044
688522	2.501343
688523	-4.993909
688525	3.1465917
688526	4.3092318
688528	3.8212974
688529	2.878392
688531	-0.021502089
688533	2.9135227
688535	2.5555108
688536	1.5832695
688538	4.5045347
688539	2.9261048
688543	-1.0468061
688548	1.7474945
688549	2.269582
688550	1.8626969
688551	3.8370452
688552	-1.9304358
688553	2.963742
688556	1.3109131
688557	2.6229162
688558	3.3994765
688559	1.3063066
688560	0.9220117
688561	2.5266283
688562	2.5603662
688563	1.5172031
688565	2.674923
688566	2.8790905
688567	3.56246
688568	3.999595
688569	1.4051782
688570	3.9056869
688571	2.7818599
688573	4.256175
688575	4.087444
688576	2.8329113
688577	2.7812328
688578	2.0304062
688579	1.8794712
688580	3.7200325
688581	-0.994705
688582	1.8354517
688584	0.12271752
688585	3.889586
688586	3.0109706
688588	3.0639474
688589	1.6707747
688590	0.48433352
688591	0.29642075
688592	0.49915496
688593	2.6228347
688595	1.4882169
688596	2.2066312
688597	4.0268297
688598	0.34219947
688599	2.3575342
688600	3.681668
688601	3.8099198
688602	1.8408697
688603	0.16080043
688606	1.0282421
688607	3.1910574
688608	1.7214186
688609	-0.4780903
688610	1.1730448
688611	3.3820503
688612	2.9583137
688613	-19.994242
688616	2.507863
688617	4.7020187
688618	1.6344302
688619	1.8068174
688620	2.1232734
688621	4.438178
688622	3.6635375
688623	3.6394935
688625	3.5636666
688626	3.177423
688627	1.049471
688628	1.6918762
688629	-3.7616296
688630	1.0036134
688631	-4.2333593
688633	2.5723178
688636	-1.7469002
688638	2.250257
688639	6.31212
688646	0.9941169
688648	-4.633239
688651	-3.923615
688652	-4.874489
688653	5.755344
688655	1.3088834
688656	2.4795842
688657	1.460227
688658	3.393436
688659	2.1882122
688660	3.990715
688661	2.3777828
688662	0.93864167
688663	1.9024432
688665	2.143907
688667	4.990934
688668	-0.051344085
688669	2.670613
688670	1.911577
688671	1.5078491
688676	3.2881217
688677	4.957882
688678	0.67888397
688679	2.0374916
688680	1.4380271
688681	2.4908528
688682	-3.0904965
688683	3.696321
688685	2.2911706
688686	4.0800595
688687	2.5466373
688689	1.552206
688690	4.7567654
688691	5.1583023
688693	-6.235868
688695	-1.5631125
688696	3.7670517
688697	-0.70425576
688698	2.035722
688699	0.37221375
688700	3.7924256
688701	-0.575073
688702	-1.6342369
688707	0.2577785
688709	2.097684
688711	1.313883
688716	0.4714462
688717	3.5258896
688718	3.1232255
688719	2.296346
688720	-3.2313118
688722	3.4390054
688728	1.7790085
688733	1.2033663
688737	2.1971285
688739	3.3868358
688766	1.0957249
688767	3.602491
688768	2.3507695
688772	1.0295573
688776	3.6380615
688777	0.09414252
688778	2.5739725
688779	2.59412
688786	2.0461926
688787	1.1885092
688788	2.3617158
688789	2.1694527
688793	0.5008988
688798	1.2250683
688799	3.5233536
688800	3.7468147
688819	3.7541282
688981	2.3556256
689009	-1.077566
