1	3.3972995
2	-1.4627681
4	-4.7028165
6	-0.749102
7	-0.5536524
8	-4.8257804
9	3.3052921
10	-0.621429
11	-4.792691
12	4.8412066
14	-4.153534
16	-10.305413
17	-5.8099303
19	4.10496
20	1.8599494
21	-1.5032079
25	3.0583277
26	3.746777
27	3.4841354
28	1.781493
29	3.186261
30	2.5901575
31	3.5801303
32	-2.4222126
34	-0.024738729
35	3.3125088
36	2.666197
37	-1.8557667
39	1.7572374
40	-6.879556
42	-0.35843483
45	2.4180505
48	3.5691173
49	-3.4137769
50	3.8562596
55	4.2532244
56	-2.1202352
58	3.5677726
59	4.7369947
60	2.7378
61	5.1115255
62	-11.398989
63	-0.079645626
65	2.4869704
66	1.6956453
68	2.1346972
69	1.1583135
70	-1.0245856
78	2.3384235
88	4.2442465
89	2.8114536
90	2.3117168
96	4.6223373
99	-4.5661764
100	1.5519321
151	-2.2772734
153	2.8751473
155	1.9826027
156	4.227469
157	2.9939685
158	-0.8084571
159	2.305406
166	4.8403854
301	3.9777894
333	3.7648766
338	-0.14930281
400	1.9300804
401	4.9025154
402	-3.386097
403	1.6619518
404	2.0855498
407	4.5031033
408	3.059095
409	2.3583667
410	2.640506
411	4.0325346
415	1.3834445
417	3.540668
419	3.9364731
420	2.9673347
421	-4.7926188
422	0.5778547
423	2.1575675
425	3.4274945
426	0.3663486
428	1.3399842
429	4.108412
430	-0.8717278
488	4.413223
498	5.137394
501	3.183152
503	-1.0988319
504	1.1652305
505	4.2415986
506	1.3777492
507	4.2310715
509	-7.1378884
510	3.7694519
513	3.6551464
514	-3.566328
516	2.092688
517	2.8099232
518	-11.039889
519	0.92822725
520	-2.2550917
521	-1.0944055
523	4.022915
524	-4.510976
525	3.7999313
526	-3.9802108
528	-0.39706892
529	3.419825
530	3.8264174
531	1.7538481
532	-9.179727
533	3.4306056
534	3.6872914
536	-21.849445
537	3.1378453
538	4.897237
539	2.5124214
541	3.2037494
543	0.9266701
544	2.7040155
545	3.7131736
546	2.041511
547	-13.343463
548	2.8150234
550	-8.653348
551	3.872815
552	2.2369714
553	4.255766
554	3.5432727
555	1.4464678
557	4.182443
558	-3.640231
559	4.327655
560	-8.909888
561	1.7166084
563	4.2827225
564	2.3900554
565	3.657249
566	-2.4641843
567	1.7723694
568	1.835439
570	3.5657868
571	2.2905056
572	-5.4671035
573	3.1652668
576	3.2178173
581	2.106852
582	4.249329
584	3.8042183
586	-2.8585534
589	0.707708
590	3.6046154
591	3.4556873
592	1.8014511
593	3.4781556
595	-0.72007495
596	1.7013241
597	-3.706581
598	2.1880715
599	3.7417324
600	0.6256455
601	3.8623223
603	1.4196678
605	3.921163
607	3.9556675
608	2.7597036
609	-1.5868784
610	-0.6315032
612	-0.2889657
615	1.5370766
617	4.4399037
619	4.252826
620	-0.17334601
622	2.9551544
623	4.1761913
625	0.61041737
626	1.4643669
627	0.9388442
628	-3.7365098
629	2.744968
630	1.6727556
631	4.042416
632	2.448288
633	2.4784188
635	4.9329195
636	0.5529487
637	3.418702
638	-1.635994
639	-3.9574852
650	1.0762744
651	4.185229
652	3.4941163
655	3.9512572
656	-4.1583533
657	0.6578789
659	3.606503
661	1.2849257
663	1.2982162
665	3.5457103
668	3.0052848
669	0.8651916
670	-10.003079
672	3.7525382
676	0.5419873
677	-0.6828696
678	3.1292787
679	2.5345237
680	-0.52738154
681	1.9116932
682	-0.2967972
683	2.3713737
685	4.380307
686	2.4072683
688	2.886653
690	0.9038358
691	3.372975
692	3.2178924
695	0.30675822
697	-2.9953268
698	5.022412
700	0.41749206
701	-2.1674213
702	-5.380723
703	3.7820454
705	-3.8118725
707	2.521421
708	4.21188
709	3.7260697
710	-7.5290437
711	3.22225
712	-17.638676
713	-4.967054
715	-3.5741088
716	-1.4543453
717	1.2258582
718	2.8307738
719	2.2653542
720	2.4156091
721	-4.8819227
722	-0.40077105
723	2.5453403
725	2.680677
726	2.7213423
727	3.464162
728	3.9294636
729	4.6739817
731	3.6832023
733	2.0318894
735	1.8708826
736	-1.0885985
737	-3.731221
738	2.0590775
739	0.44671765
750	2.627798
751	3.1595035
752	3.5577722
753	3.6229978
755	3.7199051
756	-6.2026644
757	-3.2942073
758	0.24408734
759	-3.2806842
761	4.4515123
762	-0.034419537
766	2.3754754
767	4.405489
768	3.6058419
776	4.243257
777	-2.3886313
778	4.3497033
779	2.5277715
782	3.9762454
783	3.395501
785	3.5937943
786	3.3504207
788	3.9643593
789	4.6460824
790	3.2116408
791	2.117166
792	3.4558697
793	-7.6373763
795	3.3232465
796	2.122437
797	0.603494
798	4.8168163
799	1.3636237
800	3.483687
801	-4.5645323
802	3.1314354
803	3.5882885
807	1.4690826
809	3.6332557
810	-12.878279
811	1.6833622
812	1.269528
813	1.4645555
815	2.466465
816	1.1367371
818	6.3775477
819	-2.3753421
820	-15.677691
821	1.4209474
822	3.6800911
823	0.022058105
825	4.1768503
826	-6.4049697
828	0.4709979
829	-2.1938798
830	0.51413924
831	0.72133267
833	3.7574735
837	-2.116547
838	1.0023234
839	3.0602818
848	3.9795501
850	4.856401
851	-1.1322463
852	4.2884736
856	3.7066875
858	4.057832
859	2.601622
860	-0.43860835
862	3.087229
863	3.3392284
868	-11.356928
869	4.3758173
875	1.0553427
876	4.353839
877	3.7655647
878	0.099027276
880	-1.8589855
881	3.7874317
882	1.9378811
883	3.7559924
885	3.5377853
886	0.37445337
887	1.9262125
888	-6.673136
889	2.9098787
890	-12.057198
892	-3.063345
893	3.7863994
895	4.4895296
897	0.9254974
898	4.287451
899	1.0596473
900	4.3606544
901	-5.163424
902	4.394639
903	2.141541
905	4.23992
906	2.5898461
908	-24.26355
909	3.320708
910	5.0315695
911	3.830151
912	4.568325
913	-1.0144376
915	1.3622913
917	1.7642567
919	4.5035763
920	3.8397555
921	0.808812
922	-3.4756856
923	2.9718335
925	0.15891162
926	3.3228676
927	4.523191
928	4.0331388
929	2.7033582
930	4.5297036
931	3.8637707
932	3.0643055
933	2.276598
935	2.6808712
936	0.260325
937	1.8414793
938	-0.9709837
948	2.8972468
949	2.1236415
950	4.018762
951	1.7948267
952	-3.9700027
953	-5.874078
955	4.0025134
957	-4.9961905
958	5.5322275
959	4.4200134
960	1.2485664
962	3.2731662
963	-0.16469917
965	0.27525368
966	3.4314728
967	4.7320914
968	3.4278462
969	3.6723144
970	4.2448835
972	-7.239672
973	-1.234119
975	1.2854252
977	-1.4479969
978	1.272927
980	-8.232061
981	-1.010914
983	2.337463
985	3.6227505
987	4.34076
988	1.5392348
989	3.1744416
990	1.2353357
993	0.8458477
995	-3.8641553
997	2.3133733
998	2.9573705
999	3.5362782
1201	2.8182847
1202	4.132143
1203	4.014285
1205	3.0368366
1206	0.02349652
1207	1.1087604
1208	-6.643954
1209	2.8570335
1210	1.382577
1211	3.7001305
1212	-4.059631
1213	2.8479125
1215	0.023821278
1216	0.57827485
1217	-0.9931779
1218	3.2879777
1219	3.22368
1222	2.9032474
1223	-4.744035
1225	4.0468135
1226	-2.9939156
1227	3.2845464
1228	0.98688614
1229	-6.2535653
1230	-7.667327
1231	-4.086467
1234	-0.20235002
1236	-6.074232
1238	3.3865514
1239	-1.5928885
1255	1.220761
1256	2.8307743
1258	0.79087126
1259	-0.5916507
1260	0.46673065
1266	-5.23787
1267	-2.8586802
1268	2.1675963
1269	-9.689631
1270	-4.5729675
1278	0.6908331
1282	0.046193205
1283	-0.13039438
1286	1.3405722
1287	-5.914707
1288	0.079321645
1289	1.6039064
1296	2.9749787
1298	-10.09355
1299	1.0556171
1300	-2.9554641
1301	1.637049
1306	-1.8338236
1308	-3.165663
1309	0.9362267
1311	0.47217932
1313	0.87384045
1314	-9.682665
1316	-8.649138
1317	-16.721071
1318	1.6626501
1319	-1.5601676
1322	1.6771412
1323	2.9428706
1324	2.1438673
1326	2.6533215
1328	1.1099391
1330	1.5392826
1331	2.113067
1332	1.0403159
1333	2.509525
1336	-4.69602
1337	-0.75078833
1338	3.4859288
1339	-0.6642765
1358	-11.953225
1359	-6.6627364
1360	-2.8169465
1366	-3.8577907
1367	1.0292548
1368	0.7201818
1373	-2.6724193
1376	-1.8460487
1378	-2.8882694
1379	-21.283075
1380	-3.6382828
1387	-3.3056436
1389	-2.008641
1696	-2.9573236
1872	4.05725
1896	1.72949
1914	2.184957
1965	4.6308446
1979	3.2357812
2001	-0.9635137
2003	-0.015345484
2004	4.4690566
2005	4.1312413
2006	2.6154876
2007	3.8178399
2008	-1.792252
2009	-6.7307587
2010	4.6582274
2011	2.5244923
2012	2.1017723
2014	4.6534896
2015	-0.6681639
2016	3.0954936
2017	0.023008516
2019	3.322163
2020	0.19566731
2021	2.0278268
2022	-9.638983
2023	-0.16652493
2024	3.8524628
2025	1.9661566
2026	-1.7924709
2027	2.9782634
2028	2.5090852
2029	3.9622922
2030	-17.90394
2031	0.85887015
2032	4.490844
2033	0.42209134
2034	3.9239979
2035	-0.37565747
2036	-1.8781748
2037	-21.831717
2038	0.55413085
2039	1.9258916
2040	4.281083
2041	2.3342018
2042	1.1423459
2043	2.2799077
2044	3.8591945
2045	0.47460252
2046	-4.1367097
2047	-9.229213
2048	1.501441
2049	0.4804763
2050	1.4812849
2051	4.694606
2052	-3.47534
2053	2.4763656
2054	3.7793624
2055	-3.9867332
2056	4.2786202
2057	3.1371655
2058	-2.3050618
2059	-6.5083313
2060	1.7804756
2061	4.252637
2062	4.1831927
2063	2.4586558
2064	3.515231
2065	3.3852584
2066	3.9841428
2067	2.3402133
2068	2.4950585
2069	1.9355685
2072	-1.1034515
2073	-0.2789276
2074	3.457983
2075	-10.80606
2076	-2.0100203
2077	-4.1785307
2078	2.9662776
2079	1.0028499
2080	2.3931623
2081	4.861276
2082	-0.41537267
2083	4.0014443
2084	3.7167084
2085	-4.5354424
2086	-2.0254254
2088	3.440701
2090	0.4560997
2091	3.1528563
2092	3.1861758
2093	1.9123701
2094	-0.85972196
2095	2.4833078
2096	-1.5381055
2097	-0.1601981
2098	4.1793356
2099	3.05946
2100	0.4612332
2101	1.349061
2102	-5.1398034
2103	2.3525784
2104	-0.09777602
2105	4.158772
2106	1.9365534
2107	3.2700317
2108	4.0117
2109	4.5840883
2110	3.616066
2111	-1.4468645
2112	1.9738858
2114	-0.3512742
2115	-1.3677123
2116	1.2602756
2117	2.9577699
2119	-1.7830063
2120	2.7079642
2121	3.5881436
2122	1.9024439
2123	0.55361795
2124	3.9565454
2125	1.1602143
2126	1.5994127
2127	3.2603154
2128	3.237374
2129	-1.8441776
2130	-1.8985201
2131	1.7145447
2132	3.8800278
2133	1.8176324
2134	0.41256633
2135	4.4244967
2136	2.1315517
2137	0.3693038
2138	0.21677819
2139	-0.77979094
2140	2.39319
2141	-0.7948774
2142	2.3764904
2144	1.4230796
2145	1.3790433
2146	-1.8828205
2148	0.5464381
2149	2.2544208
2150	1.442598
2151	-1.484357
2152	3.0186763
2153	1.7805951
2154	0.85322106
2155	-1.0829141
2156	-4.4978437
2157	2.0452366
2158	3.1116593
2159	-0.35079095
2160	2.154139
2161	2.4882433
2162	0.055523563
2163	3.8461213
2164	2.3887134
2165	0.54148644
2166	-2.2964418
2167	-1.2087591
2168	-17.553755
2169	4.239312
2170	-1.484935
2171	2.4294
2172	3.0534413
2173	1.5960524
2174	0.9686777
2175	-6.8758454
2176	0.0052711787
2177	-8.336693
2178	-3.3780785
2179	3.9226048
2180	4.176596
2181	4.021667
2182	1.2766371
2183	4.173154
2184	1.6780374
2185	0.43598682
2186	0.88815916
2187	4.3663945
2188	-2.708423
2189	-7.0681396
2190	2.4470706
2191	3.8352542
2192	-1.5875208
2193	-2.67329
2194	1.429693
2195	1.4233878
2196	-6.17461
2197	0.24840458
2198	2.012589
2199	1.4098545
2200	3.4615986
2201	2.653483
2202	2.6376917
2203	4.102123
2204	3.636065
2205	-4.7105594
2206	1.1342423
2207	-6.4329004
2208	1.6478678
2209	-1.5134827
2210	2.7605357
2211	2.274559
2212	0.6837179
2213	0.68646634
2214	0.6840464
2215	-0.060684156
2216	3.9960778
2217	-0.4166328
2218	-1.1739548
2219	-1.6780853
2221	4.6428466
2222	0.18008313
2223	2.325938
2224	3.8881714
2225	0.77632964
2226	3.4568887
2227	2.997459
2228	4.169291
2229	-1.253679
2230	2.022057
2231	-0.71341217
2232	-18.403507
2233	3.1310565
2234	2.3974721
2235	2.2612224
2236	2.1594877
2237	2.0049179
2238	3.025889
2239	3.0220952
2240	0.9077977
2241	0.49246153
2242	3.7806122
2243	1.193748
2244	-2.3871193
2245	2.306695
2246	-7.0364523
2247	-2.7031684
2248	-12.289965
2249	3.0504632
2250	3.8739772
2251	1.839596
2252	4.0197864
2253	-4.3246336
2254	2.8637898
2255	0.8800119
2256	-9.81564
2258	3.5551567
2259	4.7285433
2261	-1.0370505
2262	4.63206
2263	4.4900427
2264	0.6626247
2265	3.6742904
2266	5.3856177
2267	2.568019
2268	1.1688192
2269	2.3438525
2270	4.0430765
2271	1.5507257
2272	-15.323782
2273	0.011366487
2274	2.711111
2275	5.2159724
2276	1.6372961
2277	3.122514
2278	-5.3165026
2279	-2.3261588
2281	1.9887298
2282	2.2821243
2283	-0.016343307
2284	-1.5542126
2285	-13.028994
2286	3.1944118
2287	5.261005
2289	1.9564526
2290	4.842602
2291	-6.678138
2292	-2.4231808
2293	4.121349
2294	4.818843
2295	2.9134538
2296	-5.413506
2297	0.07036571
2298	-2.2829506
2299	3.716397
2300	3.8221447
2301	-3.7608135
2302	2.8225732
2303	3.6079094
2304	4.2555084
2305	-4.4980674
2306	1.03403
2307	-2.480521
2308	-32.046207
2309	-1.7599022
2310	-1.1630408
2311	2.7578306
2312	2.4218678
2313	2.0430465
2314	1.18839
2315	-0.5108576
2316	-1.1057694
2317	-3.073543
2318	3.123058
2319	2.2661698
2320	3.9826953
2321	0.43597302
2322	-0.69791573
2323	-1.9902239
2324	2.579478
2326	3.823644
2327	2.6188302
2328	3.0153308
2329	-6.1760826
2330	3.6485202
2331	-4.049369
2332	-0.9939526
2333	3.9136994
2334	0.20273928
2335	0.52159363
2336	4.478605
2337	1.2059534
2338	-3.024999
2339	-6.4064536
2340	0.6709434
2342	2.5612803
2343	-5.2386417
2344	4.399651
2345	3.0046973
2346	4.115193
2347	-3.3061185
2348	1.2660779
2349	-1.7735742
2350	-0.6142031
2351	-0.6498389
2352	4.543356
2353	1.2350754
2354	-1.4197142
2355	-3.7865417
2356	-4.5596037
2357	-7.239727
2358	2.8424299
2360	3.0356243
2361	1.8393444
2362	2.36173
2363	3.7297668
2364	-0.32956362
2365	0.3064869
2366	-4.0885878
2367	1.9042828
2368	0.7853478
2369	-3.0037045
2370	-14.043483
2371	2.6052098
2372	3.8006058
2373	-2.156624
2374	0.2939158
2375	5.064666
2376	3.1243346
2377	1.7150071
2378	2.341425
2379	0.65632033
2380	-1.7643998
2381	3.2348728
2382	4.2376256
2383	-3.4772575
2384	-1.7730286
2385	3.939486
2386	4.1201143
2387	3.5715415
2388	-7.2566605
2389	-0.874339
2390	4.1808805
2391	4.740353
2392	3.8535335
2393	4.399416
2394	4.217159
2395	-2.8104439
2396	2.6869826
2397	3.3502254
2398	4.031727
2399	5.2297797
2400	1.1440804
2401	2.7973886
2402	0.63433397
2403	3.1190863
2404	3.6869533
2405	-11.522272
2406	0.68105733
2407	2.3615518
2408	2.4045131
2409	1.3556713
2410	2.5853486
2412	3.6429775
2413	-1.8378322
2414	-1.431017
2415	3.5522761
2416	-5.4294915
2418	-9.807084
2419	3.2102523
2420	-4.6334786
2421	2.6717231
2422	3.7212958
2423	3.2164032
2424	-0.79616344
2425	-11.99495
2426	-3.948923
2427	3.3789475
2428	-5.5197754
2429	3.4801598
2430	2.5864265
2431	-3.3806927
2432	-0.46347386
2434	4.0356555
2436	-5.682924
2437	-0.8298174
2438	-0.64347416
2439	1.5182436
2440	5.2365026
2441	3.4199033
2442	3.2562382
2443	3.5698466
2444	1.7664278
2445	2.8437128
2446	-0.35407367
2448	2.2423782
2449	-1.179198
2451	2.3154597
2452	-1.3803071
2453	2.2572994
2454	1.1207734
2455	-2.4443173
2456	-4.023
2457	0.79766184
2458	3.6995406
2459	-3.0668712
2460	0.51429456
2461	4.698054
2462	4.2346396
2463	2.5713983
2465	-0.12583426
2466	-0.22715464
2467	1.6735904
2468	2.9099803
2469	3.8162751
2470	3.8423755
2471	-2.1612535
2472	1.6374109
2474	2.0099456
2475	3.5500636
2476	2.6598806
2478	1.6271527
2479	4.3755054
2480	-0.074119546
2481	3.9096375
2482	0.36447272
2483	1.1527588
2484	2.5300317
2485	3.8682733
2486	3.3346379
2487	-0.769156
2488	-4.113678
2489	3.9353104
2490	2.2582364
2491	0.30338436
2492	3.9317048
2493	4.1842985
2494	3.5427575
2495	0.37801996
2496	2.8900461
2497	1.3507402
2498	3.7500672
2500	3.8362331
2501	-0.31481174
2506	3.2663987
2507	2.6208248
2508	1.4076598
2510	-1.3278779
2511	4.5466065
2512	-2.719885
2513	-0.31458175
2514	1.6034505
2515	-1.7290188
2516	3.439434
2517	-0.68655115
2518	1.6793911
2519	-3.7356892
2520	-0.8188812
2521	1.3707982
2522	3.188761
2523	4.238482
2524	3.3572605
2526	1.6959534
2527	-3.6197815
2528	-0.7575111
2529	-14.355516
2530	0.7072338
2531	-0.22896203
2532	3.2925675
2533	1.2702965
2534	2.406618
2535	-2.9575148
2536	-1.1926062
2537	3.5574622
2538	4.861182
2539	2.8823419
2540	2.884463
2541	1.9862549
2542	-2.2859185
2543	3.6680253
2544	0.5832782
2545	3.3489177
2546	3.0910335
2547	-5.6762714
2548	3.4229379
2549	-1.4158212
2550	3.9992301
2551	3.6847196
2552	1.028209
2553	-11.817366
2554	0.6451408
2555	-4.360835
2556	-4.5444236
2557	2.1854148
2558	-0.9415544
2559	-2.0216222
2560	0.2912913
2561	-6.1369
2562	-7.6872587
2563	2.2638717
2564	2.786349
2565	-6.464025
2566	3.7805772
2567	2.7112565
2568	-0.34187543
2569	2.7337642
2570	4.0574875
2571	3.5415108
2572	-1.798584
2573	3.9022312
2574	3.0842671
2575	3.0588226
2576	-4.7964654
2577	-12.287963
2578	2.9420686
2579	0.5753401
2580	3.1681716
2581	2.133059
2582	1.3708634
2583	0.7547736
2584	-3.1798291
2585	0.5869308
2586	2.1816697
2587	-2.9268389
2588	2.997086
2589	3.4074326
2590	-3.4471602
2591	3.2054696
2592	2.5963976
2593	2.5669677
2594	2.4303925
2595	3.5691094
2596	-2.8013415
2597	2.9035645
2598	3.3388877
2599	-1.5354732
2600	-0.09864034
2601	3.8455677
2602	2.085831
2603	-6.7109976
2605	-5.000307
2606	-0.99637413
2607	-8.794995
2608	3.0096529
2609	2.4175975
2611	-7.1724777
2612	2.8093824
2613	1.3379246
2614	3.9782047
2615	0.51803386
2616	3.3396974
2617	-1.0687227
2620	1.0059245
2622	-0.78400105
2623	3.823888
2624	0.57801235
2625	1.8266493
2626	-1.9946512
2627	0.17273821
2628	-3.1049988
2629	-9.318235
2630	-0.68297356
2631	2.3945184
2632	0.53424215
2633	-3.637111
2634	4.9574122
2635	-0.015305447
2636	3.443356
2637	2.6523871
2638	0.85358226
2639	-0.5603229
2640	-3.9399807
2641	3.9050376
2642	-4.8937163
2643	2.0194798
2644	-3.7367318
2645	-1.8708636
2646	3.1839414
2647	-11.604071
2648	2.745444
2649	1.7413967
2650	1.9768026
2651	0.9295373
2652	-4.809395
2653	0.44151458
2654	-1.3742912
2655	-1.0424964
2656	2.873505
2657	-0.408739
2658	-10.257917
2659	-1.9658463
2660	2.8953538
2661	4.516037
2662	2.9585066
2663	4.3298635
2664	3.0320706
2666	2.5357566
2667	-2.248318
2668	-0.95243084
2669	-2.2072947
2670	-10.48459
2671	2.0936568
2672	-4.7962894
2673	3.1650095
2674	2.101148
2675	3.8385315
2676	2.3753147
2677	3.5267758
2678	2.3638859
2679	0.47437
2681	-0.7958394
2682	-5.2535973
2683	0.42350158
2685	-4.5858727
2686	3.704122
2687	3.2918804
2688	3.694957
2689	1.9444692
2690	2.5505786
2691	0.56694055
2692	4.27779
2693	-10.627809
2694	1.96713
2695	-3.6473935
2696	2.7993867
2697	-1.146394
2698	-2.368534
2700	3.5772305
2701	4.172849
2702	1.5076003
2703	-4.4681425
2705	1.9153217
2706	1.5117315
2707	-3.90098
2708	-3.538123
2709	1.1009264
2712	0.025959224
2713	-6.6603746
2714	3.1651897
2715	-2.944429
2716	-0.97495615
2717	-2.9394689
2718	3.6920772
2719	-0.35185742
2721	4.03049
2722	3.263625
2723	2.05492
2724	2.7344553
2725	1.5643795
2726	3.2244804
2727	-1.6380529
2728	-8.790359
2729	-10.996238
2730	2.1957428
2731	-1.5662135
2732	3.8812976
2733	4.0420327
2734	1.4689286
2735	-4.5199385
2736	5.6521864
2737	2.5170312
2738	0.08793045
2739	0.45229286
2741	-2.5104969
2742	-2.7950935
2743	4.0363164
2745	1.898056
2746	4.093379
2747	-0.5784213
2748	0.7180692
2749	0.7059058
2750	-1.2989991
2752	3.0867598
2753	0.83490086
2755	2.8594518
2756	-0.867628
2757	2.6422236
2758	4.3854146
2759	1.3930734
2760	3.2278404
2761	-2.4112616
2762	0.94443846
2763	4.1912017
2765	2.4951825
2766	-4.8092604
2767	-5.2451878
2768	3.351273
2769	0.93011457
2771	-4.90631
2772	4.030393
2773	3.283456
2774	3.3488812
2775	-1.1517084
2777	-2.803494
2778	-2.6161668
2779	3.3558338
2780	-3.810948
2782	2.103997
2783	-2.7940993
2785	-1.5660695
2786	-2.5814972
2787	1.0792415
2788	4.040431
2789	2.1941729
2790	1.4285376
2791	0.30250806
2792	-10.934313
2793	2.3946376
2795	0.8786802
2796	-9.191115
2797	2.0629933
2798	3.7205238
2799	-0.17390372
2800	2.1289234
2801	3.082866
2802	3.7228332
2803	1.0266335
2805	-2.1676927
2806	-6.480363
2807	2.9782996
2808	1.6518589
2809	-1.810165
2810	2.1283062
2811	2.1587498
2812	2.0241463
2813	-3.383974
2815	0.045846235
2816	5.787982
2817	3.6601295
2818	3.626231
2819	-7.896219
2820	-0.6400224
2821	1.9800717
2822	4.92336
2823	-5.2520204
2824	-8.850598
2825	3.4867008
2826	2.3918452
2827	-18.888319
2828	-7.390355
2829	-18.847904
2830	3.6737378
2831	3.2243965
2832	2.1970885
2833	2.6111443
2835	-0.533958
2836	0.2805895
2837	-0.33899745
2838	2.7736382
2839	3.0729353
2840	4.592114
2841	3.9354897
2842	1.7249092
2843	-8.058001
2845	0.77141976
2846	-0.9652265
2847	1.8980331
2848	0.6841555
2849	1.3176283
2850	0.9935242
2851	-1.0432206
2852	-0.45958823
2853	2.3846304
2855	-0.505889
2856	-1.4424123
2857	-5.5588746
2858	-0.21774034
2859	2.307477
2860	3.2624092
2861	-9.398011
2862	-0.3205517
2863	1.0227771
2864	-3.2879174
2865	-9.176465
2866	1.7995155
2867	4.1321754
2868	0.44016218
2869	2.9139328
2870	3.6474328
2871	-1.1178812
2872	-2.6648443
2873	-7.4559946
2875	0.5932207
2876	2.3754284
2877	2.126982
2878	-0.5124606
2879	3.1393297
2880	4.0461454
2881	-5.8095827
2882	0.1417727
2883	-2.881081
2884	2.9711204
2885	1.9317276
2886	-3.6301136
2887	0.035624046
2888	-5.7497563
2889	-3.6751342
2890	-4.6768084
2891	3.2878776
2892	-3.0946002
2893	0.86620057
2895	1.4690357
2896	-4.8706393
2897	-3.70289
2898	-13.377513
2899	1.974672
2900	1.7300135
2901	3.3259678
2902	-4.1664114
2903	-4.444053
2905	-3.7357316
2906	-0.048008353
2907	-3.455606
2908	2.3663607
2909	2.9441917
2910	3.7898521
2911	4.4631143
2912	2.1730003
2913	-1.2580037
2915	-6.0996904
2916	2.6928983
2917	-1.380811
2918	2.3836226
2919	-13.871695
2920	-1.0724357
2921	3.4572532
2922	-3.115839
2923	0.2460084
2925	2.9078379
2926	3.9722667
2927	-3.8525841
2928	0.39952675
2929	0.1492525
2930	4.097416
2931	2.4198601
2932	-4.4791493
2933	1.0173407
2935	0.6553081
2936	3.8108132
2937	1.5842127
2938	2.8882742
2939	3.8445277
2940	-0.24233684
2941	-2.385346
2942	2.6880167
2943	-1.5549877
2945	3.4333484
2946	4.217387
2947	-0.9175665
2948	3.052069
2949	2.8895524
2950	3.964782
2951	2.799348
2952	-5.7982903
2953	2.60086
2955	1.257731
2956	4.156591
2957	0.2931033
2958	3.395146
2959	2.422134
2960	1.0461236
2961	0.4812139
2962	-4.820484
2963	1.1760092
2965	1.5742599
2966	3.0068183
2967	2.3287804
2968	0.29945916
2969	3.643505
2970	-0.13175912
2971	3.9623065
2972	-4.7245016
2973	0.4504532
2975	2.107139
2976	-1.0861008
2977	-6.1852508
2978	2.5874062
2979	-10.675182
2980	0.0070691495
2981	-4.5613966
2982	0.5431213
2983	2.6680837
2984	1.4352869
2985	1.4812441
2986	2.598645
2987	1.8918648
2988	2.4883049
2989	0.07662457
2990	1.8211933
2991	-1.9466196
2992	1.3217721
2993	3.0387576
2995	-1.9090421
2996	2.0428798
2997	0.17871018
2998	3.2329698
2999	2.4711978
3000	-2.206264
3001	-14.651464
3002	-8.634269
3003	3.1927166
3004	-2.2844596
3005	-8.016691
3006	1.9263977
3007	1.5494109
3008	-0.21271273
3009	0.812318
3010	-4.13462
3011	2.8770728
3012	3.9832325
3013	2.954191
3015	-3.146544
3016	4.1353474
3017	4.2303247
3018	2.3206377
3019	-0.8060295
3020	0.5157792
3021	-0.6660192
3022	3.3792672
3023	2.3891382
3025	0.2676006
3026	-15.750864
3027	-1.458871
3028	-0.3727583
3029	-4.676145
3030	3.6830082
3031	0.52460223
3032	-6.1863494
3033	3.4909046
3035	3.0853772
3036	4.1049466
3037	-3.0400846
3038	0.5172447
3039	2.5469637
3040	1.3918831
3041	2.3473284
3042	1.5572283
3043	-5.5655155
3816	4.1532946
300001	0.6891693
300002	-0.27865404
300003	1.821566
300004	-0.8040344
300005	-9.231331
300006	-1.3332446
300007	0.44170982
300008	0.508258
300009	3.236917
300010	-8.10788
300011	-3.9706414
300012	2.5260763
300013	-13.407878
300014	2.838225
300015	1.0658256
300016	2.4125934
300017	1.2790434
300018	-0.62011373
300019	1.839907
300020	-6.7587852
300021	0.34608024
300022	1.8986235
300024	2.2382343
300025	-1.1663653
300026	-4.818332
300027	-21.424107
300029	-10.577393
300030	-18.339956
300031	-1.5064192
300032	-19.349121
300033	-2.077441
300034	0.8819849
300035	0.78651273
300036	-3.5556502
300037	2.3501046
300039	-1.9310801
300040	-7.923278
300041	-1.5366275
300042	-15.6275
300043	-10.669892
300044	-2.4053934
300045	-4.037917
300046	3.3235886
300047	-1.1022681
300048	2.3472426
300049	0.91575325
300050	-17.313549
300051	-8.981746
300052	2.8846307
300053	-13.296819
300054	1.9256452
300055	3.2518005
300056	-0.17232218
300057	2.5349517
300058	1.5433327
300059	-0.14590158
300061	-17.03909
300062	-2.922772
300063	-15.649922
300065	0.77505887
300066	-5.213314
300067	1.4948593
300068	2.5587835
300069	-3.0654485
300070	3.5077863
300071	-6.5228195
300072	-1.0669224
300073	0.2561067
300074	-2.0669742
300075	2.0967727
300076	-13.267403
300077	-6.287775
300078	-24.776175
300079	-11.86596
300080	-9.087074
300081	-0.707932
300082	1.5984054
300083	1.3654205
300084	2.724261
300085	-0.6600347
300086	-1.80813
300087	-1.5827843
300088	-1.2969396
300091	-12.238497
300092	-1.646788
300093	1.7493992
300094	-3.6126766
300095	0.60950375
300096	-4.4615192
300097	-10.210896
300098	-8.061251
300099	-6.626935
300100	-6.307023
300101	-0.13554111
300102	-9.226699
300103	-5.4225388
300105	0.4513177
300106	1.2269418
300107	-7.206176
300108	-13.245117
300109	1.3193349
300110	-9.7486725
300111	-17.87881
300112	1.5389423
300113	-1.4168646
300114	-1.4522316
300115	2.5841177
300117	-8.300736
300118	-4.651638
300119	2.7927299
300120	-0.48972926
300121	1.0763972
300122	-0.96474934
300123	-5.9077168
300124	4.222999
300125	-35.023434
300126	1.715126
300127	1.5635111
300128	-3.142235
300129	-0.2283679
300130	-1.6331253
300131	-14.885162
300132	-6.013999
300133	-2.6956365
300134	-1.8670212
300135	-2.5099347
300136	-1.6078228
300137	2.6232667
300138	-1.3729787
300139	2.0547128
300140	3.1654286
300141	-4.5223436
300142	0.9762867
300143	3.3570278
300144	-1.1218501
300145	3.0651727
300146	2.2502475
300147	-18.055212
300148	-15.045122
300149	-17.110483
300150	-7.1453414
300151	3.4237285
300152	-12.217602
300153	1.6143814
300154	3.7746654
300155	-11.368266
300157	-25.51174
300158	-7.6889977
300159	-14.490453
300160	3.3723445
300161	-5.309715
300162	-11.246182
300163	-3.1689773
300164	-8.229052
300165	-13.493734
300166	2.4678159
300167	-7.67723
300168	-7.967261
300169	-14.535892
300170	1.2936659
300171	2.2184367
300172	-8.285672
300173	0.39390367
300174	3.271569
300175	-4.7234416
300176	-2.5468786
300177	-7.901274
300179	-5.5588245
300180	-0.7346422
300181	3.2244663
300182	-0.19433224
300183	-14.266034
300184	-24.975557
300185	3.5978668
300187	-17.122602
300188	1.9447886
300189	-10.156134
300190	3.0165284
300191	0.060801048
300192	-16.629654
300193	3.4652858
300194	-0.43086535
300195	0.06960214
300196	3.2316678
300197	-6.038488
300198	-9.447523
300199	-0.33121672
300200	2.2319014
300201	2.2241466
300203	2.654662
300204	-21.680676
300205	2.310623
300206	3.1132846
300207	-2.5670948
300208	-7.894849
300209	3.3109689
300210	1.7846123
300211	-22.630001
300212	-3.1789925
300213	-4.4081907
300214	2.6699557
300215	-6.0412607
300217	1.6217737
300218	-2.3002963
300219	-4.676284
300220	1.6785393
300221	-3.7528865
300222	-1.8841139
300223	0.9098486
300224	2.8836355
300225	-2.1353889
300226	-2.9848123
300227	0.6956994
300228	-2.1317048
300229	1.2949384
300230	3.251149
300231	0.8980583
300232	0.06396413
300233	1.4985225
300234	1.071534
300235	-6.8606133
300236	1.4293066
300237	-4.9500327
300238	-0.45123202
300239	2.3727753
300240	-9.761004
300241	-1.252923
300242	-9.719263
300243	-2.248938
300244	-0.44792646
300245	-3.175983
300246	2.355661
300247	2.8984447
300248	-0.18758358
300249	0.8474676
300250	-2.4698284
300251	0.97173214
300252	-13.671374
300253	0.6612457
300254	-11.386255
300255	1.8921239
300256	-24.436834
300257	2.3104694
300258	2.2664127
300259	-4.732734
300260	-2.3320816
300261	-22.176842
300263	-0.09340392
300264	-11.729077
300265	-7.3664527
300266	-10.05982
300267	-11.405004
300268	-0.23579693
300269	-24.50394
300270	-1.9926364
300271	2.0373006
300272	0.41695815
300274	2.1463675
300275	-0.8162085
300276	0.4010407
300277	3.4368725
300278	-2.7995772
300279	-3.3756557
300280	1.3596699
300281	-9.205126
300283	-0.67328525
300284	-5.702713
300285	2.34893
300286	0.19351509
300287	-9.268518
300288	-2.6337826
300289	-2.8584023
300290	-1.0331113
300291	-1.4468644
300292	-8.048096
300293	-7.0657387
300294	4.5934205
300295	-7.9104667
300296	0.07109143
300298	3.3821137
300299	-27.140503
300300	-8.421824
300301	1.1246849
300302	-2.0703766
300303	2.4717267
300304	0.8294711
300305	2.215183
300306	1.5004772
300307	1.1687208
300308	3.3597722
300310	-6.9245744
300311	8.209373
300313	-5.1611757
300314	-1.0522139
300315	-0.6631631
300316	2.1696773
300317	1.0456346
300318	-23.290287
300319	-1.3990128
300320	0.81179416
300321	-0.98882043
300322	-19.536297
300323	-17.579287
300324	-1.4637625
300326	-4.8588266
300327	0.017295647
300328	-15.147575
300329	-12.935611
300331	-2.118911
300332	2.7287948
300333	-3.5378952
300334	-14.852682
300335	-1.8645267
300337	-2.7575555
300338	-7.620267
300339	0.90855426
300340	-0.1401083
300341	2.8181849
300342	-6.230317
300343	1.1458923
300344	-3.708959
300345	-6.8851748
300346	-4.107189
300347	-0.23556134
300348	-2.2383122
300349	-5.9734545
300350	-1.8077133
300351	-2.5128474
300352	2.0504935
300353	-8.464012
300354	-0.16325788
300355	-0.8594183
300357	1.9301147
300358	2.236675
300359	-7.35164
300360	0.41721684
300363	-1.2516562
300364	-4.5118933
300365	0.2795542
300366	-6.0666585
300368	-7.2283096
300369	0.55126464
300370	-8.311191
300371	-20.223217
300373	1.5537518
300374	0.46725708
300375	-0.763811
300376	2.630244
300377	-8.7594185
300378	-0.7925583
300379	-2.0730643
300380	-10.6684475
300381	-6.9629755
300382	2.42404
300383	2.9282432
300384	2.0950058
300385	-17.14019
300386	-2.8400846
300387	-0.32854205
300388	4.2492433
300389	3.5082068
300390	1.3210694
300391	-6.7021127
300393	0.097972915
300394	-2.5255456
300395	3.586638
300396	-0.5642219
300397	-2.6027212
300398	-1.8966949
300399	-16.266237
300400	-10.255964
300401	-6.4047403
300402	0.6574825
300403	-0.9863987
300404	0.23118675
300405	1.7267573
300406	3.5051277
300407	-2.6915698
300408	3.9785526
300409	2.670414
300410	-17.196545
300411	-5.9314156
300412	-16.830196
300413	3.0551522
300414	1.146317
300415	0.8782714
300416	0.10520983
300417	-5.8046865
300418	-2.234249
300419	-4.836664
300420	0.8792189
300421	-2.544353
300422	-1.8083591
300423	0.74829817
300424	-3.977728
300425	1.9778614
300426	-11.166362
300427	-0.5937734
300428	2.428203
300429	0.22102289
300430	-1.3190731
300432	-2.5323982
300433	1.6800482
300434	1.3314936
300435	2.791385
300436	-34.99842
300437	-4.835299
300438	-0.17862228
300439	-3.4064648
300440	0.86080515
300441	0.10638245
300442	-1.0347345
300443	-2.5644674
300444	1.6209894
300445	2.2330606
300446	-6.2892847
300447	-5.087245
300448	-10.208039
300449	-1.7980359
300450	2.2766776
300451	-3.6914287
300452	2.771402
300453	3.3556037
300454	2.1526465
300455	-5.2277837
300456	-0.38650423
300457	-0.40489116
300458	-6.0139494
300459	-2.9321904
300460	-26.023005
300461	-11.782495
300462	-11.87895
300463	-7.3470964
300464	-5.822915
300465	1.6214437
300466	0.06824645
300467	0.92061174
300468	-1.2499983
300469	-0.46430248
300470	3.0703502
300471	-5.51977
300472	-22.696308
300473	-13.996904
300474	-1.2166011
300475	0.8085656
300476	3.7513783
300477	-3.000776
300478	1.1425588
300479	-2.059313
300480	-4.639387
300481	1.2221129
300482	0.25029483
300483	-2.8740067
300484	-6.3546166
300485	-4.6337624
300486	-1.2751676
300487	2.5013773
300488	3.8922915
300489	0.76732576
300490	-8.569055
300491	-3.0145345
300492	0.8445417
300493	-10.181811
300494	-6.6214194
300496	1.1665852
300497	1.4435059
300498	3.4195201
300499	-2.3013685
300500	-4.165452
300501	-4.0209494
300502	2.655693
300503	-4.226763
300504	-24.122692
300505	-0.5805154
300506	0.07965734
300507	-3.38769
300508	-3.7929072
300509	3.3132553
300510	1.373911
300511	-18.118914
300512	-9.667181
300513	3.440997
300514	0.111038186
300515	3.2491264
300516	0.72768325
300517	-0.4211959
300518	-0.6692746
300519	-12.831531
300520	0.87917536
300521	3.2814152
300522	0.69909096
300523	0.84697706
300525	1.7040803
300527	3.5052414
300528	-5.701079
300529	2.3338456
300530	1.4229196
300531	-19.537813
300532	-3.447766
300533	-10.8203
300534	-0.20446046
300535	1.3554065
300536	7.3235044
300537	-1.8633182
300538	-0.010348839
300539	-9.647095
300540	2.3306403
300541	-0.038252287
300542	-7.2756996
300543	-7.8058944
300545	-0.0067962883
300546	-2.4649093
300547	-0.76927507
300548	-2.774136
300549	-1.5377016
300550	-6.429391
300551	-13.3207245
300552	-4.1137376
300553	1.1864946
300554	-4.7195487
300555	4.1433935
300556	-1.3622925
300557	-2.9196458
300558	-0.15069875
300559	-2.0109096
300560	-7.7311263
300561	-4.1226454
300562	-0.5537134
300563	-6.2051835
300564	-24.507986
300565	-7.5198083
300566	-2.1631832
300567	-0.41592607
300568	1.7684357
300569	0.6120248
300570	-4.9531827
300571	0.6730202
300572	-1.4489882
300573	4.2473946
300575	1.9807993
300576	-4.562747
300577	2.5000477
300578	-1.2438967
300579	-4.655697
300580	-3.1716895
300581	-4.014162
300582	-2.3565183
300583	-23.022781
300584	-24.094732
300585	-7.811395
300586	1.5632992
300587	1.5130135
300588	0.22271211
300589	-2.6849728
300590	-2.7121813
300591	2.1306918
300592	3.6532989
300593	1.5459112
300594	-8.449428
300595	2.3615532
300596	-7.5336037
300597	-1.3973633
300598	-4.3760877
300599	-5.8651915
300600	0.4743517
300601	0.3753062
300602	-3.369538
300603	-1.9505306
300604	-1.9176896
300605	-2.7473774
300606	-4.128421
300607	-1.0767213
300608	2.1759074
300609	-5.78513
300610	0.02998209
300611	-4.4872065
300612	0.90337867
300613	-1.0384943
300614	1.4066691
300615	-18.363585
300616	0.36665744
300617	0.7916543
300618	-0.24412057
300619	-3.6062446
300620	0.25793687
300621	-4.0261755
300622	-26.017078
300623	1.3739704
300624	1.6513577
300625	-1.9953381
300626	0.6509835
300627	0.6681151
300628	3.0662627
300629	0.84981596
300630	-27.234604
300631	-2.721763
300632	-10.10779
300633	2.700156
300634	5.5925446
300635	-0.81794846
300636	1.2194103
300637	-4.0960226
300638	0.91355574
300639	-31.309448
300640	3.1444488
300641	6.4057016
300642	-21.849163
300643	-1.0178387
300644	-4.011643
300645	-0.8174841
300647	-14.289563
300648	2.37878
300649	-3.4791312
300650	1.1342909
300651	-4.685378
300652	2.9166253
300653	-2.4177833
300654	-0.97574794
300655	0.65420085
300656	-10.043085
300657	-0.23557672
300658	2.835157
300659	2.2154658
300660	1.2056915
300661	3.3306847
300662	-3.566085
300663	1.311471
300664	3.9336827
300665	-7.4479036
300666	-1.9474319
300667	1.8633919
300668	-1.0460062
300669	3.4901567
300670	-0.8155282
300671	-2.0930076
300672	-1.7203076
300673	0.4345234
300674	2.1916242
300675	-9.654734
300676	1.7906576
300677	-1.3960305
300678	-0.6659359
300679	0.37798357
300680	-5.007919
300681	-0.4372972
300682	0.9478098
300683	-8.681875
300684	1.1825027
300685	3.9753385
300686	-6.6144423
300687	-0.09846045
300688	-3.9467323
300689	-3.0799391
300690	-7.192659
300691	-10.704821
300692	-3.7160888
300693	-2.7429557
300694	3.7567673
300695	1.1178496
300696	0.15982313
300697	-0.7566951
300698	1.9121727
300699	3.3716712
300700	-3.6244717
300701	1.6697922
300702	2.3909533
300703	3.052733
300705	0.91897833
300706	-1.4424499
300707	0.6047603
300708	-2.058308
300709	-8.882698
300710	-7.6028366
300711	-7.627955
300712	2.668035
300713	-7.592706
300715	3.715295
300716	-21.213581
300717	3.5341232
300718	-3.0329616
300719	-6.978167
300720	2.2519045
300721	0.23006105
300722	-9.585497
300723	2.829455
300724	2.7165208
300725	0.0595949
300726	-0.47512475
300727	-2.3869615
300729	2.146284
300730	-3.7765412
300731	-6.1541033
300732	-4.7433558
300733	-4.386891
300735	-1.1456304
300736	-3.5316193
300737	1.5386738
300738	-0.52885675
300739	0.70169127
300740	-0.31005695
300741	4.26702
300743	1.7299163
300745	0.8305074
300746	-2.909053
300747	-0.08941164
300748	2.26012
300749	3.941864
300750	3.900226
300751	1.6070207
300752	-1.389426
300753	-1.908252
300755	2.0715287
300756	-1.305769
300757	-3.6317565
300758	-1.6437538
300759	3.1575038
300760	3.9771721
300761	1.9593608
300762	-3.1614149
300763	2.464005
300765	1.3722756
300766	1.6599371
300767	1.3300399
300768	1.4259834
300769	-0.024396742
300770	3.1306522
300771	-5.6843805
300772	-1.3596388
300773	1.3718072
300774	0.8938385
300775	-2.454852
300776	1.4064581
300777	3.3866525
300778	-6.0994296
300779	2.9141717
300780	-7.763658
300781	-5.8422775
300782	-0.21125472
300783	0.08575752
300785	0.92054224
300786	-2.0907285
300787	2.59808
300788	-1.3435186
300789	0.21115014
300790	1.0091574
300791	3.105617
300792	1.7713429
300793	-9.310738
300795	0.21829519
300796	5.1223307
300797	2.585237
300798	1.4205819
300800	-0.7717086
300801	1.7490304
300802	1.8985889
300803	-8.591096
300804	-0.94048846
300805	-3.7630703
300806	-2.9398212
300807	-2.3907647
300808	0.58908194
300809	-4.0064034
300810	-2.8699133
300811	-0.30764076
300812	-1.9392561
300813	-4.9028096
300814	-0.14508274
300815	2.416312
300816	2.8180172
300817	-1.4408094
300818	1.2520926
300819	2.2606578
300820	-9.910508
300821	3.2368588
300822	0.57205665
300823	-2.1955655
300824	0.48902622
300825	-3.2154758
300826	-5.2435384
300827	-4.776375
300828	-9.851685
300829	2.1255188
300830	0.5073083
300831	-0.553232
300832	4.094692
300833	2.1156425
300834	0.33555895
300835	-2.966055
300836	-3.3163128
300837	2.1279569
300838	3.1576366
300839	-21.441807
300840	-1.9999466
300841	0.53526556
300842	-1.7552853
300843	-0.79102904
300844	-6.984826
300845	1.265176
300846	-1.402068
300847	2.603705
300848	0.9684849
300849	3.3274617
300850	-3.5565917
300851	-6.602787
300852	0.60826814
300853	-0.18619552
300854	-3.8375294
300855	2.9664192
300856	0.75854796
300857	3.881106
300858	3.4540381
300859	-0.3041392
300860	-6.1308603
300861	3.4451928
300862	-1.572005
300863	-5.9240294
300864	4.1722345
300865	-7.825541
300866	3.381871
300867	2.8831813
300868	-13.508356
300869	1.7124637
300870	0.8445535
300871	3.1215768
300872	0.31790632
300873	1.7259941
300875	-19.23169
300876	1.9601371
300877	3.309831
300878	-10.106997
300879	-2.5486276
300880	-8.216024
300881	-2.447689
300882	0.5344695
300883	2.8495767
300884	-0.5684265
300885	-7.1209936
300886	-3.0243995
300887	-16.31811
300888	3.3893852
300889	-0.36526197
300890	-1.4994382
300891	0.27704716
300892	-6.7370224
300893	0.3139339
300894	-3.7785847
300895	-0.94043475
300896	1.9353983
300897	-1.5709498
300898	-0.65981644
300899	-2.5608463
300900	-3.7900176
300901	2.110782
300902	-2.474072
300903	0.53253824
300904	-4.7151384
300905	-1.1480438
300906	-0.975453
300907	1.8637501
300908	0.6129608
300909	3.0173986
300910	1.5680515
300911	1.7734617
300912	-1.8434665
300913	0.5515258
300915	2.5901299
300916	-0.19836424
300917	-9.239216
300918	1.4026793
300919	2.8070645
300920	2.6119313
300921	-7.6346235
300922	-2.2448902
300923	-14.997439
300925	-0.8913063
300926	-0.23068938
300927	-10.316091
300928	-0.324625
300929	-2.0131292
300930	-3.5550098
300931	-3.289713
300932	-1.1624192
300933	1.6675365
300935	-4.347558
300936	-1.544405
300937	-3.5742593
300938	-2.8682468
300939	-2.5042844
300940	-0.45911875
300941	-0.6823929
300942	-22.318468
300943	-10.114023
300945	-3.4977756
300946	-4.094024
300947	-6.995777
300948	2.3547976
300949	-3.669157
300950	1.5340754
300951	-6.621896
300952	-1.9006809
300953	1.2794666
300955	-14.667313
300956	-9.418997
300957	3.2604969
300958	-2.046189
300959	1.2450265
300960	-15.453604
300961	-1.4421128
300962	3.1100657
300963	-2.4262586
300964	-6.4742074
300965	0.9281052
300966	0.6639768
300967	1.6081908
300968	-21.020397
300969	-1.912638
300970	-2.3324366
300971	-11.723604
300972	-17.021683
300973	1.1570928
300975	-6.4743943
300976	-2.13598
300977	-2.6486828
300978	-3.8013065
300979	5.595813
300980	-3.2381015
300981	-12.419342
300982	0.11613868
300983	-4.719975
300984	1.962353
300985	-2.9460297
300986	-19.687397
300987	3.2143445
300988	-2.0348248
300989	-10.863939
300990	-4.958538
300991	-1.2917899
300992	1.6702843
300993	3.5386727
300994	0.24321966
300995	1.598848
300996	0.049981125
300997	3.109404
300998	1.2877593
300999	2.8028991
301000	-0.07798685
301001	-4.8638163
301002	1.8690447
301003	0.5410443
301004	-0.72153294
301005	-3.1254294
301006	2.9132104
301007	-4.1946497
301008	-1.6487243
301009	2.6959567
301010	-13.057666
301011	-1.7562761
301012	-1.9340321
301013	-1.2642415
301015	4.128836
301016	-28.017155
301017	-5.5698457
301018	-1.1783371
301019	4.2291765
301020	0.70941365
301021	-7.292422
301022	-0.7028129
301023	-1.8422859
301024	-7.6224365
301025	1.0327412
301026	-4.1398034
301027	-1.6885376
301028	3.8775558
301029	-0.1669319
301030	-7.3438416
301031	0.20386204
301032	-3.0500684
301033	-0.8580574
301035	3.5072372
301036	-3.6373856
301037	1.7344439
301038	-5.957315
301039	1.7691011
301040	-9.757205
301041	0.58228195
301042	1.4251208
301043	2.751832
301045	-4.9468236
301046	0.27211204
301047	2.14122
301048	0.22850975
301049	-6.332221
301050	-2.4585
301051	-5.6710467
301052	-2.6641822
301053	-0.0033936978
301055	0.13220309
301056	-0.4922471
301057	-0.483431
301058	1.4996852
301059	-1.2974907
301060	-31.209255
301061	2.0604346
301062	-0.26214904
301063	-5.1735206
301065	-21.07366
301066	-1.4692076
301067	-11.0368185
301068	-0.42149696
301069	0.56959045
301070	-6.731402
301071	-2.613511
301072	-1.7286781
301073	-5.8529515
301075	-22.540035
301076	-1.9970541
301077	2.0814776
301078	1.1809105
301079	-14.431276
301080	-3.9823527
301081	-3.6009572
301082	-3.0660539
301083	-0.0037303925
301085	-1.513942
301086	-12.345845
301087	-2.6537986
301088	-1.0881833
301089	-13.292783
301090	1.5910873
301091	-11.013997
301092	0.7662532
301093	0.559343
301095	0.4816634
301096	4.847065
301097	0.5463195
301098	1.8358101
301099	-5.7202888
301100	-8.016391
301101	-22.613956
301102	0.7286606
301103	0.06569632
301105	1.691541
301106	1.1311954
301107	-1.7554636
301108	1.9679213
301109	3.882153
301110	-1.6751249
301111	-7.596348
301112	-8.218125
301113	2.2644289
301115	1.722485
301116	1.5022395
301117	-7.377639
301118	-4.9613576
301119	-3.137797
301120	-0.44229776
301121	-10.552096
301122	-0.5730082
301123	-0.14443938
301125	-2.4452758
301126	-5.5724826
301127	-17.145077
301128	-6.266305
301129	-3.9516702
301130	-21.362381
301131	-2.7019258
301132	-0.9456297
301133	-3.3670006
301135	-0.76216024
301136	-17.524624
301137	-0.42123684
301138	-0.9809788
301139	2.5978112
301141	-4.30142
301148	-2.483211
301149	-0.087062255
301150	-1.5185201
301151	-27.095758
301152	-0.6174113
301153	-2.259997
301155	-1.3900715
301156	-6.9453154
301157	-3.8121693
301158	-6.8365455
301159	-8.366504
301160	3.5716336
301161	-0.9186041
301162	-1.4079654
301163	-2.0952573
301165	3.673982
301166	-15.479322
301167	-9.005293
301168	-4.1067514
301169	-4.8397627
301170	-1.140382
301171	0.08302301
301172	-2.5425649
301175	1.8942225
301176	-2.0336251
301177	1.0425211
301178	-6.2238793
301179	-2.1932185
301180	-8.470687
301181	-4.703334
301182	-24.652113
301183	0.02658757
301185	0.5589425
301186	-4.4461803
301187	-0.022738159
301188	0.27037215
301189	-0.703966
301190	-0.19885127
301191	-0.06407301
301192	0.3176245
301193	0.46549025
301195	-2.6707425
301196	2.8052945
301197	-5.046714
301198	-16.95133
301199	-1.2812959
301200	3.0062795
301201	0.06330706
301202	-2.0884566
301203	-4.3065577
301205	0.1136318
301206	3.5154254
301207	-6.055053
301208	-6.6889305
301209	-4.222434
301210	-1.2649567
301211	-9.234076
301212	-3.1394894
301213	-3.9256134
301215	0.43584967
301216	0.8396654
301217	-1.5769355
301218	-1.5654451
301219	-0.9258053
301220	-3.5453613
301221	0.6841866
301222	0.8991604
301223	3.5803127
301225	-1.1641108
301226	-30.79391
301227	3.090469
301228	-16.934673
301229	-1.3745706
301230	-2.636124
301231	-2.6384797
301232	-7.897315
301233	-5.0287457
301234	-10.990667
301235	2.6234727
301236	-1.3002945
301237	-3.2363384
301238	-0.7555617
301239	-5.6162224
301246	-0.020752465
301248	-4.08398
301251	-3.1762536
301252	-3.3470032
301255	-0.7475989
301256	2.762563
301257	-2.249421
301258	-8.334227
301259	-5.758468
301260	-1.5390362
301261	-5.2356567
301262	2.1416428
301263	2.2788615
301265	-0.8097992
301266	-7.7142653
301267	2.1236196
301268	-1.2222731
301269	2.29283
301270	-4.075318
301272	0.2587848
301273	-8.81532
301276	1.2636864
301277	1.2478511
301278	-6.594905
301279	-0.15962394
301280	-1.0843569
301281	-4.4699697
301282	-1.560943
301283	1.7157749
301285	-3.2897096
301286	3.7878356
301287	1.2212244
301288	-34.49716
301289	-3.7828033
301290	1.9557222
301291	-2.1891828
301292	0.78187275
301293	1.6715304
301295	-5.4939446
301296	3.8165257
301297	-2.5258832
301298	1.8894005
301299	-1.7833925
301300	-4.107111
301301	-5.1447334
301302	1.0393466
301303	3.671964
301305	1.9827378
301306	-8.74449
301307	-0.26153234
301308	1.6897475
301309	-1.6922125
301310	-0.9560421
301311	-0.2381905
301312	-18.700085
301313	-0.09877673
301314	-3.2646
301315	-8.525545
301316	-12.848096
301317	0.033884127
301318	1.4440793
301319	-0.09482485
301320	-0.0738654
301321	0.12019322
301322	3.5759094
301323	1.2766193
301325	-1.3531507
301326	-1.3832499
301327	0.42418784
301328	-5.430935
301329	-0.11563663
301330	-3.4841073
301331	-3.6347747
301332	-0.038294517
301333	-1.9471648
301335	3.7202263
301336	1.0470064
301337	-0.40045315
301338	-1.4157898
301339	0.7958064
301345	-0.4067355
301348	1.9415451
301349	2.7183065
301353	-2.0052848
301355	-1.2580229
301356	-0.037469912
301357	-1.8132961
301358	1.8548768
301359	-1.0909636
301360	-12.1528225
301361	-7.396126
301362	3.0816798
301363	3.5249772
301365	-5.0804634
301366	-1.1228759
301367	2.823643
301368	-1.4886358
301369	-24.335262
301370	-5.296636
301371	0.7976953
301372	-3.0082452
301373	2.548729
301376	2.5000875
301377	-1.1786909
301378	-3.5884786
301379	-4.517089
301380	-2.0172763
301381	1.324436
301382	1.3524168
301383	-16.070023
301386	-4.1217666
301387	-1.142233
301388	-3.4784195
301389	-1.011893
301390	-3.075206
301391	-0.8412736
301393	-1.7741468
301395	1.7215191
301396	-8.578
301397	-4.2662477
301398	-8.50334
301399	-17.777458
301408	-7.161746
301413	-1.14554
301418	-6.582976
301419	1.9523337
301421	-0.88292044
301428	-5.140918
301429	0.27123243
301439	2.9099624
301446	-8.0232525
301448	-2.7184615
301456	-6.6297874
301459	0.115569375
301468	2.1363513
301469	-3.8302395
301486	-4.9985247
301487	6.7878547
301488	-5.3269954
301489	0.12881017
301498	-2.2332118
301499	-3.7362714
301500	-5.7818165
301502	0.066072606
301503	-2.9333808
301505	-4.0940266
301507	-4.7471886
301508	-2.1319666
301509	-6.9319305
301510	-0.1367675
301511	4.0550084
301512	-2.294701
301515	-3.9744706
301516	-1.8429953
301517	-4.2471266
301518	0.7321585
301519	-3.5687947
301520	-5.4760857
301525	-2.2907898
301526	1.7108591
301528	-8.816275
301529	-2.115179
301533	-2.6388326
301536	-0.13953824
301538	-10.498521
301548	-4.5499763
301550	-12.666232
301555	-3.8275952
301558	0.07697411
301559	2.7102935
301566	-6.6568537
301567	-0.0019738674
301568	-20.9864
301577	0.07524464
301578	-15.736445
301588	-1.2303101
301589	4.151412
301591	-3.980105
600000	5.6370745
600004	3.3442054
600006	-3.7078824
600007	4.2327805
600008	4.1937995
600009	3.8646145
600010	4.028332
600011	3.36008
600012	4.5477247
600015	4.593493
600016	3.289039
600017	4.058675
600018	5.549764
600019	4.5379167
600020	4.098981
600021	1.3702271
600022	4.3729258
600023	3.241225
600025	4.978965
600026	4.143376
600027	2.9364898
600028	5.82548
600029	3.536724
600030	2.9414754
600031	3.7451653
600032	3.6391387
600033	3.5255916
600035	3.7974045
600036	4.632956
600037	3.5616848
600038	3.33381
600039	4.14277
600048	0.60882515
600050	2.337891
600051	4.708955
600052	1.6619241
600053	0.520476
600054	3.3946643
600055	4.3590865
600056	3.330483
600057	5.0167465
600058	3.3755488
600059	4.600095
600060	3.639331
600061	4.213165
600062	3.3814373
600063	2.8502924
600064	4.5574617
600066	2.7362487
600067	2.7583327
600070	-8.16483
600071	3.126373
600072	1.8567765
600073	4.587516
600075	4.574522
600076	0.22862244
600078	3.4191403
600079	4.4152675
600080	4.2382917
600081	3.5785675
600082	3.3947334
600083	1.7001578
600084	1.411094
600085	2.611615
600088	0.21301262
600089	3.9265797
600094	0.106309935
600095	-2.6077614
600096	3.953125
600097	3.4533184
600098	3.8748062
600099	-1.5275581
600100	2.4609709
600101	-4.0465546
600103	3.900961
600104	4.392852
600105	-8.81225
600106	-0.061843473
600107	-3.666484
600108	3.921138
600109	3.0869772
600110	2.6306412
600111	3.4994435
600113	-1.149781
600114	-4.8474703
600115	3.8644128
600116	4.079754
600117	2.2180343
600118	-1.7149814
600119	-3.5698037
600120	4.2625184
600121	3.229152
600123	2.9388156
600125	2.410672
600126	2.5747182
600127	1.840184
600128	3.0693305
600129	-0.75707173
600130	1.0016237
600131	4.4437256
600132	2.3017268
600133	3.1209223
600135	-0.4830037
600136	3.8979335
600137	2.9835136
600138	1.2061976
600141	2.4626753
600143	5.098223
600148	2.4779263
600149	3.031524
600150	3.1996622
600151	-11.509345
600152	0.9037665
600153	2.6564457
600155	0.073178336
600156	3.7855892
600157	-1.9607137
600158	1.6357543
600159	-0.9185419
600160	3.1208572
600161	4.173663
600162	3.1608806
600163	3.568829
600165	5.2585073
600166	-3.7862816
600167	5.7410994
600168	4.2277913
600169	4.320735
600170	3.6338787
600171	-2.8650346
600172	0.11002269
600173	3.4984004
600176	3.171297
600177	4.886325
600178	-8.5360565
600179	3.4316201
600180	4.5820284
600182	3.4847894
600183	2.204317
600184	4.127787
600185	0.23661546
600186	0.7026937
600187	-21.057285
600188	2.7609265
600189	1.0719333
600190	2.7239766
600191	3.846058
600192	-19.956587
600193	3.0250964
600195	2.3151193
600196	4.4344687
600197	3.5638223
600198	3.5770688
600199	-0.6819254
600200	-2.562836
600201	2.2702413
600202	4.331595
600203	-0.011759317
600206	2.9149075
600207	-0.9440934
600208	2.6051326
600210	2.8637834
600211	2.136231
600212	1.4490998
600215	0.08831584
600216	-13.728937
600217	2.4865973
600218	2.8280165
600219	2.191323
600221	3.1335301
600222	-2.0366907
600223	4.1686606
600225	2.77504
600226	4.190967
600227	-3.5147557
600228	2.4406466
600229	3.807602
600230	-0.5964215
600231	4.3050375
600232	4.403047
600233	4.2308416
600234	-2.6971326
600235	3.5161233
600236	3.6898885
600237	1.5125396
600238	3.6124701
600239	-0.02945901
600241	3.475947
600243	-6.946452
600246	2.6833968
600248	4.90408
600249	2.8482594
600250	-6.850112
600251	3.7915606
600252	4.1723685
600255	2.364338
600256	3.2924893
600257	-0.7014372
600258	1.7261684
600259	3.1594253
600261	4.606898
600262	-9.028639
600265	1.1866276
600266	-4.4397936
600267	3.9411702
600268	3.2894063
600269	3.7371204
600271	1.5033747
600272	-10.57258
600273	5.313189
600276	4.4666257
600278	3.8194442
600279	4.872206
600280	-4.897069
600281	1.2353355
600282	3.744772
600283	3.7815185
600284	3.7421699
600285	3.5237286
600287	3.7285004
600288	-1.6069845
600289	2.6653657
600292	3.9717274
600293	3.3771667
600295	3.9229655
600298	3.5570152
600299	4.4710703
600300	3.599228
600301	-2.4324374
600302	4.636262
600303	0.5226592
600305	4.7319894
600307	4.0680847
600308	4.7812986
600309	4.015971
600310	-0.17450635
600312	1.0372896
600313	-1.3531455
600315	3.0376365
600316	-0.27982682
600318	0.46387872
600319	3.7236767
600320	4.447591
600322	-12.431211
600323	3.1457152
600325	-1.6871895
600326	-16.883753
600327	3.845636
600328	4.8235755
600329	4.1214767
600330	1.2577448
600331	0.94428426
600332	4.231936
600333	4.47633
600335	0.13876553
600336	-1.2152704
600337	5.1728506
600338	1.5612795
600339	5.0251713
600340	0.6614065
600343	-2.3653617
600345	-3.9816856
600346	4.1955175
600348	2.098336
600350	5.9243417
600351	-0.12238971
600352	4.1831865
600353	0.10960014
600354	1.0014956
600355	-9.951925
600356	3.8607135
600358	1.1203891
600359	1.9389544
600360	-1.2537687
600361	-2.6453345
600362	1.2511809
600363	1.2480261
600365	2.515107
600366	3.5942311
600367	1.5330293
600368	3.3092434
600369	3.4360147
600370	4.7953405
600371	1.8340654
600372	3.247911
600373	2.9506626
600375	3.9382057
600376	-0.8219587
600377	5.6772723
600378	5.0100307
600379	4.728509
600380	3.567061
600381	2.1225553
600382	3.7937694
600383	-8.900348
600386	-5.378772
600387	3.397889
600388	3.2310708
600389	1.8660057
600390	4.28041
600391	-1.4878633
600392	1.6171644
600395	5.0030475
600396	-1.6274769
600397	-1.1129408
600398	4.240533
600399	0.79229534
600400	4.2458014
600403	4.4644723
600405	3.0923953
600406	3.279482
600408	-0.23169544
600409	3.139382
600410	1.2411004
600415	3.8261566
600416	3.941103
600418	-3.7581482
600419	4.271126
600420	3.7882886
600421	-6.0799346
600422	3.7464767
600423	2.3027587
600425	3.165952
600426	4.450288
600428	2.8141873
600429	4.9354844
600433	4.63805
600435	-0.5787142
600436	3.9277864
600438	-0.52567625
600439	3.7769027
600444	-2.0029635
600446	1.8824852
600448	3.7063427
600449	4.5771055
600452	3.9676876
600455	-2.248404
600456	3.560122
600458	3.079712
600459	2.0612957
600460	-0.66925204
600461	2.3288457
600462	3.2903461
600463	-1.8972323
600467	2.9629388
600468	-1.2473288
600469	0.6014732
600470	3.936625
600475	4.311946
600476	-2.4965184
600477	3.4403114
600478	2.2683551
600479	3.8175724
600480	0.9936271
600481	2.1894999
600482	3.8344116
600483	3.2118695
600486	3.19661
600487	1.4780672
600488	4.3839498
600489	1.9192654
600490	0.5452456
600491	2.6106458
600493	4.190444
600495	3.5192294
600496	4.621236
600497	-0.14213867
600498	1.0237732
600499	1.4652095
600500	5.0709734
600501	-0.75264204
600502	3.7984955
600503	3.1620092
600505	-2.5783253
600506	-1.3273336
600507	4.1158686
600508	2.4725986
600509	3.1592822
600510	4.0680137
600511	3.3579605
600512	-0.13222072
600513	2.239434
600515	4.810588
600516	4.8441973
600517	4.39056
600518	0.41174954
600519	4.5213475
600520	-7.127742
600521	3.5119832
600522	1.796449
600523	2.3129942
600525	1.1053493
600526	0.04615469
600527	4.034052
600528	4.7857695
600529	3.127727
600530	-3.7715058
600531	-0.81868935
600533	-3.1423213
600535	1.6375803
600536	-1.1438963
600537	0.02195015
600538	2.9150784
600539	4.2022753
600540	4.468604
600543	2.5006728
600545	2.001395
600546	1.3272921
600547	2.6003728
600548	4.676986
600549	1.8851521
600550	1.8915927
600551	4.968843
600552	-6.2144623
600556	-3.6262298
600557	-0.44443107
600558	3.9020774
600559	-1.096852
600560	1.1454042
600561	-3.4625542
600562	3.2845273
600563	1.9071763
600566	3.8886657
600567	3.7110958
600568	2.9397752
600569	4.0580473
600570	2.477482
600571	-0.751917
600572	3.8813095
600573	4.7387586
600575	3.9536564
600576	-12.925787
600577	-9.127751
600578	4.3562555
600579	-1.4116784
600580	-2.6285536
600581	3.585794
600582	2.7458186
600583	3.8603866
600584	1.9551802
600585	2.9523726
600586	3.365149
600587	3.6980948
600588	2.464334
600589	-0.18342736
600590	1.463403
600592	-3.5969377
600593	-4.812567
600594	3.8535576
600595	0.93191826
600596	3.5624764
600597	4.818728
600598	4.3024216
600599	4.2854567
600600	2.256485
600601	-2.4551594
600602	0.33486623
600603	0.8791065
600604	-1.6170895
600605	2.5793319
600606	2.6736922
600608	1.9107956
600609	-7.012042
600610	0.005517262
600611	-6.410811
600612	2.8102715
600613	2.4046216
600615	-1.1320947
600616	4.3798065
600617	3.643277
600618	2.6873617
600619	2.097255
600620	-0.44626707
600621	-5.574695
600622	1.4029624
600623	3.998241
600624	-1.245182
600626	-3.031341
600628	4.4724455
600629	2.2420745
600630	-0.88809586
600633	1.2985636
600635	-7.1871223
600636	-3.4023216
600637	4.5049853
600638	-8.08635
600639	3.617662
600640	-7.607122
600641	0.53870654
600642	3.0593696
600643	3.4322028
600644	-2.4747243
600645	3.842418
600648	4.3565493
600649	-2.2637572
600650	-0.059580337
600651	1.2791629
600653	-3.703204
600654	2.3435483
600655	4.645835
600657	1.2189381
600658	2.2100465
600660	4.3192534
600661	-7.6554995
600662	0.6411307
600663	3.4092343
600664	3.9511833
600665	0.5767664
600666	-1.749808
600667	1.0582637
600668	-0.86711204
600671	3.5456154
600673	2.5500126
600674	2.8998094
600675	3.4350708
600676	-3.0261605
600678	-8.987382
600679	-2.4649801
600681	5.039107
600682	1.598308
600683	0.6004863
600684	-8.60158
600685	0.72233284
600686	-30.934916
600688	4.716731
600689	-4.6809535
600690	1.5522245
600691	3.1180186
600692	-6.01259
600693	0.0778071
600694	3.0362124
600696	-23.226498
600697	0.72765124
600698	-5.2242785
600699	0.17934223
600702	1.176208
600703	2.4638016
600704	1.9981339
600705	3.814895
600706	-2.722972
600707	3.2303383
600708	1.1920323
600710	3.9790459
600711	1.260048
600712	-3.529347
600713	4.662259
600714	3.2803884
600715	3.318522
600716	-2.9081292
600717	2.8069367
600718	2.6471126
600719	3.45159
600720	3.0183842
600721	-13.894475
600722	3.7128577
600724	4.8028765
600725	4.740443
600726	3.5629306
600727	-5.749112
600728	2.9429185
600729	1.0680401
600730	-1.2400393
600731	4.098506
600732	-2.3403986
600733	2.5700939
600734	-0.21489322
600735	2.7370505
600736	3.4461975
600737	2.126305
600738	0.84329015
600739	2.625277
600740	3.8778827
600741	3.6925735
600742	3.3147018
600743	-0.6850225
600744	0.7181481
600745	-1.6174428
600746	4.5626764
600748	1.7058914
600749	-3.0659096
600750	2.6548133
600751	3.1591053
600753	-13.649358
600754	1.5851848
600755	3.035284
600756	-0.3151063
600757	3.7331433
600758	4.3252664
600759	3.2265487
600760	4.0777235
600761	-1.276474
600763	-3.433351
600764	-0.29719943
600765	2.5411181
600768	-5.2130938
600769	2.24798
600770	-1.9014238
600771	2.1574993
600773	2.7655685
600774	-0.04300946
600775	-3.148857
600776	2.664941
600777	3.7424808
600778	-13.948169
600779	2.9067805
600780	3.7432876
600782	3.138858
600783	4.315599
600784	4.6290407
600785	4.5472445
600787	4.050505
600789	-8.184178
600790	4.309613
600791	3.5487072
600792	3.6890907
600793	1.7867724
600794	3.7087696
600795	2.454043
600796	2.2706232
600797	2.7853932
600798	4.618331
600800	4.40553
600801	3.3662689
600802	2.8833075
600803	4.669149
600804	1.8774393
600805	0.92852384
600807	-9.403686
600808	3.791587
600809	3.1165023
600810	3.868383
600811	-18.991535
600812	4.130036
600814	2.1407282
600815	4.831127
600816	2.7787757
600817	-19.311855
600818	-1.2922946
600819	0.25428155
600820	4.4216447
600821	0.95490724
600822	-1.9706554
600824	3.7198243
600825	3.2809613
600826	4.2175417
600827	3.857172
600828	2.4355695
600829	3.816066
600830	-6.052005
600831	-0.18342987
600833	3.3256955
600834	-5.225463
600835	3.7893784
600837	3.7485185
600838	0.2678297
600839	1.1587896
600841	-5.723136
600843	-19.60825
600844	-0.9177295
600845	3.6012006
600846	2.618942
600847	3.681588
600848	5.0236
600850	1.7272438
600851	-4.833511
600853	2.4039946
600854	3.713385
600855	-4.1907988
600857	-0.49428234
600858	3.4085708
600859	-5.9117613
600860	-0.968435
600861	1.6066878
600862	3.7576396
600863	2.7798119
600864	0.3243633
600865	4.0296235
600866	-4.8964415
600867	3.796769
600868	-1.7151034
600869	-6.8300734
600871	4.9882345
600872	0.3719295
600873	4.273242
600874	4.302066
600875	3.0697625
600876	3.1908243
600877	1.4072987
600879	-1.2101424
600880	0.44981027
600881	-3.1877892
600882	4.1518126
600883	4.442412
600884	3.3199716
600885	3.1344395
600886	3.8552315
600887	3.0330625
600888	2.3046606
600889	-12.060255
600892	-8.922949
600893	3.8741658
600894	3.0092902
600895	-1.5865914
600897	4.252214
600898	-7.2316847
600900	4.364483
600901	2.2306166
600903	4.8289957
600905	4.453705
600906	2.8290808
600908	3.1241918
600909	4.4153686
600916	2.2114623
600917	5.2126226
600918	4.1753955
600919	4.1322794
600925	4.279185
600926	3.4748065
600927	1.9460907
600928	4.3914795
600929	4.4527993
600933	1.8944792
600935	1.1398324
600936	3.9323564
600938	3.0734642
600939	4.961889
600941	3.5602727
600955	4.2851443
600956	3.4930732
600958	4.8920197
600959	4.5391574
600960	0.19527629
600961	-0.06402155
600962	2.5916128
600963	1.1096191
600965	3.6236248
600966	1.6988065
600967	4.4827223
600968	3.9904938
600969	-3.7649865
600970	2.6501324
600971	1.480196
600973	3.899274
600975	1.8038237
600976	1.9355567
600977	3.6363072
600979	1.863344
600980	-0.295008
600981	4.2269125
600982	4.3806434
600983	4.2367053
600984	0.86862814
600985	2.0883026
600986	1.867577
600987	3.6646245
600988	0.23021808
600989	4.185714
600990	-3.8101432
600992	-2.5742488
600993	4.0090938
600995	3.2396684
600996	2.72817
600997	3.363168
600998	2.1663308
600999	4.671689
601000	4.016996
601001	2.4304543
601002	1.0594399
601003	4.2203097
601005	3.856193
601006	4.2792544
601007	2.0300744
601008	4.0854063
601009	4.135061
601010	2.6003563
601011	3.250089
601012	2.3587046
601015	-0.03250995
601016	3.7418659
601018	5.4849057
601019	4.0792136
601020	-1.9435889
601021	2.7510178
601022	0.04517562
601028	3.3138528
601033	1.4308202
601038	1.0389858
601058	0.24637148
601059	-1.5284374
601061	1.290358
601065	4.126325
601066	4.349868
601068	4.6122065
601069	0.19858506
601077	4.540794
601083	0.69106424
601086	1.0981926
601088	4.7536244
601089	2.8444252
601096	0.9877163
601098	4.056356
601099	-2.7507577
601100	4.261388
601101	2.7566764
601106	4.7340255
601107	2.33862
601108	3.0602562
601111	3.8824744
601113	3.229546
601116	0.9573449
601117	2.799113
601118	5.2345605
601121	2.7193453
601126	0.15893137
601127	-3.3103204
601128	2.59407
601133	1.0746038
601136	-4.349092
601137	0.82479936
601138	6.3609047
601139	4.2247496
601155	-0.60816973
601156	2.7193892
601158	4.837391
601162	-8.040026
601163	3.2742965
601166	4.803781
601168	3.3823674
601169	4.686517
601177	1.168924
601179	0.41017294
601186	4.714238
601187	3.1508288
601188	-4.114316
601198	1.9280224
601199	4.1175303
601200	5.158593
601208	0.7789276
601211	4.0298033
601212	2.5814247
601216	4.5156994
601218	-3.1981282
601222	4.183799
601225	4.9308167
601226	4.6579704
601228	4.727501
601229	4.7255526
601231	3.5762253
601233	3.4996598
601236	3.6129951
601238	3.5097365
601279	1.3325634
601288	5.5823164
601298	5.2419996
601311	2.3082583
601318	4.3371096
601319	5.1965246
601326	4.725652
601328	5.3115096
601330	4.253447
601333	3.3937726
601336	3.7199295
601339	4.41987
601360	2.5009594
601366	4.065336
601368	4.613931
601369	4.4309716
601375	2.9324205
601377	4.101563
601388	1.3194898
601390	4.031813
601398	5.910914
601399	4.7612796
601456	-1.9810705
601500	0.96664315
601512	5.8632135
601515	4.380187
601518	4.2388334
601519	1.1487888
601528	3.6826446
601555	3.576818
601566	-1.7590767
601567	1.7943665
601568	5.714132
601577	4.22688
601579	4.008913
601588	0.1056128
601595	-2.2717907
601598	3.2704682
601599	-1.1395446
601600	2.2327452
601601	4.2657676
601606	1.2189721
601607	4.406767
601608	3.4116669
601609	2.726392
601611	3.1345155
601615	2.5207717
601616	3.2357159
601618	4.579467
601619	3.8361335
601628	5.4810658
601633	3.6501002
601636	2.6119766
601658	4.883956
601665	3.016618
601666	3.0610797
601668	4.0855284
601669	3.5627434
601677	0.85063076
601678	3.4383373
601686	5.32936
601688	3.9196777
601689	2.3540053
601696	1.1283581
601698	-1.0526329
601699	2.2615273
601700	2.8216836
601702	2.555772
601717	1.9586948
601718	4.61107
601727	5.0360055
601728	4.220044
601766	3.6393085
601777	2.8870137
601778	-0.609728
601788	3.7874515
601789	3.1031194
601798	1.871155
601799	0.4605834
601800	5.2296715
601801	4.6282334
601808	3.8271585
601811	4.7672024
601816	4.8418927
601818	4.671031
601825	2.8928287
601827	4.6815124
601828	2.425219
601838	3.0873096
601857	5.868582
601858	2.6384873
601860	3.418572
601865	-0.74932057
601866	3.2646422
601868	3.9787285
601869	-1.1886396
601872	1.4470322
601877	3.846332
601878	-0.24457626
601880	4.7021956
601881	1.6888425
601882	1.3836669
601886	3.1467655
601888	0.8618668
601890	2.5400958
601898	6.8581266
601899	3.3779278
601900	1.1928117
601901	0.9666661
601908	2.5679188
601916	4.0288644
601918	4.023473
601919	1.37955
601921	-1.542669
601928	3.7295537
601929	-0.68419284
601933	-1.8724359
601939	3.5991845
601949	3.599945
601952	5.419161
601956	3.9229019
601958	2.6908753
601963	1.9117962
601965	2.7574978
601966	0.9993607
601968	3.227824
601969	2.9654822
601975	1.935084
601985	3.2657743
601988	5.9999166
601989	4.1336617
601990	3.5156474
601991	2.4819305
601992	4.150878
601995	3.121944
601996	4.345488
601997	3.0598447
601998	6.416701
601999	4.045148
603000	-0.9004119
603001	4.16037
603002	-3.4021606
603003	-0.18824144
603004	-5.697934
603005	-5.782819
603006	3.4490447
603007	2.6219661
603008	3.244635
603009	-1.2369442
603010	4.224186
603011	-0.0912074
603012	4.672097
603013	3.418042
603015	2.2407975
603016	4.043949
603017	-1.8005879
603018	2.114858
603019	-0.9210019
603020	2.6697183
603021	4.3051443
603022	2.4071174
603023	1.4345009
603025	2.6663642
603026	1.481388
603027	3.1194675
603028	-6.797075
603029	1.1907166
603030	-0.8833827
603031	3.5103383
603032	-5.390561
603033	3.3027196
603035	1.2090439
603036	3.654282
603037	-6.023795
603038	4.126555
603039	2.2188034
603040	2.3261247
603041	3.6272984
603042	-0.8450783
603043	3.065227
603045	3.0736551
603048	0.049493887
603050	1.5792087
603051	-4.0420685
603052	0.01656971
603053	4.8198643
603055	3.6997
603056	2.0572255
603057	1.9968821
603058	-2.9930968
603059	4.675278
603060	3.8234565
603061	-4.108472
603062	-3.8080258
603063	2.542958
603065	-16.014652
603066	-0.13334723
603067	0.45719323
603068	-2.839315
603069	-3.01195
603070	0.09624686
603071	4.117999
603073	3.4101963
603075	-2.6828513
603076	2.6610866
603077	3.8065536
603078	1.2133816
603079	-5.7704015
603080	2.275243
603081	0.73542506
603082	-6.5003557
603083	-1.1444892
603085	0.14305139
603086	3.7379944
603087	1.2452562
603088	1.2755133
603089	3.8151047
603090	2.5850003
603093	1.5988649
603095	4.3042717
603096	2.963589
603097	-0.60347927
603098	3.8982158
603099	-5.616924
603100	0.52871317
603101	2.4072444
603102	1.5578284
603103	-0.3466681
603105	0.9608501
603106	-3.1798308
603107	-6.3525043
603108	-0.51373386
603109	0.46157756
603110	1.7979273
603111	2.536601
603112	3.534212
603113	2.7036338
603115	3.6221795
603116	4.536039
603117	2.8769422
603118	-0.5574775
603119	2.9280891
603121	-6.698507
603122	-5.1740937
603123	3.1285152
603125	-0.68325734
603126	-1.1533473
603127	-2.3141062
603128	4.170594
603129	2.143867
603130	-0.009208645
603131	-6.460374
603132	-0.3388835
603135	2.4427235
603136	0.91544616
603137	-0.21814068
603138	3.2601895
603139	-1.8157079
603150	0.9305026
603151	-0.16821463
603153	0.36601895
603155	-1.0812054
603156	5.0024376
603158	-3.4407458
603159	3.99076
603160	-2.7791493
603161	1.8829393
603162	1.5305326
603163	0.74208707
603165	3.2556183
603166	3.8636556
603167	1.890559
603168	-7.2434945
603169	3.8634079
603170	2.1896446
603171	-1.2532991
603172	2.6851687
603173	1.9236807
603176	3.330124
603177	-0.8694789
603178	-1.9822788
603179	3.931441
603180	1.2569139
603181	3.7747085
603182	3.0774593
603183	-0.3208149
603185	1.3193402
603186	-8.5195675
603187	1.7479725
603188	-1.1168435
603189	2.169249
603190	-0.45785707
603191	1.0268011
603192	2.6239204
603193	-2.9550948
603195	3.8644853
603196	-7.8461747
603197	-1.3561623
603198	2.1089628
603199	2.9563298
603200	0.6556691
603201	-1.3192536
603203	0.9840177
603206	0.51167655
603208	4.5865765
603209	3.8017685
603211	-7.5642715
603212	-3.349195
603213	3.006322
603214	2.5838351
603215	-5.286079
603216	4.4502974
603217	4.1264644
603218	4.0129843
603219	1.0442514
603220	0.60500115
603221	-0.6032662
603222	2.9574754
603223	3.97088
603225	6.276725
603226	1.8996954
603227	4.0315027
603228	1.3717995
603229	3.6049182
603230	1.4863164
603231	-1.9880791
603232	-1.5596714
603233	1.2325745
603235	1.5622156
603236	-1.302554
603237	3.262647
603238	4.098025
603239	1.7674843
603255	4.4129806
603256	0.10176784
603258	-1.891291
603259	2.4036293
603260	4.8644056
603261	-4.0074677
603266	-1.1383784
603267	-4.3229513
603268	-1.1076037
603269	0.15072379
603270	-2.2432399
603272	3.0897822
603273	-1.5095139
603275	2.483062
603276	-1.5465748
603277	4.2868123
603278	-2.5076518
603279	2.5161128
603280	0.06999864
603281	4.211547
603282	-1.5755885
603283	3.6757169
603286	-4.09581
603288	4.3952646
603289	1.1013203
603290	-0.71404636
603291	1.8516318
603296	3.2947083
603297	1.944911
603298	2.3497334
603299	3.672683
603300	2.2171726
603301	3.260407
603303	5.152383
603305	1.8995886
603306	0.69871324
603307	-0.9783785
603308	1.8193481
603309	2.700823
603311	4.136617
603312	0.13095348
603313	3.1498628
603315	3.886008
603316	-2.2995174
603317	2.4284291
603318	4.2685266
603319	-0.24769254
603320	-1.1373396
603321	1.8253524
603322	3.1192296
603323	2.8505378
603324	-21.332417
603325	0.91742325
603326	3.3697917
603327	1.8277184
603328	-1.3627503
603329	2.0538855
603330	1.6466649
603331	2.400337
603332	2.181404
603333	-1.4774988
603335	2.3310974
603336	-8.207243
603337	2.656836
603338	1.8050499
603339	3.7480888
603341	-7.9238386
603344	-2.0212035
603345	0.07398981
603348	-0.11940193
603351	3.2884178
603353	1.9320974
603355	4.815646
603356	-1.4925716
603357	3.1486282
603358	4.017858
603359	3.8065815
603360	3.3656948
603363	1.6819851
603365	2.1435676
603366	2.7612946
603367	3.8848171
603368	0.22830494
603369	1.9956882
603373	-6.295844
603375	-15.129936
603377	0.3161848
603378	2.7625172
603379	2.8090568
603380	2.2277846
603383	1.4544808
603385	4.673999
603386	-4.907276
603387	0.46974236
603388	1.4781774
603389	-5.321988
603390	-0.91211796
603392	2.8133242
603393	3.291577
603396	-0.0716833
603398	4.850172
603399	0.44059888
603408	2.6339068
603416	1.4007034
603421	0.1468293
603429	0.6544982
603439	-1.0125598
603444	-4.1125126
603456	2.0750072
603458	-24.31494
603466	1.2648935
603477	4.363683
603486	0.97367036
603488	-2.1000185
603489	-3.4172695
603496	1.571875
603499	1.2959902
603500	1.300223
603501	2.2138526
603505	2.6416717
603506	-1.0549719
603507	-2.739819
603508	-0.8177427
603511	3.986501
603515	-0.9350031
603516	1.3760664
603517	-7.7891665
603518	2.1721637
603519	2.146502
603520	2.1168447
603527	2.7982187
603528	-0.31256494
603529	2.01272
603530	0.36352402
603533	0.2343036
603535	1.2231283
603536	-3.5942364
603538	2.5721383
603551	4.872998
603556	1.7440236
603557	4.252375
603558	-5.7964354
603559	-3.3773072
603565	3.987166
603566	2.9581363
603567	4.9763055
603568	3.8389816
603569	-0.57120633
603577	2.2765672
603578	2.6398988
603579	1.696269
603580	-9.450204
603583	0.45717192
603585	4.3881717
603586	0.2695884
603587	4.581376
603588	2.1094763
603589	4.0455923
603590	-6.547197
603595	1.7677143
603596	0.97175235
603598	-2.612342
603599	2.5484223
603600	2.4031575
603601	3.3718395
603602	-4.8219857
603605	2.9585629
603606	1.9751022
603607	0.28336185
603608	3.2853966
603609	4.4961767
603610	3.2404015
603611	1.8047552
603612	2.729981
603613	-0.2722766
603615	3.613165
603616	-0.8316164
603617	-0.66125536
603618	-1.331419
603619	1.3151381
603626	0.48499927
603628	-9.784784
603629	1.1601199
603630	-0.85862464
603633	0.87597066
603636	2.5167632
603637	4.2179656
603638	4.426318
603639	-1.4066668
603648	2.176456
603650	-0.19070648
603655	-2.2681527
603656	3.1214864
603657	-2.3088052
603658	1.6399873
603659	3.0738254
603660	1.70985
603661	3.2336762
603662	-7.415086
603663	-1.7488016
603665	2.431311
603666	-0.7268548
603667	-1.638686
603668	0.54279476
603669	3.7384675
603676	3.3812969
603677	3.3376555
603678	1.0484325
603679	-3.0764933
603680	0.051830865
603681	1.0815573
603682	1.3709879
603683	0.3003906
603685	0.067999505
603686	-7.180661
603687	5.111723
603688	0.5212018
603689	3.5311592
603690	1.3897889
603693	3.0212812
603696	-2.1232178
603697	4.336858
603698	3.2702794
603699	3.8080704
603700	3.4353669
603701	0.0864529
603703	-2.5513062
603706	3.3232331
603707	4.4479322
603708	2.364212
603709	3.0980446
603711	2.0894463
603712	3.7946637
603713	2.1890957
603716	-15.754956
603717	0.14968583
603718	2.2117789
603719	2.651048
603721	-6.599284
603722	2.8176656
603725	2.7254663
603726	-0.12343385
603727	2.414268
603728	-2.9240437
603729	-0.5221275
603730	2.7588496
603733	2.896194
603737	2.686193
603738	-2.933095
603739	-6.2895155
603755	0.49620515
603757	2.2503288
603758	3.1524732
603759	4.093966
603766	0.99065703
603767	0.36319256
603768	-4.879635
603773	0.83439386
603776	-5.3171124
603777	2.6854272
603778	-3.1578712
603779	2.3576558
603786	2.7397187
603787	3.5221412
603788	3.20022
603789	-3.3112113
603790	0.5163517
603797	4.0717688
603798	2.9937916
603799	0.4312601
603800	1.4403828
603801	1.7296183
603803	1.6440855
603806	-2.0590672
603808	4.563819
603809	-0.46017462
603810	3.5050964
603811	2.4326663
603813	4.0882874
603815	2.4218614
603816	4.608655
603817	3.9437103
603818	4.3573875
603819	2.4048502
603822	0.31321812
603823	-0.57989347
603825	-4.2703247
603826	1.7884159
603828	2.6803374
603829	1.6542408
603833	5.2086954
603836	2.2516568
603838	3.4688735
603839	-14.803381
603843	-6.320911
603848	0.98024416
603855	3.6212993
603856	3.2815845
603858	4.6223106
603859	-0.56278527
603860	-6.349302
603861	3.3214374
603863	-4.580988
603866	4.0779605
603867	1.7638319
603868	3.3689132
603869	2.0881262
603871	2.7733567
603876	2.1732888
603877	4.984645
603878	3.254762
603879	-2.47587
603880	4.091649
603881	2.233284
603882	-0.2565401
603883	3.2087777
603885	1.1122048
603886	3.830256
603887	-2.043427
603888	0.7706615
603889	3.8994346
603890	1.6643931
603893	0.25465107
603895	1.0680711
603896	2.8354354
603897	1.729414
603898	-0.8210999
603899	3.4400764
603900	-3.4873557
603901	3.4703526
603903	-2.3373287
603906	1.5043352
603908	-2.6364663
603909	0.25787768
603912	-0.5179007
603915	1.0360239
603916	-9.047012
603917	-9.9249325
603918	-1.4272825
603919	3.1942852
603920	-1.2904601
603922	2.8771396
603926	3.617413
603927	1.5212551
603928	4.2058372
603929	-0.94419307
603931	0.64418244
603933	2.342845
603936	-2.7451532
603937	1.6074572
603938	2.7422745
603939	1.3520801
603948	3.9803963
603949	2.557024
603950	2.160698
603955	0.5961959
603956	3.3820567
603958	-2.3183653
603959	2.5639932
603960	-4.3144655
603963	-9.236224
603966	-9.971798
603967	3.7528672
603968	1.8582926
603969	2.423386
603970	1.6826618
603976	-6.3474603
603977	0.0043499945
603978	-3.2046237
603979	2.7702065
603980	3.3612294
603982	-0.20340988
603983	3.9183097
603985	0.17213865
603986	2.3566372
603987	3.7095962
603988	-17.58326
603989	2.9597924
603990	0.62922037
603991	-0.32294434
603992	3.0361736
603993	3.6124687
603995	2.329761
603997	4.1642647
603998	3.4730515
603999	3.7405102
605001	-5.047962
605003	2.4967592
605005	4.069645
605006	4.6105824
605007	1.9778512
605008	2.8694067
605009	3.9682953
605011	0.5150044
605016	-1.947047
605018	2.0745525
605020	2.417013
605028	0.5844388
605033	1.6090893
605050	3.465693
605055	4.691353
605056	1.1044654
605058	3.076285
605060	-3.1768403
605066	4.4035587
605068	-1.1387405
605069	-1.4131339
605077	2.3013175
605080	1.8671501
605081	3.918361
605086	0.88235873
605088	1.6547502
605089	1.376568
605090	0.8182764
605098	-4.553395
605099	3.6995606
605100	3.2442412
605108	0.2539556
605111	-3.5561976
605116	1.8211368
605117	3.7995884
605118	-3.2451954
605122	-5.715028
605123	2.8616955
605128	2.0822978
605133	2.0832365
605136	-8.291673
605138	1.3169162
605151	4.0730686
605155	4.0698314
605158	0.32527176
605162	2.2839904
605166	1.1326703
605167	4.180339
605168	1.4567775
605169	1.389536
605177	2.6995738
605178	-10.810994
605179	4.136609
605180	2.7899487
605183	4.0206356
605186	-1.0222929
605188	3.3480847
605189	3.5376446
605196	0.8927267
605198	0.6013526
605199	-11.124239
605208	1.4163276
605218	-9.810936
605222	2.214541
605228	-0.44021034
605255	-8.353941
605258	-3.0967114
605259	4.236306
605266	-1.6313301
605268	3.7864761
605277	-2.3095129
605286	2.7449937
605287	1.9908245
605288	2.760167
605289	0.081444815
605296	2.6375048
605298	1.379594
605299	1.8721536
605300	2.8982816
605303	2.9617183
605305	2.8519993
605318	4.5263515
605319	1.969991
605333	3.8214908
605336	1.1738212
605337	2.7833304
605338	2.9533112
605339	4.810399
605358	2.8939533
605365	3.5783966
605366	1.0179553
605368	4.4827733
605369	4.491665
605376	0.18290722
605377	2.7715278
605378	1.7878805
605388	3.9619484
605389	2.6030416
605398	2.904375
605399	1.1072809
605488	-0.30614787
605499	4.9511213
605500	4.3471217
605507	3.761945
605555	0.19929987
605566	3.0564904
605567	-1.7631128
605577	0.6442348
605580	2.464333
605588	-1.6935949
605589	1.4581931
605598	-0.09189736
605599	3.7442164
688001	3.1435924
688002	1.1132141
688003	2.5080504
688004	2.6695251
688005	-2.0322938
688006	3.4424138
688007	1.802586
688008	1.5242001
688009	3.3142178
688010	2.6221538
688011	2.8421626
688012	2.763929
688013	4.4166613
688015	-1.8984934
688016	1.9049317
688017	-2.81905
688018	2.3690236
688019	1.6676499
688020	-4.255085
688021	1.8053143
688022	0.8608658
688023	-2.6439068
688025	1.4266593
688026	1.7637144
688027	-0.21035786
688028	1.4139467
688029	3.4046845
688030	3.5028298
688031	1.6270988
688032	-6.917844
688033	1.5365019
688035	0.4644312
688036	1.8400726
688037	0.12459542
688038	1.8619864
688039	1.6988796
688041	0.6217846
688045	-2.3366528
688046	3.3046737
688047	0.6494756
688048	2.0047247
688049	0.9732877
688050	3.7138207
688051	3.4346416
688052	-0.58668935
688053	-2.306204
688055	4.7268734
688056	2.9277263
688057	4.5436954
688058	2.4950035
688059	0.18971407
688060	2.8859286
688061	-0.42998973
688062	0.9493287
688063	2.3250034
688065	4.215119
688066	-0.9810076
688067	3.696752
688068	-3.1813776
688069	3.5898902
688070	-1.9287398
688071	1.0305893
688072	2.1862247
688073	-1.7999468
688075	0.21086761
688076	2.5141234
688077	1.7598133
688078	1.8101242
688079	-1.2463329
688080	2.9767394
688081	0.30324674
688082	-0.9539975
688083	4.0994263
688084	2.1425931
688085	4.464026
688087	4.003787
688088	1.9399564
688089	2.484449
688090	-7.575676
688091	-20.86142
688092	1.4116349
688093	3.1275945
688095	1.0162209
688096	3.3813186
688097	1.7280442
688098	4.7843084
688099	3.1582637
688100	3.3614838
688101	2.9460196
688102	-0.8317741
688103	0.5326115
688105	3.5385487
688106	3.1078253
688107	0.38360706
688108	-0.06230442
688109	0.71333915
688110	3.152959
688111	0.86000013
688112	2.184148
688113	3.2411594
688114	2.41268
688115	0.64989513
688116	1.0843705
688117	-7.251358
688118	0.029977232
688119	4.511133
688120	1.9772952
688121	2.1837826
688122	4.793299
688123	4.092128
688125	-0.3140975
688126	3.9528146
688127	2.500855
688128	3.7500591
688129	4.7553177
688130	-2.1551797
688131	-0.36271337
688132	4.4880104
688133	0.5274154
688135	-0.49072284
688136	2.7129283
688137	3.703524
688138	1.5313337
688139	1.9317154
688141	-6.6190844
688143	-1.2160622
688146	1.4281025
688147	-1.0483392
688148	1.4877671
688150	0.779099
688151	2.556966
688152	-4.5238543
688153	0.23525894
688155	3.4963493
688156	2.6118603
688157	4.3880343
688158	1.9218937
688159	1.1197655
688160	-0.877648
688161	3.7117221
688162	1.827385
688163	0.7554494
688165	1.8644788
688166	-2.148865
688167	0.16692148
688168	-2.9387362
688169	3.6061249
688170	-1.1312717
688171	2.725965
688172	2.5229542
688173	0.90255755
688175	2.5036972
688176	3.595469
688177	2.2712615
688178	3.7034225
688179	1.021002
688180	2.397216
688181	2.6479578
688182	1.8530762
688183	0.3817729
688184	3.6213398
688185	-2.2973106
688186	2.416767
688187	2.9887433
688188	2.9766495
688189	3.57798
688190	2.337043
688191	1.4231267
688192	1.1842145
688193	1.4526157
688195	1.7417637
688196	3.4659877
688197	0.8773435
688198	3.7374187
688199	1.4057759
688200	2.790114
688201	0.055622566
688202	-0.6819649
688203	2.3491116
688205	-1.0415027
688206	-2.5434165
688207	0.449382
688208	0.71935284
688209	0.17871532
688210	1.9005779
688211	4.0454445
688212	2.4837093
688213	2.5448642
688215	2.7179925
688216	-0.033949565
688217	5.4021263
688218	1.9560192
688219	3.4195812
688220	2.0877922
688221	3.7061424
688222	1.5592816
688223	1.8638763
688225	0.05316595
688226	-0.121956445
688227	1.53189
688228	1.3843658
688229	-2.984918
688230	-2.2987218
688231	2.7769191
688232	-0.53553885
688233	0.11868103
688234	0.48187542
688235	1.0878934
688236	1.9633172
688237	1.2567989
688238	-2.103793
688239	0.51019627
688244	-0.73398715
688246	0.21249945
688247	2.4273255
688248	3.4083488
688249	3.1436534
688251	3.113238
688252	-0.47475123
688253	2.4674382
688255	1.4135001
688256	-3.2307534
688257	1.6475607
688258	-10.435244
688259	-9.650276
688260	-3.7951837
688261	0.73363864
688262	-2.128473
688265	3.9752529
688266	1.6924095
688267	2.9054036
688268	2.6281006
688269	1.2185004
688270	-6.0991173
688271	4.8468065
688272	0.20303321
688273	3.590281
688275	1.7968566
688276	2.9077144
688277	2.4352252
688278	4.548547
688279	3.3448682
688280	1.7256527
688281	0.12153039
688282	3.4029832
688283	0.3584891
688285	1.9744241
688286	-0.8601138
688287	-3.7555943
688288	-0.43369135
688289	1.6371071
688290	3.2128282
688291	2.2576637
688292	0.42613095
688293	0.6937457
688295	2.086421
688296	2.7341588
688297	0.6488677
688298	4.5621543
688299	2.7436607
688300	0.97648734
688301	2.4501233
688302	1.9990618
688303	2.7795167
688305	2.3107781
688306	2.355084
688307	1.2974298
688308	0.97168314
688309	4.443883
688310	-7.3263764
688311	-3.7585018
688312	2.8494637
688313	2.7336812
688314	-4.883855
688315	1.8692415
688316	1.8423691
688317	-11.153798
688318	-11.970925
688319	3.433379
688320	3.201032
688321	2.815993
688322	1.4025071
688323	-1.1287426
688325	-3.777142
688326	-3.170083
688327	4.687847
688328	1.0564115
688329	3.598056
688330	4.317945
688331	-0.33309895
688332	1.4331188
688333	2.8781254
688334	1.9274693
688335	4.144665
688336	2.5832953
688337	2.7779365
688338	2.8226247
688339	1.0514863
688343	1.702315
688345	3.129837
688347	-1.6207901
688348	-3.5027137
688349	0.396547
688350	3.3653202
688351	3.8954887
688352	4.1789384
688353	2.6750238
688355	2.3681874
688356	2.8231237
688357	0.1358048
688358	2.5685384
688359	4.7860403
688360	-0.417355
688361	-0.9445882
688362	1.4058038
688363	3.4615898
688365	1.2817389
688366	3.7765331
688367	4.021385
688368	2.0652032
688369	1.3961046
688370	3.9442375
688371	0.817062
688372	-5.006044
688373	0.20933394
688375	3.374683
688376	1.5288785
688377	2.53213
688378	3.637896
688379	3.8799767
688380	-5.6084094
688381	-0.13345417
688382	1.7766358
688383	-0.0425941
688385	-0.6382906
688386	2.4966636
688387	1.9845825
688388	0.63156915
688389	2.1405823
688390	0.33095294
688391	1.2599609
688392	1.7316456
688393	3.1983237
688395	3.8797574
688396	2.9607642
688398	3.167972
688399	4.0122437
688400	1.6762562
688401	1.5178595
688403	-0.312613
688408	3.323347
688409	0.69584525
688410	2.251801
688416	0.2822909
688418	-5.4379487
688419	1.4321471
688420	3.333466
688425	0.48232755
688426	4.3498907
688428	4.4153876
688429	3.1072638
688432	2.6740823
688433	2.6074395
688435	3.3553307
688439	0.4130966
688443	3.5319648
688448	1.862249
688450	2.966181
688455	3.7955565
688456	1.28575
688458	-0.28219137
688459	4.1932397
688466	4.5716147
688468	3.4786935
688469	2.5630956
688472	3.7625892
688475	1.6986752
688478	-0.19940683
688479	3.364257
688480	4.310174
688484	0.81115866
688485	3.9277484
688486	1.4246596
688488	5.408382
688489	1.5534675
688496	3.470407
688498	1.8400472
688499	1.9733503
688500	2.4627633
688501	0.8957529
688502	-3.417155
688503	-3.7091808
688505	4.7712708
688506	2.312616
688507	2.1370459
688508	-1.8550022
688509	0.77129143
688510	0.98471355
688511	-0.011497533
688512	0.5723551
688513	3.9757729
688515	-4.283308
688516	-0.38143492
688517	0.1867771
688518	4.572953
688519	3.3798676
688520	2.1440647
688521	-0.09936948
688522	-1.1400406
688523	-3.5434709
688525	3.2540536
688526	4.282157
688528	4.192584
688529	2.9907773
688531	-0.60710675
688533	3.2431915
688535	-1.9011278
688536	-0.3905072
688538	4.242873
688539	-0.07828426
688543	1.4744927
688548	2.1363254
688549	-0.8531742
688550	0.45269403
688551	2.306887
688552	-2.6617055
688553	3.8129373
688556	-0.9481866
688557	4.2885165
688558	3.949309
688559	0.8520732
688560	1.5788233
688561	2.7314413
688562	-0.86295843
688563	1.6296892
688565	3.1160567
688566	3.791222
688567	2.360789
688568	2.484798
688569	2.0702162
688570	2.7278755
688571	3.2538085
688573	4.655158
688575	3.9477563
688576	1.652427
688577	2.1972299
688578	-2.086499
688579	1.5964482
688580	3.8076396
688581	1.1458699
688582	3.6542656
688584	-0.48899776
688585	4.8384132
688586	3.2263286
688588	2.162924
688589	-0.16956785
688590	0.78134906
688591	-3.226397
688592	1.8409073
688593	3.1538181
688595	0.115018584
688596	5.2434745
688597	4.8569784
688598	0.5000084
688599	1.7038378
688600	1.3731347
688601	-1.360276
688602	0.9293086
688603	-0.79633224
688606	3.8236141
688607	1.5386883
688608	3.3768134
688609	-2.7687745
688610	0.91862124
688611	3.4562142
688612	2.3051503
688613	-20.78311
688616	2.9593444
688617	4.359701
688618	1.3304883
688619	2.8698492
688620	0.3846916
688621	4.612604
688622	3.7205894
688623	3.1410553
688625	4.8181314
688626	2.6345525
688627	1.5955391
688628	3.287952
688629	-1.3074725
688630	1.6419464
688631	-7.1011224
688633	3.969555
688636	-2.6860566
688638	1.73568
688639	4.769916
688646	-1.8582577
688648	-4.128827
688651	-2.1478133
688652	-4.71625
688653	-4.582184
688655	2.3109179
688656	2.619598
688657	0.56483805
688658	2.7658513
688659	2.1786952
688660	4.150541
688661	1.5022801
688662	1.5549316
688663	2.4199557
688665	1.7108552
688667	2.7954085
688668	-1.4395525
688669	3.0647225
688670	2.1629465
688671	-1.8892456
688676	3.4422352
688677	2.5196013
688678	1.9797742
688679	2.7680228
688680	-1.314222
688681	2.1811337
688682	-6.9946694
688683	4.4953585
688685	-0.55237794
688686	1.8072102
688687	1.0108044
688689	1.0905244
688690	3.2045295
688693	0.46875134
688695	-0.6755613
688696	3.4444973
688697	-1.1847208
688698	0.42569503
688699	-0.16292399
688700	0.1352748
688701	-0.6397096
688702	-0.904702
688707	-0.6393925
688709	-0.5687219
688711	-1.6149914
688716	-1.6944968
688717	-0.5052489
688718	3.8305154
688719	0.32791668
688720	-3.8728738
688722	3.180388
688728	2.1238134
688733	1.8714918
688737	1.6892786
688739	4.098007
688766	1.0039167
688767	3.2667897
688768	3.0806026
688772	1.568043
688776	1.3098072
688777	2.3196094
688778	3.3388047
688779	3.2985435
688786	0.51072204
688787	1.3502126
688788	3.5579438
688789	2.1104078
688793	-2.0107486
688798	0.44933742
688799	1.5799137
688800	0.34543267
688819	4.1098185
688981	3.414814
689009	3.1009147
