1	4.279109
2	-0.0006825514
4	-3.992775
6	0.18640181
7	2.2591386
8	-2.1029167
9	3.563254
10	-1.3441433
11	-3.7475414
12	4.335854
14	-2.121167
16	-18.345371
17	-2.991838
19	3.5518937
20	-23.21243
21	0.8733144
25	-1.1473958
26	1.4343339
27	0.666573
28	4.0154405
29	3.5097241
30	2.5988317
31	3.5250487
32	-1.0832999
34	-4.627257
35	2.8959668
36	2.779272
37	0.39956805
39	1.4642639
40	1.7929875
42	0.49134532
45	-3.4105377
48	3.7703292
49	-2.9482036
50	3.0108485
55	3.7943394
56	-1.6166048
58	-4.332174
59	3.9419942
60	2.7846236
61	4.1014805
62	-8.84847
63	3.6012788
65	3.951109
66	2.284021
68	-8.474093
69	2.338345
70	0.8384352
78	1.5582769
88	3.9958985
89	2.9930005
90	2.2799592
96	3.373708
99	-4.9221845
100	2.534494
151	0.26137438
153	1.3839921
155	2.754427
156	4.1422305
157	2.7845066
158	0.019031173
159	3.1932616
166	4.902671
301	3.7345912
333	4.719435
338	-0.21884015
400	1.230036
401	4.2199326
402	-0.252456
403	1.775186
404	1.1015395
407	3.470367
408	3.3419156
409	2.3488522
410	2.8052511
411	3.2597497
415	1.4280968
417	3.274609
419	3.6798387
420	2.5958705
421	-4.38931
422	0.28063264
423	0.20072217
425	3.2946448
426	-0.71298563
428	1.7714119
429	3.9140675
430	1.5029585
488	3.357592
498	4.0899343
501	2.5793204
503	-0.2921677
504	0.4174955
505	3.590177
506	2.6180062
507	3.6449685
509	-3.2538047
510	-0.71953857
513	3.0133152
514	-1.6684967
516	3.3444066
517	2.5411193
518	-4.998447
519	1.6824999
520	-0.9892955
521	-3.300758
523	3.5112846
524	-7.407617
525	4.8991575
526	2.030088
528	-0.7584228
529	4.3125224
530	3.420137
531	0.8066689
532	-5.5025187
533	1.3495901
534	3.1270452
536	-6.9959908
537	3.3126266
538	4.412471
539	3.9627087
541	3.4092407
543	3.3049514
544	2.5590756
545	-16.495005
546	-7.130239
547	-3.6644485
548	1.3666542
550	-5.3809557
551	2.9340081
552	2.6657243
553	4.4407635
554	2.8384101
555	2.0459247
557	-6.474533
558	-2.5436168
559	3.6555378
560	-1.5295637
561	-8.510527
563	3.968346
564	2.3712182
565	2.7692847
566	0.11516799
567	2.1589904
568	3.0542715
570	2.6317735
571	1.7115278
572	-5.63544
573	2.5743587
576	2.8035216
581	2.327425
582	4.4062176
584	-6.893747
586	-3.0310786
589	2.4144127
590	3.0415065
591	3.347444
592	1.1645195
593	-5.016424
595	-8.476074
596	4.0675216
597	-0.9078636
598	2.8461258
599	3.4618099
600	1.4802895
601	2.232019
603	-1.1630325
605	2.998915
607	3.749115
608	2.778144
609	0.28685752
610	1.7095419
612	-0.14365752
615	2.2734418
617	2.7904716
619	3.0845902
620	1.5736878
622	-3.9194255
623	3.5516007
625	3.420086
626	0.1432373
627	2.2812076
628	-1.2262444
629	3.0301883
630	0.5383452
631	3.2219868
632	2.0396526
633	2.2888553
635	4.0525947
636	-0.34740224
637	2.5905108
638	0.44422227
639	-0.6506166
650	0.5551748
651	3.6851342
652	2.820454
655	3.4802997
656	-0.9019931
657	1.4798299
659	4.6032853
661	3.8177495
663	0.6197778
665	3.7254567
668	4.3859715
669	1.0256224
670	-4.661414
672	1.6088963
676	0.04027712
677	0.433637
678	-16.632538
679	-0.040768363
680	-7.4377313
681	2.7335286
682	0.80573446
683	2.8780506
685	3.7460132
686	2.9550407
688	2.1068428
690	1.7638849
691	4.110154
692	2.6185527
695	-6.7852325
697	-1.8527558
698	3.823154
700	-0.014531505
701	-0.9585606
702	-4.856147
703	3.2735283
705	-3.484166
707	2.282673
708	4.0035806
709	3.5437546
710	-2.279006
711	3.4018052
712	-8.77482
713	-1.6814911
715	-2.0619273
716	-0.73835474
717	1.707084
718	2.656913
719	3.646983
720	3.4979775
721	-0.42429882
722	0.45709047
723	4.1171036
725	2.9596913
726	2.5801942
727	1.581106
728	3.763143
729	3.8468983
731	3.5772138
733	1.0456834
735	-0.80497587
736	-4.001382
737	-2.68581
738	1.7580217
739	2.6464076
750	3.1433275
751	2.9234848
752	3.4685085
753	3.4087834
755	-22.56821
756	-3.1944878
757	-2.8736222
758	-0.022810172
759	-2.649155
761	4.1061883
762	-6.3406243
766	3.4919353
767	4.08532
768	2.9553418
776	4.0872254
777	-1.0178324
778	3.7328517
779	-6.773843
782	3.4935155
783	3.7272391
785	3.5909114
786	0.64326394
788	3.2614112
789	3.878851
790	2.5836256
791	2.3051064
792	3.7126236
793	-7.643792
795	1.8581867
796	3.336654
797	1.0783432
798	4.282918
799	2.8726375
800	2.7753592
801	-2.6317344
802	2.1023676
803	3.2438145
807	1.4972973
809	2.8394344
810	-21.29099
811	2.1690798
812	0.9365097
813	2.4912887
815	2.0836477
816	1.921661
818	4.1546955
819	-4.4453197
820	-14.088504
821	3.5293403
822	-0.64690953
823	1.0290263
825	3.6853957
826	-2.6437
828	0.47239384
829	-4.786067
830	0.9923353
831	2.904158
833	4.514169
837	-0.78032434
838	2.5309658
839	3.812306
848	3.4857578
850	1.7069652
851	-2.3290095
852	3.4748127
856	2.0473206
858	3.7537932
859	1.4420698
860	1.8479401
862	2.3098435
863	-4.379437
868	-6.9213433
869	4.5395555
875	1.1842086
876	3.3629634
877	-1.2617787
878	0.84130925
880	-2.3927133
881	2.528884
882	2.3533082
883	2.8876376
885	3.7111955
886	0.9659111
887	2.1720717
888	-2.8309295
889	1.7635027
890	-4.535726
892	-1.2974113
893	3.452086
895	4.545185
897	1.3314406
898	3.7900097
899	0.53005874
900	4.1917467
901	-2.8144217
902	3.8600307
903	2.2536569
905	3.7665226
906	3.0503733
908	-13.530701
909	2.6051326
910	4.6064506
911	3.5657952
912	3.6566823
913	-1.9073145
915	1.4477495
917	2.598013
919	3.9781804
920	-0.44388288
921	-0.33487278
922	2.1586735
923	1.4976552
925	-0.4562438
926	2.5349085
927	4.5003576
928	3.2171974
929	0.6711979
930	3.5773952
931	3.5098825
932	4.685613
933	2.4139423
935	4.521217
936	-4.8989797
937	1.7322438
938	0.28168425
948	0.3918919
949	0.017701566
950	3.465709
951	1.1346477
952	-1.4409342
953	-3.193743
955	-1.4062697
957	-2.4420896
958	4.9424148
959	3.666916
960	1.284302
962	2.628526
963	3.3032405
965	-1.2650068
966	3.11178
967	4.167332
968	3.5330253
969	2.410997
970	4.278686
972	-3.6983478
973	2.2136052
975	1.2262492
977	1.5515245
978	1.9953022
980	0.8367678
981	-4.5756984
983	2.8418105
985	3.0136814
987	4.2856216
988	1.3633264
989	2.6406837
990	3.0405586
993	2.3171334
995	-6.064065
997	2.201985
998	3.4228477
999	3.3617313
1201	1.778723
1202	2.2484772
1203	3.8706963
1205	3.0687602
1206	1.3382393
1207	0.5972096
1208	-9.395136
1209	0.51349175
1210	1.6660855
1211	2.165979
1212	-4.4209275
1213	2.2747123
1215	-0.03420267
1216	-4.1753693
1217	0.306757
1218	2.8782108
1219	0.29226866
1222	2.6357658
1223	-3.3629353
1225	3.6445298
1226	-2.6022162
1227	3.2237039
1228	1.4820292
1229	-5.086192
1230	-3.1556091
1231	-2.5756311
1234	-1.7904937
1236	-3.1392708
1238	3.1877809
1239	-5.3726354
1255	1.1566981
1256	1.3284273
1258	1.7781782
1259	-0.510232
1260	-0.25217637
1266	-6.4104853
1267	1.7400805
1268	1.604179
1269	0.99553126
1270	-3.3155243
1278	1.6025655
1282	1.8184494
1283	-4.594893
1286	2.8995824
1287	-7.903572
1288	0.4384939
1289	2.1648126
1296	1.7690023
1298	-21.428186
1299	1.7418045
1300	-0.85160524
1301	-1.8230345
1306	1.2797854
1308	-1.7522504
1309	-1.0941194
1311	2.2508838
1313	-4.282892
1314	-9.107732
1316	-6.035001
1317	-12.686922
1318	1.5748442
1319	-9.961514
1322	0.034600325
1323	3.430696
1324	0.6355178
1326	2.4078217
1328	0.829154
1330	1.8284562
1331	1.0840244
1332	-0.5934413
1333	-1.5802164
1336	-1.5340195
1337	-0.57878095
1338	0.1839839
1339	-2.1795962
1358	-4.6258173
1359	-5.41346
1360	-2.8583822
1366	-0.5701703
1367	0.94608593
1368	-1.1400564
1373	-7.615612
1376	-0.6551219
1378	-0.8587278
1379	-8.563867
1380	-1.5210613
1387	-2.8573217
1389	2.2370698
1696	-3.320842
1872	4.9136863
1896	1.8004392
1914	1.1430337
1965	5.2352023
1979	3.622338
2001	-0.697465
2003	3.0301728
2004	5.095689
2005	4.1469164
2006	3.18842
2007	2.8436513
2008	0.20685661
2009	-3.24861
2010	3.9096904
2011	2.6889882
2012	-1.0480564
2014	1.8077157
2015	1.4262259
2016	3.052417
2017	-0.3343628
2019	2.7171302
2020	1.7348877
2021	-5.692656
2022	-3.0497622
2023	-0.83633024
2024	3.6396174
2025	3.2843602
2026	1.0211904
2027	2.7089248
2028	3.671112
2029	3.3984272
2030	-1.3144073
2031	-2.0145984
2032	5.184353
2033	1.1547703
2034	3.932773
2035	-0.39455986
2036	-0.6139295
2037	-8.388796
2038	0.02940157
2039	2.637097
2040	3.828773
2041	3.1410437
2042	1.2868245
2043	2.0783606
2044	3.6120515
2045	-4.129422
2046	-3.393097
2047	-2.0150895
2048	1.9401181
2049	2.515324
2050	1.1156147
2051	3.6493022
2052	-10.701807
2053	2.600491
2054	3.2786934
2055	-4.0153384
2056	3.66462
2057	3.2079384
2058	-0.3906266
2059	-2.2125409
2060	1.1775926
2061	3.624633
2062	2.7466762
2063	3.0430262
2064	3.2679908
2065	3.3574061
2066	3.183618
2067	-4.351344
2068	3.8630478
2069	-5.514727
2072	-10.65042
2073	0.22176954
2074	-2.0958672
2075	-5.9756556
2076	-0.22229144
2077	-2.4320016
2078	2.6102486
2079	2.5749269
2080	4.000386
2081	4.230901
2082	1.0697196
2083	3.220147
2084	-9.37663
2085	-3.9174657
2086	1.8514961
2088	3.0651593
2090	2.1717827
2091	3.3480358
2092	2.3263721
2093	1.8975232
2094	-2.8410954
2095	3.4308796
2096	0.35744634
2097	0.8434291
2098	4.839081
2099	2.708318
2100	0.25901344
2101	1.407383
2102	-1.7305847
2103	-0.95203716
2104	2.2247653
2105	3.510308
2106	1.0343043
2107	3.2415318
2108	3.5495453
2109	3.5497298
2110	4.1753893
2111	-0.024443096
2112	0.8724472
2114	0.22848448
2115	-0.8467739
2116	1.206403
2117	2.183848
2119	-1.8879728
2120	3.4568934
2121	2.898303
2122	3.278825
2123	2.1253479
2124	2.0887208
2125	2.1055856
2126	2.5952878
2127	2.22617
2128	2.4085705
2129	1.0535558
2130	-6.4226046
2131	2.25989
2132	-0.9183974
2133	2.1093628
2134	-0.06943698
2135	3.7460258
2136	-0.4565463
2137	1.4825914
2138	0.74029934
2139	-0.43959242
2140	2.9209526
2141	-0.97672904
2142	4.4569116
2144	-0.62961954
2145	0.8826351
2146	-1.507652
2148	1.5587509
2149	1.093362
2150	2.8484948
2151	-0.6271095
2152	3.1261222
2153	2.9757688
2154	4.0752077
2155	-3.9411411
2156	0.25831157
2157	2.1246827
2158	2.454195
2159	-0.5526985
2160	2.4361897
2161	1.415837
2162	-1.7183281
2163	3.472023
2164	1.6283159
2165	0.7321501
2166	-0.7669844
2167	-7.04133
2168	-7.946538
2169	3.5743897
2170	2.3546796
2171	3.0330377
2172	2.7507768
2173	1.2773914
2174	0.4140088
2175	-2.4774535
2176	2.139277
2177	-2.2079418
2178	-2.3888135
2179	3.7322857
2180	2.246736
2181	4.1128955
2182	2.3607614
2183	3.5348468
2184	2.478384
2185	0.6482703
2186	1.7883352
2187	3.7087734
2188	-0.26824802
2189	-0.8090228
2190	1.1651846
2191	2.98998
2192	-3.8423963
2193	-8.476329
2194	1.4261729
2195	1.9850518
2196	-2.677136
2197	1.3089806
2198	2.7110772
2199	-13.066656
2200	3.2669702
2201	-5.711547
2202	2.002713
2203	4.458352
2204	3.7032056
2205	-3.8488324
2206	1.1891882
2207	-1.6316229
2208	-3.3023293
2209	-1.8806221
2210	1.4204041
2211	3.9559193
2212	2.1467538
2213	0.78754514
2214	1.0993062
2215	0.58547676
2216	3.9653907
2217	0.124555305
2218	0.07596507
2219	-1.9511337
2221	4.7877436
2222	1.4107013
2223	2.5374768
2224	3.4452045
2225	2.4450283
2226	2.7135973
2227	2.8884199
2228	3.7216327
2229	3.3273673
2230	3.114926
2231	-9.384625
2232	-1.821175
2233	2.540305
2234	2.5823236
2235	2.8333268
2236	3.3865142
2237	1.9954541
2238	2.6445072
2239	2.6665833
2240	1.9754164
2241	-2.7436059
2242	3.1257367
2243	1.6414086
2244	-0.8530927
2245	1.400176
2246	-14.396942
2247	0.33608457
2248	-7.009607
2249	2.1644814
2250	3.2192535
2251	2.0771024
2252	3.5366013
2253	-2.8174288
2254	-1.6338238
2255	0.4191083
2256	-9.579329
2258	3.07152
2259	3.181242
2261	-6.1618853
2262	4.1715174
2263	3.5442696
2264	2.6757941
2265	3.119618
2266	4.5514565
2267	1.9221064
2268	2.897866
2269	-0.4732895
2270	3.7713952
2271	4.269094
2272	-3.4873364
2273	-3.1387768
2274	2.3655028
2275	5.0073214
2276	1.9737465
2277	2.4044106
2278	-5.253653
2279	-0.8121433
2281	2.0003953
2282	1.3542147
2283	0.17438295
2284	-1.1948562
2285	-10.523342
2286	2.0288234
2287	5.089484
2289	1.7621521
2290	3.3141308
2291	-3.571106
2292	-2.3418872
2293	3.9971454
2294	4.1533937
2295	2.8875656
2296	-1.8166294
2297	2.404508
2298	-0.5548052
2299	3.7134957
2300	3.2344785
2301	0.76629937
2302	-2.6002438
2303	-6.5940094
2304	4.076699
2305	-3.457419
2306	0.6444239
2307	-7.0833344
2309	1.3244278
2310	-1.6706612
2311	4.053249
2312	2.1704865
2313	0.2646881
2314	2.1190395
2315	-1.7293336
2316	0.18064713
2317	-4.427975
2318	2.7354236
2319	3.215342
2320	3.410015
2321	2.5690978
2322	-0.9507985
2323	-0.032179523
2324	4.1214156
2326	3.2312057
2327	4.4797564
2328	3.2510943
2329	-1.1362963
2330	2.4115336
2331	-2.9249065
2332	0.8896222
2333	2.0022614
2334	1.0496216
2335	0.6497385
2336	2.3538122
2337	1.199559
2338	0.885557
2339	-3.2074933
2340	0.8999857
2342	-3.176245
2343	-3.7227428
2344	3.9632614
2345	2.082398
2346	3.3914275
2347	-2.9407256
2348	1.2631185
2349	-0.57570237
2350	0.11378251
2351	1.8266888
2352	4.1512403
2353	1.9494762
2354	-8.42186
2355	-4.6932945
2356	-2.1535766
2357	-3.6143486
2358	2.3679805
2360	2.6635349
2361	1.7852008
2362	1.9121988
2363	2.6925962
2364	0.12842882
2365	0.13774252
2366	-1.5011033
2367	1.9619652
2368	2.9175603
2369	-3.7349968
2370	-8.491304
2371	2.339397
2372	3.6614113
2373	-0.61186206
2374	0.9831483
2375	3.86262
2376	3.8488712
2377	-0.27490118
2378	2.7866204
2379	1.9815223
2380	-1.2667955
2381	0.88383496
2382	3.996778
2383	-2.5158324
2384	-3.639356
2385	2.8329463
2386	3.471904
2387	2.4227455
2388	-18.697227
2389	-1.4623859
2390	3.2155685
2391	3.616227
2392	2.924406
2393	3.5238984
2394	3.538184
2395	-5.528413
2396	0.12843607
2397	-1.0325266
2398	3.3890858
2399	3.7888913
2400	-1.5430613
2401	3.0058608
2402	-0.4790949
2403	-19.581532
2404	2.8588445
2405	-2.1228538
2406	0.5410603
2407	3.0120702
2408	2.6256938
2409	1.7007927
2410	1.7709011
2412	2.3424442
2413	-1.112442
2414	-0.06070448
2415	3.4481316
2416	-1.1492882
2418	-2.9636827
2419	3.1844213
2420	-3.6975837
2421	3.3011527
2422	3.6388276
2423	3.3285134
2424	1.1904566
2425	-12.952177
2426	-2.104509
2427	2.9470446
2428	-5.8543878
2429	2.277101
2430	3.0126328
2431	-0.3056118
2432	3.0172255
2434	3.277497
2436	-3.75402
2437	0.30556288
2438	1.7114878
2439	2.6088681
2440	4.739573
2441	3.076417
2442	2.90258
2443	3.1295452
2444	1.4390054
2445	2.7469428
2446	-0.6312896
2448	0.8473096
2449	-1.702471
2451	3.1131113
2452	0.18369195
2453	4.5700884
2454	0.18249059
2455	-0.78418696
2456	-7.1150885
2457	-1.1791654
2458	3.269909
2459	1.9370909
2460	-0.3059085
2461	2.7697902
2462	3.7913215
2463	1.2263912
2465	1.7119973
2466	1.3490341
2467	3.0485108
2468	2.753905
2469	0.943343
2470	3.3604302
2471	-1.5748261
2472	2.2097197
2474	3.1717713
2475	2.3780046
2476	2.1736434
2478	1.4674515
2479	-4.3806667
2480	0.45059413
2481	2.0772328
2482	0.30007744
2483	2.0768476
2484	3.206583
2485	4.5095434
2486	2.8832786
2487	0.43665236
2488	-3.797172
2489	3.880732
2490	1.0711046
2491	-0.5017267
2492	3.1303298
2493	4.840697
2494	3.2650802
2495	-0.71808976
2496	0.26046166
2497	2.6115718
2498	3.4739876
2500	4.3413877
2501	1.2291496
2506	2.9635272
2507	2.7899928
2508	3.4785664
2510	0.31650823
2511	3.3173053
2512	-2.1423483
2513	-0.41615415
2514	2.607531
2515	1.0459293
2516	3.6922722
2517	0.06898133
2518	2.2930014
2519	-3.2468019
2520	-0.12060763
2521	-1.0892509
2522	3.1516104
2523	3.6881268
2524	1.9664094
2526	2.2286444
2527	-3.4846215
2528	-0.24715321
2529	-0.266021
2530	3.4773254
2531	3.08067
2532	2.0985706
2533	1.3607018
2534	1.7505842
2535	-2.556617
2536	2.710282
2537	0.34435955
2538	4.193663
2539	2.9132023
2540	2.0007577
2541	2.8123064
2542	-0.37384814
2543	3.0154154
2544	1.8526466
2545	2.572659
2546	2.8515506
2547	-10.878031
2548	1.9915526
2549	-0.57504594
2550	2.7974572
2551	3.6649292
2552	0.8291707
2553	-8.103202
2554	2.0085413
2555	-1.219101
2556	-2.1583037
2557	1.8916495
2558	2.2333522
2559	0.33747202
2560	0.14990215
2561	-2.207655
2562	-3.8015053
2563	2.6960406
2564	3.0973034
2565	-1.5984994
2566	3.3441296
2567	1.0961497
2568	1.1861113
2569	1.6773808
2570	3.230517
2571	3.0283484
2572	0.45653915
2573	3.1477523
2574	2.1161633
2575	3.0173645
2576	-4.1789618
2577	-16.627825
2578	2.69457
2579	-2.6268353
2580	2.356038
2581	3.3787847
2582	1.4586693
2583	0.9714691
2584	-2.5746713
2585	2.0200686
2586	2.8949904
2587	-4.853383
2588	3.9011397
2589	3.1079392
2590	-1.221194
2591	0.67127955
2592	-1.3239377
2593	2.8132167
2594	3.3569255
2595	5.2679324
2596	-7.3915954
2597	2.1116347
2598	2.4320147
2599	-3.7581468
2600	-7.412574
2601	3.831992
2602	1.6303551
2603	-0.8940056
2605	-1.8907297
2606	-3.1292877
2607	-2.8094726
2608	3.253022
2609	2.8840504
2611	-5.261819
2612	2.3463318
2613	0.27235705
2614	3.3494766
2615	-1.1751269
2616	2.4980257
2617	-1.6603571
2620	-1.0066178
2622	2.3833528
2623	2.9258418
2624	0.07552285
2625	1.1000484
2626	-0.7424544
2627	1.7120311
2628	-8.353098
2629	-1.3408661
2630	1.7638729
2631	1.705823
2632	-0.39572805
2633	-8.831198
2634	1.3567957
2635	2.861396
2636	1.9689229
2637	2.6377966
2638	1.0896949
2639	-1.6177027
2640	-4.776149
2641	3.8363833
2642	-13.236532
2643	3.990966
2644	-1.5118233
2645	-0.43178797
2646	4.149665
2647	-13.647799
2648	3.1643538
2649	2.1907966
2650	3.0498972
2651	-1.2569002
2652	2.0520797
2653	3.4749615
2654	-1.3456479
2655	-3.9286704
2656	1.5216109
2657	1.6326345
2658	-1.2325659
2659	-8.193428
2660	1.7879328
2661	3.2345455
2662	3.0313306
2663	3.673036
2664	2.4581099
2666	2.2546427
2667	-16.127966
2668	-0.45537686
2669	-1.1471045
2670	-1.3769461
2671	1.8487928
2672	1.3952788
2673	2.9859173
2674	4.321622
2675	3.0141428
2676	1.7940925
2677	2.5451875
2678	2.2882638
2679	0.46403757
2681	-8.172424
2682	-3.9430435
2683	2.0719924
2685	-4.9876823
2686	2.5829816
2687	2.203268
2688	2.8800461
2689	-10.263489
2690	3.1702847
2691	-12.008092
2692	3.2946434
2693	-8.743458
2694	-0.46268278
2695	-0.114770174
2696	2.1985826
2697	0.61840904
2698	0.8495126
2700	3.038979
2701	4.2691565
2702	2.85442
2703	-2.6693077
2705	2.14842
2706	2.396173
2707	-3.5167432
2708	-2.3082676
2709	1.7123873
2712	0.7827392
2713	-7.9157357
2714	4.153494
2715	0.5363054
2716	-0.3522792
2717	-10.8662195
2718	1.7433287
2719	-1.1245924
2721	3.9715755
2722	2.563602
2723	1.9783461
2724	2.7790694
2725	1.5137205
2726	3.7033699
2727	2.0735822
2728	-3.6710677
2729	-12.477381
2730	2.6361542
2731	-0.148212
2732	2.8775647
2733	2.7110825
2734	0.2887835
2735	-3.3538036
2737	2.2802505
2738	-0.6609191
2739	2.3403013
2741	-1.3028429
2742	4.434678
2743	3.4387112
2745	0.9814269
2746	3.3069725
2747	-0.22994223
2748	1.2891786
2749	2.8071752
2750	0.25044
2752	2.1700654
2753	1.8567493
2755	4.73698
2756	-1.8123882
2757	2.2852907
2758	3.8872833
2759	1.8666742
2760	-13.493169
2761	-2.7459366
2762	-6.9042654
2763	3.5656502
2765	1.1989154
2766	-4.5086484
2767	-6.295211
2768	2.678318
2769	2.2748845
2771	-8.234471
2772	0.050517023
2773	1.1625412
2774	2.0636048
2775	-8.690424
2777	0.18735231
2778	-0.8560147
2779	2.8198528
2780	-10.141336
2782	1.9547424
2783	-1.2385263
2785	-3.0885544
2786	0.516434
2787	2.2473726
2788	-0.010281002
2789	2.5964556
2790	1.2869216
2791	1.1616437
2792	-2.029725
2793	2.265063
2795	2.2922873
2796	-4.7897506
2797	2.9160447
2798	2.889749
2799	-9.941222
2800	-10.284474
2801	2.7464862
2802	3.2707248
2803	0.34422463
2805	-3.9837594
2806	-2.5197203
2807	2.4929955
2808	1.491495
2809	-1.9925375
2810	-0.32991275
2811	3.1083615
2812	3.480267
2813	-1.7832419
2815	0.2241089
2816	3.4741745
2817	3.4602199
2818	2.7657804
2819	-9.384661
2820	1.4627914
2821	3.1091857
2822	3.3890336
2823	-4.8655844
2824	-0.9177532
2825	2.4220278
2826	1.5658699
2827	-21.379501
2828	-2.998727
2829	-12.821379
2830	3.5931442
2831	2.932586
2832	1.9116671
2833	1.9777035
2835	-0.16026111
2836	0.57177866
2837	-1.353106
2838	2.2208393
2839	2.9063694
2840	3.977553
2841	3.1945584
2842	2.1938722
2843	-5.56253
2845	-1.3115168
2846	0.3958566
2847	3.404171
2848	-6.386283
2849	3.7766185
2850	0.74356353
2851	-1.3793912
2852	2.524625
2853	3.2055542
2855	-4.209365
2856	1.5587447
2857	-1.5320694
2858	1.3488181
2859	2.7806096
2860	2.6827698
2861	-9.871841
2862	-2.3108263
2863	1.4155433
2864	-2.9534898
2865	-3.9678235
2866	-6.872358
2867	4.25772
2868	1.164829
2869	-1.7826297
2870	3.6724186
2871	-1.9859397
2872	2.5776496
2873	-5.1524887
2875	0.8366456
2876	1.8457397
2877	2.709563
2878	-0.39789897
2879	2.5698884
2880	3.7168355
2881	-4.585923
2882	-6.6340013
2883	-2.4456637
2884	2.5456815
2885	1.3613062
2886	0.4578937
2887	-0.6152586
2888	-11.981204
2889	-1.7566868
2890	-2.3753178
2891	2.3785887
2892	-0.4003036
2893	2.2469578
2895	2.2186847
2896	-2.0373592
2897	-4.487349
2898	-4.2200813
2899	3.6853282
2900	1.1508789
2901	2.094154
2902	-8.283121
2903	-0.8324226
2905	-4.033086
2906	1.7637122
2907	-1.0330074
2908	0.31489915
2909	2.1263518
2910	-1.1659491
2911	4.3055177
2912	2.3024
2913	0.6548577
2915	-12.716032
2916	1.9155838
2917	-1.7978439
2918	3.2609992
2919	-2.1737106
2920	-1.120972
2921	3.0841212
2922	-2.1054022
2923	0.50232905
2925	3.852364
2926	4.0377088
2927	-2.6505742
2928	1.397521
2929	1.7784119
2930	-2.530561
2931	1.9580925
2932	-1.5365161
2933	-9.345434
2935	-0.18244307
2936	3.587593
2937	0.4262417
2938	2.69001
2939	4.2457986
2940	-0.0006438568
2941	-4.4859405
2942	2.3643928
2943	1.0322955
2945	3.6914546
2946	3.5834503
2947	-1.6965005
2948	3.173429
2949	2.1619372
2950	3.3692238
2951	5.8026247
2952	-0.1598787
2953	1.9560516
2955	0.2892931
2956	3.2603047
2957	-5.0110283
2958	3.2692494
2959	3.6091392
2960	2.9937854
2961	0.49558577
2962	-1.8042526
2963	-0.17959417
2965	2.1353421
2966	3.2080216
2967	-3.6590908
2968	0.8295132
2969	2.5173795
2970	3.1185474
2971	2.7217236
2972	-2.6350224
2973	-0.023156215
2975	-0.14954536
2976	0.71968067
2977	-2.563265
2978	2.7589867
2979	-4.4574943
2980	-0.3894582
2981	-9.40301
2982	-3.0962613
2983	-6.959569
2984	0.7752228
2985	0.3974174
2986	-11.190833
2987	-11.216046
2988	2.0183163
2989	-2.8176067
2990	0.5643338
2991	-1.3236814
2992	2.9802861
2993	4.191044
2995	-4.3141174
2996	1.7981217
2997	-1.5162159
2998	2.7011127
2999	2.3310356
3000	-0.9524919
3001	-9.024924
3002	-1.3290471
3003	2.4477248
3004	1.1948574
3005	-2.920385
3006	2.7726536
3007	0.35667652
3008	-1.1799101
3009	0.8273161
3010	-0.9498107
3011	2.555804
3012	4.567445
3013	2.9388826
3015	-4.771782
3016	3.6412804
3017	2.9308138
3018	1.8189675
3019	-0.46469003
3020	2.2575562
3021	-1.2823708
3022	2.944438
3023	2.0072024
3025	0.31047112
3026	-1.237601
3027	-0.43288547
3028	2.27982
3029	-4.8947234
3030	2.6489034
3031	2.665117
3032	-1.8869202
3033	2.6551433
3035	3.2976913
3036	2.6658463
3037	-0.37079555
3038	2.7316194
3039	2.653323
3040	2.6312277
3041	2.1884835
3042	1.9567182
3043	-1.8127882
3816	4.2379503
300001	1.5816829
300002	0.4818789
300003	4.218768
300004	-2.3625495
300005	-16.633556
300006	1.6968136
300007	1.1690508
300008	0.49160662
300009	1.9119208
300010	-5.560556
300011	-15.501068
300012	1.2885511
300013	0.9858653
300014	3.709853
300015	2.2170222
300016	2.1568007
300017	1.8047022
300018	0.8091153
300019	4.357211
300020	1.6862125
300021	1.4233923
300022	-0.5935738
300024	1.9047886
300025	-0.75838375
300026	-1.2438276
300027	-30.962025
300029	-16.288462
300030	-3.54917
300031	-5.029319
300032	-8.404281
300033	1.1710198
300034	-0.29282856
300035	1.9234492
300036	-1.1859401
300037	1.7271668
300039	-2.2420397
300040	-4.2084208
300041	-4.520999
300042	-9.850807
300043	-6.556816
300044	-3.3869367
300045	-3.0370278
300046	-0.3790356
300047	-4.7400694
300048	2.6835492
300049	1.6241949
300050	-32.994053
300051	-2.4452834
300052	-0.42229748
300053	-9.079996
300054	2.1281679
300055	1.9351857
300056	5.1737185
300057	2.3716238
300058	0.7941861
300059	2.0936399
300061	-27.6559
300062	-0.95902747
300063	-15.632425
300065	1.382919
300066	-3.3734307
300067	0.65899295
300068	3.331658
300069	-15.74769
300070	3.2650661
300071	-2.2118282
300072	1.6696049
300073	-9.576739
300074	0.59266937
300075	1.2695425
300076	-12.061807
300077	-4.3114033
300078	-1.1902295
300079	-10.728618
300080	-1.1808379
300081	-11.2274
300082	-6.6248903
300083	3.0777497
300084	1.5009125
300085	2.0666978
300086	-0.92854565
300087	-0.5888207
300088	-0.97753286
300091	-2.615471
300092	-1.6694078
300093	4.1161118
300094	-6.27116
300095	1.7140434
300096	-9.64252
300097	-2.8340707
300098	-0.42988548
300099	-2.7517576
300100	-3.2815342
300101	0.36218292
300102	-5.6679597
300103	-19.912374
300105	-3.1422794
300106	-21.248322
300107	-4.3635345
300108	2.4487445
300109	0.81315947
300110	-3.2823944
300111	-6.2350025
300112	2.6146681
300113	-9.959503
300114	-0.3571912
300115	-1.8426262
300117	0.33648697
300118	2.474647
300119	2.5740776
300120	-2.7382839
300121	1.3351904
300122	2.02745
300123	-4.410222
300124	4.8923116
300125	-28.175833
300126	3.2819176
300127	1.8987265
300128	-6.199307
300129	-0.48752037
300130	-9.986575
300131	-13.600279
300132	-5.2191477
300133	-1.4645747
300134	0.67759836
300135	-3.5661416
300136	-4.1390567
300137	2.076079
300138	2.0860069
300139	-8.212846
300140	2.5879276
300141	0.498559
300142	1.3337557
300143	3.3127956
300144	0.39354372
300145	2.3471065
300146	2.5952256
300147	-30.990658
300148	-11.294635
300149	-6.96116
300150	-2.3922248
300151	3.1731327
300152	-4.7760916
300153	-1.2729943
300154	3.2056873
300155	-2.0584333
300157	-10.900995
300158	-3.6042333
300159	-12.289946
300160	3.0443132
300161	-3.1872244
300162	-6.830003
300163	-4.8484507
300164	-4.7642674
300165	-4.295644
300166	3.1925251
300167	-4.392743
300168	-2.1187472
300169	-4.541952
300170	2.376573
300171	2.7494993
300172	-5.816018
300173	-1.0694615
300174	2.5214908
300175	-2.5650802
300176	-1.9006083
300177	-5.783084
300179	-0.73362976
300180	-8.021566
300181	3.4357667
300182	-3.6395023
300183	-8.947931
300184	-33.23219
300185	2.9020329
300187	-4.666814
300188	2.509395
300189	-4.8150263
300190	3.0943007
300191	0.35921276
300192	-7.797844
300193	3.3731008
300194	-0.8343525
300195	2.9203184
300196	0.084162876
300197	-3.0009594
300198	-4.779647
300199	-3.0690691
300200	1.8718369
300201	3.270696
300203	1.928447
300204	-8.0024
300205	6.4511056
300206	2.6923366
300207	-2.7659342
300208	-5.2622437
300209	-5.5726476
300210	1.2134984
300211	-6.893058
300212	1.711847
300213	-3.710888
300214	2.560776
300215	-2.313215
300217	1.5455025
300218	-1.3796103
300219	-3.802092
300220	1.1831725
300221	0.22957869
300222	-0.6560949
300223	4.956404
300224	3.2078578
300225	0.44996634
300226	-0.38458738
300227	-0.43567222
300228	-4.7898827
300229	3.440543
300230	2.9894187
300231	0.4905962
300232	0.37347823
300233	4.792131
300234	2.2643075
300235	-3.1423812
300236	1.9428043
300237	1.2183168
300238	-1.6127224
300239	2.2388878
300240	-3.326109
300241	-6.9964232
300242	-8.353317
300243	-1.4714959
300244	3.1636996
300245	-1.9054825
300246	3.3661046
300247	2.5717075
300248	2.0857806
300249	0.477065
300250	2.0130947
300251	2.0064726
300252	-5.447806
300253	1.2420092
300254	-4.731636
300255	0.13467772
300256	-36.136932
300257	3.6333318
300258	2.104348
300259	-1.4131224
300260	2.3941834
300261	-4.767497
300263	1.5047247
300264	-5.3953133
300265	-6.9068832
300266	-3.7287545
300267	-3.9215074
300268	1.2413801
300269	-17.400408
300270	-0.33546874
300271	2.5024557
300272	0.6213454
300274	1.4393203
300275	1.4081641
300276	-6.318287
300277	3.5058448
300278	-5.29204
300279	1.2444369
300280	-2.0146616
300281	-3.761912
300283	0.10907666
300284	-5.2800817
300285	2.8851974
300286	2.22038
300287	-5.0634117
300288	-0.1439665
300289	1.7881451
300290	3.3911693
300291	-2.3706696
300292	-6.625621
300293	-4.0125475
300294	3.8845024
300295	-3.6696954
300296	-17.930515
300298	3.577623
300299	-18.930042
300300	-0.7661473
300301	1.8619789
300302	-1.0701798
300303	2.7210834
300304	1.7132018
300305	1.6572955
300306	2.6440349
300307	0.17304501
300308	3.3243356
300310	-19.669367
300311	3.3980377
300313	-9.719274
300314	0.71714795
300315	-2.0878465
300316	5.6079307
300317	3.6377473
300318	-2.4272542
300319	-3.6377633
300320	1.3009052
300321	-0.26383966
300322	-10.417669
300323	-9.378464
300324	-0.3337236
300326	-0.34877056
300327	1.8359493
300328	-32.308006
300329	-5.5430346
300331	-3.5512471
300332	2.821823
300333	-13.313356
300334	-3.3833535
300335	0.16575103
300337	-3.0920873
300338	-4.639394
300339	-2.696828
300340	-2.705194
300341	3.0085588
300342	-6.119425
300343	2.5683274
300344	-2.6455116
300345	0.3865541
300346	-2.0473046
300347	-0.0049042962
300348	-3.956122
300349	-6.012537
300350	-1.7295048
300351	-1.410188
300352	2.3383222
300353	-9.829649
300354	1.1717412
300355	1.4597895
300357	-3.8660445
300358	3.1095805
300359	-10.044176
300360	1.8396078
300363	-0.11182084
300364	-0.36122316
300365	1.963658
300366	-3.9734268
300368	-3.688414
300369	0.25744557
300370	-3.7111785
300371	-26.575954
300373	2.9894636
300374	-0.5906484
300375	-2.6743042
300376	-0.2877885
300377	-6.410469
300378	0.6920457
300379	-25.777256
300380	-2.8402534
300381	-3.315855
300382	2.4904535
300383	3.1784015
300384	1.6541004
300385	-3.7475471
300386	-7.105092
300387	-5.386714
300388	3.1167076
300389	1.870023
300390	1.0750098
300391	0.3994761
300393	-0.16330335
300394	0.14561392
300395	1.2208366
300396	3.224968
300397	-0.8137766
300398	0.8278967
300399	-4.649431
300400	-22.397156
300401	-2.4989657
300402	-1.2466098
300403	-2.408903
300404	-2.841866
300405	3.0306025
300406	2.0425963
300407	-2.1164155
300408	3.148728
300409	0.07543666
300410	-16.127417
300411	-0.14085992
300412	-4.8729467
300413	2.348006
300414	3.1577835
300415	1.0823653
300416	-4.2022047
300417	-3.9834576
300418	-1.0242121
300419	-3.7659583
300420	1.8055813
300421	-14.170473
300422	0.08856698
300423	2.164806
300424	-3.0500674
300425	1.829361
300426	-5.216449
300427	1.3545274
300428	3.7522016
300429	-0.47749025
300430	-1.1170824
300432	-6.597163
300433	0.7522947
300434	2.3473592
300435	2.66427
300436	-10.285609
300437	-1.1931465
300438	-17.849022
300439	-1.7533627
300440	0.6686122
300441	0.5928144
300442	-2.6647658
300443	-9.571482
300444	-1.4323546
300445	2.5602543
300446	-5.340011
300447	-2.5463486
300448	-17.453943
300449	-0.12154639
300450	2.8452296
300451	-0.7411498
300452	2.466433
300453	1.9441433
300454	0.94990844
300455	-3.3577194
300456	-5.476108
300457	-2.7266955
300458	-1.8767735
300459	-4.5405035
300460	-22.96446
300461	-20.03411
300462	-1.0995274
300463	-2.8735147
300464	-3.851001
300465	-10.535909
300466	-4.8004236
300467	-7.327816
300468	-10.108902
300469	-7.208098
300470	2.9189305
300471	-13.674751
300472	-17.875265
300473	-6.373381
300474	0.93902034
300475	-0.3480013
300476	2.4732108
300477	-5.590882
300478	-8.450261
300479	-1.0290663
300480	-2.911712
300481	2.650313
300482	0.53007764
300483	1.759787
300484	-8.347021
300485	0.7256998
300486	-4.902877
300487	2.741548
300488	3.0103543
300489	-1.6968073
300490	-1.917601
300491	-1.2053616
300492	1.6401024
300493	-6.8904867
300494	-6.5615425
300496	1.5643901
300497	2.6317744
300498	4.1785636
300499	1.7346852
300500	-1.9891136
300501	-5.2554293
300502	2.0574298
300503	-3.2308872
300504	-28.697834
300505	1.1171496
300506	2.5025418
300507	-2.3855703
300508	-0.6100027
300509	3.2831707
300510	2.535897
300511	-9.431221
300512	-2.121067
300513	-1.3007681
300514	-0.40126714
300515	1.918802
300516	-4.333975
300517	-2.0556934
300518	-15.427007
300519	-4.7369795
300520	-0.57234395
300521	2.1314473
300522	1.0989528
300523	1.582975
300525	0.46283847
300527	3.2782073
300528	-5.077358
300529	1.3279406
300530	-8.008288
300531	-28.352009
300532	-5.4658256
300533	-3.900016
300534	-0.5452463
300535	1.8780432
300536	-2.206562
300537	-0.67309797
300538	-4.0365295
300539	-7.8260903
300540	2.104877
300541	-7.038578
300542	-6.016412
300543	-8.81447
300545	-0.63922966
300546	-3.1096702
300547	-0.8840663
300548	-5.175374
300549	-4.7483335
300550	0.23479044
300551	-3.9858863
300552	-6.0325575
300553	-1.4662282
300554	-2.24739
300555	4.955781
300556	-7.527938
300557	-1.2281665
300558	3.5968204
300559	-1.7901685
300560	-7.0994096
300561	-1.7489916
300562	-1.3160734
300563	-10.118384
300564	-20.43752
300565	0.26552266
300566	-0.9862196
300567	-0.749538
300568	2.0657547
300569	0.502034
300570	-4.4521646
300571	-5.826146
300572	-1.6758083
300573	3.3525462
300575	1.4244146
300576	-1.3975811
300577	2.5544238
300578	-1.875536
300579	-0.7627355
300580	-3.5577126
300581	-2.5589228
300582	-2.353419
300583	-6.1332445
300584	-23.752419
300585	-10.784561
300586	-6.101437
300587	1.8752903
300588	-13.7867
300589	0.37315178
300590	-2.5916665
300591	-2.7139702
300592	3.2407486
300593	-0.5408033
300594	-5.636785
300595	3.7467804
300596	-2.277429
300597	2.7058275
300598	-6.814686
300599	-2.3659515
300600	3.0231767
300601	2.236095
300602	-2.252153
300603	-2.7398622
300604	-0.26128417
300605	-8.788461
300606	-1.3145494
300607	3.3727226
300608	-5.324896
300609	-9.1273575
300610	0.10103645
300611	-2.4017453
300612	-2.6254666
300613	-2.7837098
300614	0.80446243
300615	-11.311075
300616	1.8759094
300617	3.36926
300618	0.003185594
300619	-16.219452
300620	1.5173833
300621	-1.4374743
300622	-27.102377
300623	-0.18120886
300624	3.006665
300625	1.2358663
300626	-3.3233674
300627	-0.40833324
300628	2.447312
300629	1.9695606
300630	-26.170477
300631	-0.27149975
300632	-5.5027175
300633	2.1586986
300634	3.5842807
300635	0.7269703
300636	1.3989385
300637	-4.683329
300638	1.1727164
300639	-15.364248
300640	3.527279
300641	2.3096902
300642	-7.156188
300643	-0.3305311
300644	-2.9184706
300645	0.201708
300647	-29.201263
300648	-12.976395
300649	-0.5119883
300650	-0.81899804
300651	-0.9218508
300652	2.0218673
300653	0.61465454
300654	-3.3480992
300655	1.8114278
300656	-2.4047613
300657	-1.6247718
300658	3.2130127
300659	1.0058982
300660	1.1215518
300661	4.003507
300662	3.3096385
300663	-3.9519525
300664	3.5771594
300665	-2.4733038
300666	-1.5042084
300667	-0.29470104
300668	0.9844621
300669	2.2258534
300670	0.39907244
300671	-5.0895715
300672	-1.194087
300673	-1.2097404
300674	1.2112601
300675	-5.4396734
300676	2.1005235
300677	-0.22221574
300678	2.4915285
300679	0.053145923
300680	-1.4417858
300681	-10.87918
300682	2.8623967
300683	-0.30859724
300684	-5.7025456
300685	2.3368149
300686	-3.619222
300687	1.0463285
300688	-1.483863
300689	-8.183723
300690	-3.2333214
300691	-5.697618
300692	-0.39817005
300693	-1.258112
300694	3.4024556
300695	-1.6403458
300696	-1.1795955
300697	-0.14930958
300698	0.6226
300699	2.0151446
300700	3.4179218
300701	-1.2975408
300702	3.787763
300703	1.9287884
300705	1.870216
300706	-0.6265091
300707	-2.0030026
300708	-2.1441736
300709	-11.99732
300710	-4.835742
300711	-6.4800744
300712	3.5090935
300713	-1.7294023
300715	3.4339092
300716	-5.7653494
300717	1.2085993
300718	-12.678598
300719	-3.3888404
300720	-17.463627
300721	-0.6135893
300722	-3.13765
300723	4.036171
300724	3.0401292
300725	0.48099026
300726	-14.23766
300727	1.001906
300729	0.9239915
300730	-2.8039293
300731	-3.7955196
300732	-1.2905915
300733	-1.0828701
300735	-4.8650484
300736	0.6413012
300737	1.7736502
300738	1.358
300739	-0.18718818
300740	5.359692
300741	3.575367
300743	0.77998465
300745	1.8242848
300746	-0.6754539
300747	1.6326154
300748	3.45374
300749	2.9234798
300750	3.9070716
300751	5.245028
300752	-3.583577
300753	1.4540068
300755	3.2038307
300756	3.2172866
300757	-0.7794694
300758	-2.11356
300759	2.793757
300760	3.549939
300761	1.7295907
300762	-1.8027807
300763	-0.17104325
300765	1.0758641
300766	2.227084
300767	1.7664187
300768	2.4927049
300769	2.23836
300770	3.6261241
300771	-3.7169235
300772	-0.36749738
300773	-1.0470986
300774	-7.117456
300775	-0.9010418
300776	-0.57333106
300777	2.1409059
300778	-6.5441713
300779	2.0133572
300780	-3.571671
300781	-1.8953441
300782	3.1156878
300783	-0.7101671
300785	1.444747
300786	3.2838173
300787	-9.73179
300788	-16.24168
300789	-3.1293883
300790	-0.7984321
300791	2.4283118
300792	-0.007100576
300793	-3.023852
300795	1.7445138
300796	3.8991256
300797	1.8288009
300798	2.5783114
300800	-0.031949617
300801	0.698318
300802	1.9177643
300803	-0.40725774
300804	0.071084164
300805	-4.4541097
300806	-15.4036255
300807	-1.343312
300808	0.9611375
300809	-1.876832
300810	0.79744023
300811	0.92799413
300812	-2.3534596
300813	-2.3659987
300814	-0.23776984
300815	3.1105156
300816	1.2962425
300817	-12.4984665
300818	0.95422715
300819	2.3103395
300820	-3.1880052
300821	3.9372756
300822	-0.5711088
300823	0.27937824
300824	-1.9590527
300825	-1.6143496
300826	-3.8213055
300827	-1.5360159
300828	-2.7546468
300829	3.1284585
300830	-10.841451
300831	0.16660878
300832	3.7800643
300833	1.433308
300834	0.8058902
300835	-0.4741389
300836	-6.0555596
300837	2.8799481
300838	3.5911107
300839	-8.647833
300840	-9.218178
300841	0.91510403
300842	0.071803376
300843	-2.644915
300844	-7.4361434
300845	-3.211802
300846	-1.7135856
300847	1.7577679
300848	2.55047
300849	2.9650111
300850	-1.4585207
300851	-6.222417
300852	1.989331
300853	-12.357958
300854	-3.5189013
300855	2.9220517
300856	3.300434
300857	0.34222317
300858	1.4735134
300859	0.12124769
300860	-11.461453
300861	3.1461673
300862	0.5683096
300863	-3.9803605
300864	1.0990582
300865	-2.5915573
300866	0.9284859
300867	2.9788823
300868	-9.0361395
300869	2.4239545
300870	0.7174086
300871	3.0672228
300872	-0.17956758
300873	1.0836228
300875	-28.59219
300876	3.6605823
300877	3.0909877
300878	-3.3503864
300879	-0.9525012
300880	-10.663811
300881	-1.8610127
300882	-0.043599546
300883	3.677238
300884	2.543446
300885	-6.3322716
300886	-0.94587934
300887	-6.3367143
300888	2.862062
300889	-0.1254156
300890	-7.082184
300891	-8.565893
300892	-1.7397621
300893	0.01227808
300894	-1.4106846
300895	-0.20692793
300896	3.3060868
300897	-14.141777
300898	-5.4542923
300899	-1.3521621
300900	-2.1912432
300901	0.29141313
300902	0.58627367
300903	-1.6633656
300904	-0.59139067
300905	0.39753145
300906	-1.4818581
300907	2.7701335
300908	1.4913403
300909	1.3389881
300910	2.1231222
300911	0.77502555
300912	-0.48050517
300913	1.274169
300915	1.3386247
300916	-0.48322773
300917	1.783898
300918	-4.464816
300919	2.0111332
300920	2.4841137
300921	-4.050761
300922	-2.2573292
300923	-7.4754457
300925	-2.6842065
300926	-0.68820673
300927	-4.555143
300928	0.622327
300929	0.53813773
300930	-3.1296687
300931	-0.9292803
300932	0.5637628
300933	1.4067808
300935	-0.88845414
300936	-1.7318325
300937	-0.92722005
300938	-0.20389481
300939	-0.8134797
300940	-12.53222
300941	-0.0755232
300942	-6.327269
300943	-2.5045283
300945	-4.469655
300946	-1.8923521
300947	-0.08036723
300948	2.0737364
300949	-21.448229
300950	0.03932972
300951	-0.08587225
300952	3.2988122
300953	0.4370328
300955	-3.4318511
300956	-2.7538733
300957	5.6891026
300958	-3.0332103
300959	-3.9766243
300960	-5.5844836
300961	1.5470333
300962	2.6429605
300963	-3.9498138
300964	-5.062876
300965	-1.5202318
300966	-1.5097547
300967	-4.2367134
300968	-9.551661
300969	-2.8537889
300970	-3.97995
300971	-6.81824
300972	-10.772406
300973	1.3830651
300975	-1.8959658
300976	-5.396687
300977	-8.170669
300978	-3.350022
300979	6.02662
300980	0.24654388
300981	-2.4602542
300982	1.620718
300983	-1.2522653
300984	2.1703548
300985	-12.204519
300986	-4.7186136
300987	3.2107906
300988	-0.26108402
300989	-8.270046
300990	-3.577144
300991	-1.2630217
300992	-0.69409287
300993	2.9475858
300994	-0.04126056
300995	2.0505595
300996	-0.34802684
300997	2.6759486
300998	-2.5366015
300999	2.3577232
301000	0.173991
301001	-10.674471
301002	-0.3424093
301003	0.07406143
301004	1.2943666
301005	2.226308
301006	2.0797896
301007	-3.0206192
301008	-3.209231
301009	2.332971
301010	-4.3860583
301011	-9.203123
301012	0.3026518
301013	-0.28304845
301015	2.988731
301016	-14.096265
301017	-1.6317198
301018	-0.24719791
301019	3.7922032
301020	0.65988684
301021	-5.544056
301022	-0.09709356
301023	-4.968657
301024	-5.3833723
301025	-3.3786209
301026	-0.3119241
301027	-0.5761926
301028	3.0028062
301029	1.0954148
301030	-3.845057
301031	1.0690717
301032	-0.5264193
301033	1.5734508
301035	3.5009227
301036	-6.861459
301037	2.0873837
301038	-2.974326
301039	1.2364851
301040	-9.093536
301041	-0.61218596
301042	-6.8651366
301043	1.32277
301045	-3.8236542
301046	-0.21125731
301047	2.4337447
301048	-1.9037424
301049	-4.192879
301050	0.641683
301051	-3.0328455
301052	-3.2365813
301053	-0.57876456
301055	-0.3289594
301056	1.1313422
301057	0.4059531
301058	1.8591324
301059	0.020932471
301060	-7.998122
301061	2.474028
301062	0.096953705
301063	-2.3145556
301065	-5.310252
301066	0.6644603
301067	-11.425382
301068	1.3675511
301069	-7.7834578
301070	-6.913424
301071	-0.62833315
301072	0.057213455
301073	-1.6118908
301075	-6.8222594
301076	0.26256362
301077	1.5119904
301078	0.98383874
301079	-8.759094
301080	-1.9787447
301081	-2.5501218
301082	-10.441847
301083	-1.2071935
301085	-11.067975
301086	-1.7929596
301087	-1.8372492
301088	-1.4757764
301089	-3.3823173
301090	3.8241997
301091	-3.3399563
301092	0.38932478
301093	1.5842842
301095	0.1190208
301096	4.544273
301097	-2.457666
301098	2.9689555
301099	-6.73269
301100	-2.56706
301101	-17.209484
301102	2.0056868
301103	1.7968518
301105	2.359563
301106	1.0271256
301107	3.0010839
301108	2.6751719
301109	2.5400088
301110	-2.4481728
301111	-5.7030883
301112	-5.244802
301113	0.7977812
301115	-0.82446545
301116	-0.51167136
301117	-3.4281795
301118	-1.755907
301119	-0.6498728
301120	0.56829405
301121	-9.541062
301122	-1.9263756
301123	-3.5376441
301125	-2.007939
301126	-3.8526542
301127	-2.2346807
301128	-10.952762
301129	-1.667071
301130	-7.4927797
301131	-0.22868618
301132	-5.6321864
301133	-2.8794494
301135	0.5349536
301136	-9.101088
301137	-1.7074089
301138	-1.4060857
301139	-0.15023696
301141	-0.43889722
301148	-5.09224
301149	-17.291965
301150	-7.1952934
301151	-8.786223
301152	1.1090336
301153	-1.3101048
301155	-0.77516603
301156	0.19657041
301157	-0.6903827
301158	-1.7578825
301159	-5.470755
301160	1.0587425
301161	-0.24259305
301162	1.4294008
301163	-2.5590491
301165	-5.411246
301166	-5.8475356
301167	-2.1742606
301168	-0.67618716
301169	-4.598633
301170	1.748957
301171	-0.9020074
301172	-15.574254
301175	1.6637529
301176	-4.9059224
301177	0.7570337
301178	-2.3863263
301179	2.1312518
301180	-6.8248925
301181	-2.016933
301182	-19.295395
301183	-2.2905962
301185	0.41875544
301186	-1.8852355
301187	-2.06053
301188	3.8928478
301189	-3.2157722
301190	0.49701348
301191	-2.776909
301192	-0.3639137
301193	0.94379294
301195	-1.9690077
301196	2.6414392
301197	-2.3045506
301198	-5.382521
301199	-1.8148949
301200	1.7639118
301201	0.24897727
301202	-0.8357541
301203	-1.8813378
301205	1.3939939
301206	3.163843
301207	-0.8249279
301208	-14.658526
301209	-4.0423193
301210	-3.5020096
301211	-5.5165415
301212	-0.5232415
301213	-6.3187213
301215	0.4670567
301216	2.5379395
301217	-0.8719366
301218	-1.5258454
301219	-1.1015869
301220	-2.5160565
301221	-1.2044637
301222	-1.4309253
301223	2.757154
301225	1.4709405
301226	-4.948514
301227	2.4996822
301228	-8.727327
301229	2.2352319
301230	-1.9954796
301231	-4.5444694
301232	-2.1801858
301233	-2.5821962
301234	-4.5778537
301235	2.1102033
301236	-3.5679297
301237	0.21884635
301238	-7.3894334
301239	0.28435037
301246	0.5085887
301248	-1.0046247
301251	-2.65573
301252	-3.9453444
301255	-3.442765
301256	2.2592418
301257	1.0561616
301258	-0.52143204
301259	-2.5082688
301260	0.8214267
301261	-2.8463807
301262	2.5886908
301263	2.6267192
301265	0.19002934
301266	-4.6633477
301267	3.4640968
301268	-0.32255846
301269	1.4192
301270	-4.1656766
301272	1.6897907
301273	-2.5153632
301276	3.1462734
301277	-2.2798061
301278	-1.9563669
301279	-2.4961743
301280	0.012278545
301281	-1.0939943
301282	-4.07039
301283	2.0053172
301285	-1.5508686
301286	3.121414
301287	0.7412627
301288	-19.54388
301289	-2.868186
301290	1.7327299
301291	3.4705067
301292	0.5928919
301293	1.3675139
301295	-4.571925
301296	-2.749877
301297	-1.2334702
301298	-0.63669866
301299	-0.03942501
301300	-0.96787536
301301	-2.832464
301302	-0.8082161
301303	2.845729
301305	1.8570095
301306	-3.5075073
301307	-1.4571874
301308	1.1997548
301309	-2.864818
301310	0.02082195
301311	-0.6425071
301312	-22.418589
301313	-2.0703893
301314	-1.7302517
301315	-3.286068
301316	-22.806484
301317	-4.329503
301318	0.35448128
301319	-4.553127
301320	-5.412641
301321	-4.5566163
301322	3.0875466
301323	1.9765905
301325	2.9116874
301326	-15.017561
301327	1.3619156
301328	-3.187761
301329	0.12764582
301330	-1.8648258
301331	0.71964395
301332	0.4450298
301333	-3.2792175
301335	3.7533088
301336	1.5822233
301337	-13.953455
301338	-3.0466251
301339	0.38530824
301345	-1.3992438
301348	-2.4346528
301349	0.72049063
301353	-1.7360508
301355	-1.3426809
301356	0.8231002
301357	-1.9896536
301358	4.5162277
301359	1.7237904
301360	-7.36923
301361	-4.3735533
301362	1.1139381
301363	0.16716278
301365	-1.9830774
301366	-9.576395
301367	0.9580351
301368	-1.74657
301369	-8.220052
301370	-0.65139836
301371	1.3729451
301372	3.3548446
301373	2.4486158
301376	1.7700942
301377	-1.6243263
301378	3.2678113
301379	-2.1199687
301380	-2.9155533
301381	2.2487774
301382	-10.346909
301383	-8.813303
301386	-0.96766263
301387	-6.8561277
301388	-1.166395
301389	-1.9891579
301390	-1.4731386
301391	1.9002602
301393	-0.02628963
301395	2.1012785
301396	-8.08734
301397	-1.7758812
301398	-4.273618
301399	-3.539168
301408	-2.1798203
301413	-5.2382383
301418	1.1448567
301419	1.4169648
301421	6.8205733
301428	-2.6012447
301429	1.8203281
301439	3.0030682
301446	-2.7985706
301448	-0.2710398
301456	-0.9062934
301459	0.4722107
301468	2.5107207
301469	-0.4638702
301486	-8.477074
301487	-7.5097923
301488	-2.3422847
301489	-20.643408
301498	1.5019519
301499	-2.1166368
301500	-3.8690872
301502	1.2402363
301503	-3.0782962
301505	-2.0678833
301507	-1.0236607
301508	2.6637583
301509	-4.129642
301510	-0.52747
301511	6.311618
301512	-3.3843803
301515	-2.224457
301516	-0.14093325
301517	-5.0940833
301518	0.13013092
301519	-1.5490386
301520	-1.6329346
301525	3.3119152
301526	2.533604
301528	2.0546858
301529	-1.5267355
301533	-0.42693692
301536	-4.621839
301538	1.9453411
301548	-5.006846
301550	-7.089122
301555	-1.0612539
301558	-2.5497484
301559	3.0548196
301566	-3.224773
301567	-5.831322
301568	-13.2224655
301577	-0.9435889
301578	-25.242245
301587	1.2805847
301588	2.582243
301589	1.8745142
301591	3.3229527
600000	5.570753
600004	4.2464476
600006	-2.1219835
600007	4.5596066
600008	3.5498047
600009	3.499834
600010	3.9864018
600011	3.0891035
600012	4.555475
600015	5.288942
600016	3.3447528
600017	3.8810737
600018	5.2048073
600019	3.8688617
600020	4.444598
600021	2.2644784
600022	4.2813478
600023	3.0480785
600025	5.2066307
600026	4.5386443
600027	2.288072
600028	5.560013
600029	3.944903
600030	2.4472184
600031	3.5819726
600032	3.504895
600033	2.55885
600035	4.0817566
600036	4.940222
600037	3.92147
600038	2.1550536
600039	4.382325
600048	1.9261354
600050	4.8637114
600051	3.1913893
600052	2.5170794
600053	1.873794
600054	2.7861145
600055	3.7631073
600056	2.4264054
600057	3.1410224
600058	2.9885187
600059	3.5252018
600060	2.5676305
600061	4.110854
600062	0.95864904
600063	3.4650745
600064	3.805956
600066	2.572165
600067	2.0693169
600070	-4.9567604
600071	-1.6798725
600072	1.8262613
600073	4.1474366
600075	2.3125055
600076	0.85033053
600078	-6.5598946
600079	2.8665683
600080	3.079492
600081	1.7394028
600082	3.6558857
600083	-1.5305353
600084	1.2337147
600085	2.5907836
600088	1.1765822
600089	3.8782444
600094	0.8422351
600095	0.57509196
600096	3.8264992
600097	3.012632
600098	3.7875113
600099	-0.82623786
600100	2.3427734
600101	-1.9558551
600103	3.1482582
600104	3.7985702
600105	-8.028036
600106	1.4599133
600107	-2.9882214
600108	3.18148
600109	3.4827685
600110	2.3457656
600111	3.6026466
600113	1.8852069
600114	-5.3523064
600115	4.0629625
600116	3.5986176
600117	2.0938861
600118	-0.37954322
600119	-2.5866828
600120	4.392148
600121	3.0031314
600123	3.2767353
600125	1.2115476
600126	2.4821448
600127	2.3855193
600128	3.1678574
600129	2.9299033
600130	2.7250562
600131	4.191044
600132	3.4458263
600133	2.6504803
600135	-0.85921633
600136	3.7488198
600137	3.1471107
600138	2.59932
600141	2.8693414
600143	5.486641
600148	1.3035674
600149	2.8745847
600150	2.1724
600151	-12.788253
600152	0.35329002
600153	3.0055072
600155	2.0098882
600156	3.5453224
600157	-2.6028676
600158	2.0762177
600159	0.69045895
600160	0.6900017
600161	3.7505736
600162	3.2155018
600163	2.8408694
600165	-3.2535942
600166	-2.4073243
600167	5.854937
600168	3.9740226
600169	4.2758965
600170	2.558957
600171	-0.97806156
600172	-0.48174143
600173	3.5668457
600176	3.0386684
600177	5.3213463
600178	-0.6110827
600179	3.641236
600180	3.2520652
600182	3.8690267
600183	2.8197055
600184	2.9280314
600185	1.34708
600186	2.2808685
600187	-23.24411
600188	3.0291348
600189	1.7387578
600190	1.7941908
600191	3.0477242
600192	-6.3078847
600193	-1.7683216
600195	3.164496
600196	4.0306845
600197	3.8118908
600198	3.618466
600199	2.4070172
600200	-2.3826263
600201	3.0711503
600202	3.1824617
600203	-1.8160282
600206	1.2481693
600207	0.09501139
600208	3.0108397
600210	2.2828221
600211	4.051387
600212	2.3337543
600215	3.3871064
600216	-3.6993995
600217	2.0315368
600218	2.1887212
600219	3.1380622
600221	3.218354
600222	-1.5938705
600223	3.1417959
600225	4.703285
600226	3.1847854
600227	-0.80357456
600228	2.9734743
600229	4.1047163
600230	0.90109015
600231	3.9132962
600232	3.6432426
600233	4.412713
600234	-3.0274246
600235	2.316548
600236	3.8521817
600237	2.1123917
600238	1.8743223
600239	0.56546015
600241	3.063715
600243	-5.981576
600246	0.9791681
600248	4.4379306
600249	3.0082169
600250	-2.5472102
600251	3.687482
600252	4.1974287
600255	3.1430752
600256	3.170742
600257	-0.47329283
600258	3.0113456
600259	3.2391922
600261	4.1781483
600262	-5.837609
600265	0.65110314
600266	-3.4411902
600267	2.6023219
600268	2.958236
600269	3.1928418
600271	2.0574365
600272	-6.722814
600273	4.3553786
600276	3.068154
600278	3.3315787
600279	4.4477463
600280	-2.1550887
600281	1.9017341
600282	3.096972
600283	3.0376823
600284	3.0793633
600285	3.1719947
600287	3.1776664
600288	-0.071875095
600289	1.8768848
600292	3.3965504
600293	3.075085
600295	3.282735
600298	4.0270023
600299	3.8591003
600300	3.4926999
600301	-2.0328622
600302	3.52113
600303	2.0644429
600305	3.7997594
600307	4.287017
600308	4.354439
600309	3.1442227
600310	0.86480963
600312	1.5320014
600313	1.0600388
600315	3.791247
600316	-4.0658274
600318	2.5428271
600319	3.4683576
600320	3.7940338
600322	-0.019276977
600323	2.9344273
600325	2.5231633
600326	-27.625431
600327	3.2382095
600328	4.62332
600329	3.6215394
600330	2.7513916
600331	1.5906576
600332	3.7664447
600333	3.893528
600335	1.3041025
600336	-5.7862744
600337	4.969203
600338	-0.24619572
600339	4.1228075
600340	1.3853182
600343	-2.6893327
600345	-3.6004415
600346	3.3431377
600348	2.4285686
600350	5.6669908
600351	-1.1084716
600352	3.8144565
600353	1.6266018
600354	0.6347114
600355	-1.8913761
600356	3.613572
600358	-11.942545
600359	0.64536446
600360	-0.7321443
600361	-2.6439686
600362	1.8199698
600363	2.755307
600365	3.1975899
600366	2.3349335
600367	2.0971973
600368	1.994923
600369	3.7348003
600370	3.880249
600371	1.6969627
600372	2.3478014
600373	3.4588692
600375	3.0798137
600376	0.94715154
600377	4.6533194
600378	4.399757
600379	3.6463745
600380	3.1250608
600381	0.497585
600382	3.3486557
600383	-5.5428815
600386	-2.3112035
600387	2.0523906
600388	3.347278
600389	0.96795607
600390	4.257947
600391	-0.55203336
600392	2.345675
600395	4.5560026
600396	-0.98542917
600397	-0.89442813
600398	5.7555118
600399	2.1019146
600400	1.5856338
600403	4.1105547
600405	2.45758
600406	4.1107473
600408	1.0550442
600409	2.4944196
600410	2.589712
600415	4.6341066
600416	3.25793
600418	-2.3301108
600419	0.2873115
600420	1.8983837
600421	-16.984444
600422	3.2554333
600423	1.7146851
600425	-7.5374556
600426	1.7713172
600428	2.25855
600429	3.1624866
600433	3.6009223
600435	-0.47059402
600436	3.3712718
600438	2.1214294
600439	3.406002
600444	-3.8678575
600446	2.9969287
600448	3.215194
600449	2.2824187
600452	4.7089243
600455	-0.19496267
600456	1.7256997
600458	2.3755183
600459	2.7256634
600460	-2.5730824
600461	2.248605
600462	3.178035
600463	-1.8577417
600467	2.3147168
600468	0.25047016
600469	2.0945053
600470	3.1706958
600475	3.9453979
600476	0.4056591
600477	2.7904298
600478	3.85115
600479	2.9228091
600480	1.6487234
600481	2.9472747
600482	3.635821
600483	2.3479176
600486	3.6478405
600487	3.4480126
600488	4.2310343
600489	0.73320544
600490	1.413911
600491	1.281983
600493	3.3346133
600495	2.2462964
600496	3.8595715
600497	0.7306034
600498	1.6819344
600499	2.5210068
600500	3.6209683
600501	-1.41261
600502	3.5946877
600503	2.7622292
600505	-1.701197
600506	0.10531463
600507	3.9174514
600508	3.3587298
600509	3.1356826
600510	3.3138611
600511	3.3134842
600512	1.8016787
600513	0.6222476
600515	4.5592904
600516	4.5734544
600517	4.1825643
600518	1.649648
600519	4.3597574
600520	-8.591387
600521	2.9936433
600522	1.4654907
600523	2.1549985
600525	-11.915102
600526	0.39248508
600527	3.1464944
600528	3.9554832
600529	3.5071862
600530	-1.0428528
600531	-0.37226525
600533	-0.56837505
600535	1.9657753
600536	-2.4282217
600537	1.0649929
600538	0.5631551
600539	3.7550292
600540	3.4873989
600543	3.945359
600545	2.4099152
600546	3.267096
600547	3.7773101
600548	5.246974
600549	1.4982727
600550	2.1842844
600551	4.486185
600552	-13.421298
600556	0.5566614
600557	1.1502155
600558	3.2104042
600559	0.5595443
600560	2.4733999
600561	-1.1469729
600562	2.7399554
600563	2.0557003
600566	4.124883
600567	3.641027
600568	3.1767924
600569	3.7723846
600570	3.565535
600571	0.95914537
600572	3.2187705
600573	4.0768533
600575	4.682934
600576	-3.2165222
600577	-9.69858
600578	4.0041556
600579	-0.49852824
600580	0.5530214
600581	-1.3255972
600582	3.5845962
600583	3.5153842
600584	-0.62887156
600585	4.8490286
600586	3.6160374
600587	2.7546794
600588	3.1742492
600589	3.0086904
600590	1.1344538
600592	-0.6179078
600593	-0.9635013
600594	2.3405526
600595	0.73849213
600596	3.6593704
600597	4.227334
600598	3.9528515
600599	1.4832749
600600	4.487733
600601	-0.7182137
600602	2.1099322
600603	0.2359163
600604	-0.64502805
600605	2.7073436
600606	2.293819
600608	2.9885144
600609	-2.3675644
600610	1.8454183
600611	-7.6887293
600612	3.165183
600613	1.0779911
600615	-2.21956
600616	3.939302
600617	3.3742557
600618	2.2349918
600619	1.153849
600620	-0.57346785
600621	0.16947079
600622	2.6490703
600623	2.7032175
600624	-2.4929295
600626	-0.86619693
600628	3.804425
600629	1.9203991
600630	-0.2228556
600633	2.8591857
600635	-3.3617911
600636	-4.6089964
600637	4.5999813
600638	-2.0651917
600639	2.9891796
600640	-2.729019
600641	0.8872633
600642	3.8077366
600643	3.109637
600644	0.07818917
600645	1.9594376
600648	4.2082987
600649	-0.3636206
600650	-13.490278
600651	1.640899
600653	-1.7624458
600654	2.581458
600655	3.9676254
600657	1.7871853
600658	3.1061978
600660	4.3884516
600661	-5.2521896
600662	0.3364166
600663	2.937775
600664	2.8784857
600665	1.5658033
600666	-1.896438
600667	1.4926295
600668	-0.32783678
600671	3.1481094
600673	3.2857616
600674	3.232788
600675	2.8851418
600676	-4.472887
600678	-6.0026307
600679	-0.88452005
600681	4.332015
600682	1.0950363
600683	1.5747372
600684	-5.84109
600685	1.0668217
600686	-8.129
600688	4.337487
600689	-2.8810434
600690	2.0459397
600691	3.3571904
600692	-5.3172646
600693	1.439996
600694	2.6057763
600696	-6.041349
600697	-3.3121102
600698	-2.3594527
600699	1.2166872
600702	3.5525155
600703	3.0374947
600704	3.6011105
600705	3.4315643
600706	1.6040964
600707	3.347262
600708	1.3296392
600710	1.8389919
600711	-0.21421948
600712	-3.2833035
600713	3.9798512
600714	2.844708
600715	2.6929746
600716	-0.4444831
600717	3.0434093
600718	2.5245137
600719	-4.4914117
600720	3.168196
600721	-5.644361
600722	3.4552817
600724	3.8166842
600725	3.363376
600726	3.0884538
600727	-4.2624235
600728	3.8099666
600729	1.2674882
600730	-1.3730632
600731	3.3314404
600732	0.9858203
600733	1.3456328
600734	3.2821288
600735	2.551295
600736	-0.4404255
600737	2.607287
600738	1.6500305
600739	3.8637974
600740	3.6566463
600741	4.7140026
600742	2.962183
600743	1.6581246
600744	1.4867766
600745	1.9065504
600746	3.8745372
600748	1.8929081
600749	-0.28002685
600750	2.5219827
600751	3.3232665
600753	-2.504181
600754	1.9753593
600755	3.6039453
600756	1.2138926
600757	3.3147812
600758	4.244349
600759	4.3427896
600760	3.5264926
600761	0.4202226
600763	-1.0251172
600764	1.0775349
600765	2.7564259
600768	-2.0456028
600769	2.455365
600770	0.59762484
600771	1.0351572
600773	-0.6838815
600774	0.752429
600775	-1.0228767
600776	2.2418237
600778	-16.66939
600779	3.4338353
600780	3.879068
600782	4.00987
600783	3.955906
600784	-3.785869
600785	3.185294
600787	2.0871854
600789	-4.99477
600790	3.7553272
600791	2.3962305
600792	3.886664
600793	2.4507747
600794	2.8918526
600795	2.5709004
600796	2.3675027
600797	3.3102317
600798	3.9927697
600800	3.705896
600801	5.5017266
600802	2.821668
600803	3.7843804
600804	-0.77264273
600805	0.48366517
600807	-4.016283
600808	3.812284
600809	2.9401276
600810	3.308644
600811	-4.9847836
600812	4.258363
600814	2.4480865
600815	4.3716483
600816	3.4629998
600817	-15.200895
600818	-8.885553
600819	-0.16280119
600820	4.273812
600821	2.845435
600822	-1.0981914
600824	3.083301
600825	2.9416587
600826	4.0171547
600827	2.9956484
600828	2.888648
600829	3.2956128
600830	-3.565536
600831	0.5560449
600833	1.8985806
600834	-3.076158
600835	3.1883712
600837	4.167785
600838	-0.37165532
600839	-12.5449505
600841	-3.3495407
600843	-8.406046
600844	-0.594931
600845	3.4948738
600846	2.4180567
600847	1.4388373
600848	3.7442126
600850	3.014415
600851	-1.8082192
600853	-0.2986827
600854	3.0646155
600855	-2.0804906
600857	-0.7454738
600858	2.5155563
600859	-1.8619719
600860	-0.30911383
600861	1.6266321
600862	2.7417889
600863	2.6338453
600864	1.8378849
600865	3.6301155
600866	-2.8212867
600867	3.9709427
600868	0.64710176
600869	-5.8564796
600871	4.5814543
600872	1.4493445
600873	3.9290936
600874	3.9004874
600875	3.1802094
600876	3.174388
600877	1.1828203
600879	-1.1155934
600880	-1.6855967
600881	-1.5928625
600882	1.9543846
600883	3.1932483
600884	3.392828
600885	3.1052756
600886	3.2149673
600887	3.3593106
600888	2.077199
600889	-6.04189
600892	-8.732811
600893	2.6279118
600894	2.5674355
600895	-0.20976353
600897	3.6861706
600898	-4.222172
600900	4.1964946
600901	2.2237792
600903	4.0062494
600905	4.3894124
600906	2.795807
600908	4.2537003
600909	4.61505
600916	1.555947
600917	4.5628347
600918	4.5482
600919	4.9561844
600925	3.9405766
600926	4.010653
600927	2.4334865
600928	4.4405117
600929	3.4834316
600933	3.3329048
600935	1.4754692
600936	3.6100183
600938	2.2895505
600939	-2.0449986
600941	3.4491413
600955	3.8995006
600956	3.5058632
600958	5.085266
600959	4.89182
600960	1.5006613
600961	2.1710443
600962	4.253553
600963	0.22425385
600965	3.3283913
600966	1.2931424
600967	3.675312
600968	3.9613147
600969	-4.3926735
600970	1.8090017
600971	3.4250274
600973	4.0422363
600975	0.39073068
600976	3.088961
600977	4.180098
600979	2.0358524
600980	3.0570216
600981	3.8321948
600982	3.7756073
600983	3.2922301
600984	1.6446886
600985	3.672392
600986	2.2836328
600987	3.6441493
600988	-3.0835195
600989	4.105111
600990	-1.9437033
600992	-0.24329928
600993	3.3310006
600995	3.5899506
600996	3.1536126
600997	3.423418
600998	3.7481244
600999	4.8482428
601000	3.6051018
601001	2.9414077
601002	1.2060686
601003	3.8031006
601005	3.8722568
601006	4.061411
601007	2.1177328
601008	3.5019841
601009	4.8319325
601010	2.225514
601011	1.5244156
601012	2.1465175
601015	-0.5600792
601016	3.601399
601018	5.0842543
601019	3.7481697
601020	-4.0274725
601021	3.3161106
601022	1.102456
601028	-1.3167341
601033	2.3446946
601038	0.6963278
601058	0.86898756
601059	1.8194824
601061	0.7969133
601065	3.192339
601066	4.3996744
601068	3.787767
601069	0.62645847
601077	4.3458047
601083	-0.12292643
601086	0.8981408
601088	4.8404665
601089	3.7717643
601096	2.3743389
601098	5.0202847
601099	0.27386254
601100	4.1002016
601101	3.18687
601106	4.2862864
601107	4.273536
601108	3.5539825
601111	4.117714
601113	3.595042
601116	1.2472069
601117	2.6974158
601118	4.763636
601121	2.378921
601126	0.8287948
601127	2.1781383
601128	2.6352985
601133	0.16781135
601136	-1.1935465
601137	0.93815565
601138	3.6022506
601139	4.0143023
601155	0.5367342
601156	1.7430966
601158	4.8142557
601162	0.18400638
601163	3.3377488
601166	3.566108
601168	1.7680813
601169	4.467847
601177	1.9556847
601179	1.2643214
601186	4.704529
601187	3.8131058
601188	-2.6925805
601198	3.6430507
601199	3.5386379
601200	4.295491
601208	-2.698613
601211	4.13274
601212	2.5139859
601216	4.163007
601218	-4.0738916
601222	3.9812503
601225	4.5461726
601226	2.6383834
601228	4.655601
601229	5.353898
601231	3.3467813
601233	2.2066126
601236	3.6560402
601238	2.6823533
601279	2.4335515
601288	5.7578115
601298	5.5815597
601311	1.6513704
601318	2.633072
601319	5.698467
601326	4.7057586
601328	5.7590604
601330	3.4702752
601333	2.150059
601336	3.3054242
601339	3.821067
601360	3.5270696
601366	3.702865
601368	3.6057
601369	2.9144473
601375	3.1134408
601377	4.143504
601388	2.0611522
601390	4.2883306
601398	6.104959
601399	4.186906
601456	0.94869626
601500	1.5206997
601512	4.998506
601515	4.223558
601518	4.1928773
601519	2.703198
601528	3.4998984
601555	3.8398666
601566	0.03227272
601567	1.8116245
601568	5.251355
601577	5.14174
601579	3.2890353
601588	1.9749073
601595	-0.59881335
601598	2.7658665
601599	-2.1346326
601600	2.4911618
601601	3.754678
601606	0.2223542
601607	4.2741556
601608	3.4270492
601609	2.5406697
601611	2.7459273
601615	3.1329513
601616	2.815377
601618	4.750993
601619	4.1377983
601628	6.609558
601633	3.0702984
601636	3.0701728
601658	6.0100756
601665	3.555019
601666	4.06664
601668	4.5887403
601669	3.779211
601677	0.51325834
601678	3.0805526
601686	4.2085934
601688	3.9064229
601689	3.0318012
601696	2.7631316
601698	0.027492797
601699	3.220262
601700	2.8927994
601702	1.7857225
601717	1.7645156
601718	3.8012364
601727	4.4569077
601728	5.2082367
601766	4.604183
601777	1.6272999
601778	2.3362062
601788	4.2310624
601789	1.8780724
601798	0.2520942
601799	1.8050842
601800	4.9438543
601801	2.34471
601808	3.6761909
601811	5.270427
601816	4.5648065
601818	4.959753
601825	5.169491
601827	4.537119
601828	3.8858986
601838	4.477708
601857	4.80834
601858	3.3301919
601860	3.597402
601865	3.0901318
601866	3.2741978
601868	4.0096483
601869	-0.024434423
601872	4.32911
601877	3.6046224
601878	-1.4509816
601880	4.2813444
601881	2.296586
601882	2.2959428
601886	3.2643342
601888	1.9118401
601890	1.4184856
601898	6.0069327
601899	3.2006893
601900	1.7456739
601901	2.6991405
601908	2.8788953
601916	3.3364215
601918	3.1677856
601919	1.8764193
601921	-3.448666
601928	4.8783574
601929	-0.733971
601933	-1.6849331
601939	4.4991794
601949	3.8914428
601952	4.804055
601956	2.5618806
601958	2.2216372
601963	2.7133458
601965	2.60987
601966	1.9446671
601968	2.8418136
601969	2.854216
601975	1.6441584
601985	3.9888444
601988	6.287602
601989	4.023465
601990	3.7865205
601991	3.165065
601992	3.6708775
601995	3.361929
601996	1.78387
601997	3.3258038
601998	5.980714
601999	0.4958929
603000	2.1197653
603001	3.9151096
603002	0.6267251
603003	1.0063651
603004	-1.7937406
603005	-2.522475
603006	3.017283
603007	3.6536298
603008	2.9670603
603009	-3.9531207
603010	3.7094223
603011	0.27324358
603012	4.096851
603013	3.0897145
603015	-1.7360369
603016	2.928987
603017	-1.6550462
603018	1.364131
603019	2.3125281
603020	3.0776868
603021	3.6642709
603022	2.6596205
603023	-0.023694951
603025	2.2819552
603026	3.2264335
603027	2.8844872
603028	-0.64773905
603029	1.2951467
603030	-0.4188498
603031	1.5293725
603032	-1.0171573
603033	3.64535
603035	2.4653525
603036	2.362181
603037	-0.458889
603038	-0.63409626
603039	2.290627
603040	2.1601129
603041	3.173123
603042	-2.7356803
603043	3.9052205
603045	2.5918636
603048	0.4770565
603050	1.2048999
603051	-1.1354617
603052	-0.22136632
603053	3.8132272
603055	2.3046584
603056	3.0021548
603057	-0.77447325
603058	-0.093222186
603059	3.1954458
603060	3.1040583
603061	-2.2960281
603062	-0.37777784
603063	5.69391
603065	-0.99802494
603066	-10.776692
603067	2.9536788
603068	-0.06192764
603069	-1.5870827
603070	1.1020267
603071	3.308818
603073	1.6761497
603075	-1.9944649
603076	3.003981
603077	3.6717267
603078	0.45875153
603079	-4.301892
603080	0.67497116
603081	2.4175725
603082	-4.323322
603083	0.59356624
603085	-0.47520405
603086	2.26003
603087	0.9170972
603088	4.407203
603089	1.0634295
603090	2.7428033
603093	0.643102
603095	4.418374
603096	2.8198798
603097	0.5972798
603098	2.767763
603099	-6.7210755
603100	0.54190314
603101	0.76898086
603102	0.5824095
603103	4.6016374
603105	1.6932408
603106	-0.63274986
603107	-5.231849
603108	0.7099056
603109	0.5343701
603110	2.110137
603111	2.4533954
603112	1.1225969
603113	2.7911944
603115	3.3219013
603116	3.738842
603117	1.9040505
603118	0.5657256
603119	2.3631303
603121	-4.060796
603122	-0.033663224
603123	2.1433208
603125	1.5765227
603126	-0.48969755
603127	-1.0894005
603128	3.2851448
603129	2.3770187
603130	-0.29054043
603131	-5.228537
603132	0.714786
603135	2.2840743
603136	2.1201794
603137	-0.5191511
603138	-2.4201493
603139	-2.301457
603150	-0.31274405
603151	0.17270763
603153	0.80541646
603155	-0.5227938
603156	4.818948
603158	-3.2066302
603159	3.3850281
603160	3.3043656
603161	2.0483365
603162	1.8773787
603163	-2.9505773
603165	1.7688252
603166	3.2831047
603167	2.5148125
603168	-1.4857066
603169	0.48085785
603170	2.5351589
603171	-0.63235104
603172	0.42650422
603173	2.0381799
603176	2.8897688
603177	0.50815165
603178	-0.3631328
603179	5.061312
603180	1.1053581
603181	-1.6897999
603182	1.2770956
603183	0.9827167
603185	2.4928408
603186	-10.873805
603187	2.6777759
603188	-1.311558
603189	-1.2019507
603190	1.1750333
603191	4.093436
603192	-5.2251706
603193	0.6384805
603195	2.9800816
603196	-11.374541
603197	-4.5690427
603198	2.7192292
603199	3.5040212
603200	-3.8186307
603201	0.995101
603203	2.36653
603206	-0.9683849
603208	3.9041977
603209	1.2358972
603211	-5.248229
603212	0.6844724
603213	3.0923553
603214	1.5548772
603215	-8.958588
603216	3.885173
603217	2.9489906
603218	2.921949
603219	0.23472206
603220	-1.4083569
603221	0.085547924
603222	2.699428
603223	3.683471
603225	4.149386
603226	1.87485
603227	3.4486573
603228	0.6775527
603229	2.0986588
603230	1.7525804
603231	-0.028254878
603232	-2.6968868
603233	2.9478157
603235	2.4045124
603236	-0.11991966
603237	0.7136885
603238	3.375293
603239	2.4950955
603255	3.8162239
603256	1.0120832
603258	-3.0691202
603259	2.0849307
603260	4.640003
603261	-2.2749407
603266	-0.42422095
603267	1.2313076
603268	-1.3545789
603269	0.22663811
603270	-1.4833109
603272	3.8778057
603273	0.7850114
603275	3.0818577
603276	0.63462406
603277	3.6626809
603278	-0.7496305
603279	2.740711
603280	0.6655927
603281	4.408424
603282	-0.90683615
603283	-6.293298
603286	-2.2406807
603288	4.4524364
603289	1.7226292
603290	0.84716976
603291	2.4192028
603296	-0.16504037
603297	0.94483757
603298	1.9639496
603299	2.863399
603300	2.4728205
603301	3.2933724
603303	3.9705405
603305	2.376676
603306	3.0522661
603307	2.2902913
603308	2.4352648
603309	1.9669952
603311	3.1754723
603312	0.18390849
603313	2.9854877
603315	2.380571
603316	-1.8432877
603317	3.166049
603318	3.4492188
603319	1.1595049
603320	0.35712096
603321	1.7845337
603322	0.13096862
603323	2.8415928
603324	-7.4895163
603325	-0.26022258
603326	3.221532
603327	2.7627313
603328	-0.38000113
603329	1.0526251
603330	-0.6860206
603331	2.0718415
603332	1.9342594
603333	-0.4634513
603335	-4.0254173
603336	-4.5678225
603337	2.1313403
603338	2.257574
603339	2.808823
603341	-7.12189
603344	0.9858473
603345	2.3310938
603348	1.0722506
603351	0.23402743
603353	1.782596
603355	4.47688
603356	0.83872396
603357	0.5070797
603358	4.631772
603359	3.3824508
603360	0.99661475
603363	1.3406012
603365	1.6070849
603366	1.1274471
603367	3.4045513
603368	0.6547319
603369	5.5756655
603373	-3.8186955
603375	-5.935521
603377	-0.7397603
603378	-2.06274
603379	1.0300167
603380	1.9756435
603383	3.6211102
603385	2.5672774
603386	-3.23426
603387	1.0730492
603388	-0.95776975
603389	-10.257958
603390	-3.976123
603392	3.846019
603393	3.52001
603396	2.05415
603398	4.639877
603399	-1.818222
603408	2.5527682
603416	1.653662
603421	-2.1046975
603429	1.387324
603439	0.7537727
603444	-3.1681926
603456	2.6702979
603458	-7.442086
603466	2.621265
603477	6.0392895
603486	-0.18490924
603488	1.8955781
603489	0.1147266
603496	0.8323077
603499	0.19040337
603500	2.6710503
603501	2.0293677
603505	2.4454093
603506	0.08117829
603507	1.3569394
603508	-1.4219402
603511	2.1072228
603515	1.1634469
603516	-5.29784
603517	2.5521443
603518	3.1151679
603519	2.9799302
603520	3.3648841
603527	2.3181279
603528	0.09819786
603529	-4.6979394
603530	3.0827
603533	2.0978127
603535	1.2500496
603536	-0.84656507
603538	2.1378083
603551	4.5525208
603556	2.8024192
603557	4.245407
603558	0.7425219
603559	-4.589473
603565	4.114915
603566	2.9592252
603567	4.329821
603568	3.8730245
603569	1.6352373
603577	0.65770507
603578	2.453089
603579	1.9754614
603580	-3.9686465
603583	1.3626417
603585	4.2941523
603586	-6.730443
603587	4.330636
603588	1.0869621
603589	3.7300038
603590	-1.2196673
603595	2.3995068
603596	4.0940666
603598	-2.0552802
603599	2.7514749
603600	1.8037598
603601	2.7377326
603602	-1.8617976
603605	2.6453934
603606	2.3155046
603607	0.47454968
603608	-0.45840892
603609	3.7713616
603610	3.361112
603611	2.1770625
603612	3.0230594
603613	-3.3516922
603615	-3.2493243
603616	1.0355966
603617	1.6248903
603618	0.58198273
603619	1.2458616
603626	-4.346284
603628	-4.8077626
603629	0.3330861
603630	1.0566227
603633	3.9869714
603636	-3.4568493
603637	3.2913117
603638	4.1006637
603639	-1.9952015
603648	1.3162202
603650	0.20262042
603655	-0.7677405
603656	2.0411239
603657	-1.0864022
603658	3.1949515
603659	3.8141446
603660	-0.25326964
603661	3.4224715
603662	-3.3765888
603663	-9.367903
603665	3.5589988
603666	-13.853058
603667	1.3311455
603668	2.4360542
603669	4.1861553
603676	2.923294
603677	4.114587
603678	1.336911
603679	-4.240494
603680	0.37907702
603681	0.98740894
603682	1.420346
603683	1.3459705
603685	0.54099005
603686	-5.3135757
603687	5.326597
603688	2.662075
603689	2.4258428
603690	2.187451
603693	3.5893402
603696	-0.73800933
603697	0.4194509
603698	1.9689983
603699	2.6772907
603700	-0.00094855425
603701	3.4966798
603703	-2.3690882
603706	2.4794488
603707	4.044945
603708	3.02815
603709	2.3524177
603711	2.6319618
603712	1.226414
603713	2.104072
603716	-3.2196164
603717	0.85640925
603718	2.504362
603719	3.5478413
603721	-4.6499634
603722	4.7669306
603725	2.7665172
603726	0.77701735
603727	2.3565867
603728	-0.05144515
603729	1.6733248
603730	2.570232
603733	2.722657
603737	2.8237977
603738	-3.7289875
603739	-1.6752058
603755	1.397487
603757	3.0915923
603758	2.2725682
603759	3.4273639
603766	1.2399404
603767	0.7897967
603768	-5.503732
603773	1.2642858
603776	-1.2749319
603777	2.8698695
603778	-2.554954
603779	2.1959329
603786	1.5806863
603787	2.675564
603788	2.7919965
603789	0.15561996
603790	0.848979
603797	2.79697
603798	2.7496579
603799	-0.42607346
603800	3.0117555
603801	2.1193593
603803	-2.1545177
603806	1.474635
603808	4.0198064
603809	-0.3704673
603810	-3.0529995
603811	0.67301977
603813	3.2635887
603815	2.5240855
603816	3.4805465
603817	1.5023707
603818	3.0698009
603819	2.5798838
603822	2.200692
603823	1.6228977
603825	-3.4349728
603826	-5.5534186
603828	1.7272726
603829	1.7322623
603833	2.9544795
603836	3.198623
603838	4.192392
603839	-0.094388485
603843	0.7837579
603848	1.3112335
603855	3.731036
603856	3.0791264
603858	3.7298043
603859	3.1737628
603860	-1.3389508
603861	3.269851
603863	2.5966995
603866	3.9575028
603867	2.1086159
603868	3.726127
603869	4.530289
603871	2.0383599
603876	2.9851394
603877	4.1228514
603878	2.913215
603879	2.8825216
603880	2.7974236
603881	3.5023003
603882	1.3746405
603883	0.9133153
603885	1.6804882
603886	2.434479
603887	-1.081046
603888	2.4626517
603889	-0.4499039
603890	-0.7469153
603893	1.3960207
603895	3.1664512
603896	2.725525
603897	0.85835046
603898	0.12949106
603899	3.9560688
603900	-4.7898436
603901	3.0143597
603903	-0.46109766
603906	2.6050055
603908	-3.2089353
603909	2.3014815
603912	0.13996151
603915	2.4272752
603916	-4.6516848
603917	-6.054191
603918	0.4307832
603919	3.537286
603920	-0.69660527
603922	2.808416
603926	2.9399743
603927	2.53297
603928	3.9393783
603929	0.72811276
603931	1.1438555
603933	-0.6548791
603936	-1.6814728
603937	1.4253626
603938	3.590777
603939	1.0488074
603948	3.5366573
603949	3.281618
603950	1.359824
603955	-1.872667
603956	3.5529857
603958	-7.970524
603959	1.2262676
603960	-1.0603229
603963	0.86214113
603966	-5.8512087
603967	3.262764
603968	2.0289702
603969	2.4764996
603970	2.3612094
603976	0.46401948
603977	0.37820965
603978	-5.74813
603979	2.3633564
603980	-4.8072023
603982	0.6673603
603983	3.4195945
603985	2.2377546
603986	3.8905296
603987	3.1400168
603988	-16.69872
603989	3.0320573
603990	-9.191729
603991	2.452331
603992	3.1040456
603993	3.1686718
603995	2.0691853
603997	4.135391
603998	3.3709526
603999	3.265101
605001	-1.7082827
605003	2.4606469
605005	3.7367082
605006	1.2689198
605007	2.7573822
605008	1.6592741
605009	3.3438478
605011	1.3817852
605016	3.4775105
605018	2.2524498
605020	4.4541464
605028	1.8900757
605033	0.3766399
605050	3.8941414
605055	3.097601
605056	1.7860897
605058	1.6764736
605060	1.2580862
605066	4.105945
605068	1.8829294
605069	-1.4594843
605077	5.2191286
605080	-4.3626795
605081	5.8961935
605086	2.233656
605088	1.5047528
605089	2.809762
605090	-0.27680984
605098	-4.496394
605099	3.7571785
605100	3.058684
605108	0.98977405
605111	-3.551368
605116	2.283465
605117	1.8185275
605118	-0.061907552
605122	-2.3910315
605123	3.1626835
605128	3.9933434
605133	0.007941306
605136	-0.5013425
605138	1.9552984
605151	3.3347015
605155	-1.0537635
605158	2.1908646
605162	3.0961497
605166	1.4707339
605167	2.9887555
605168	1.8971735
605169	-0.7851946
605177	-5.5422707
605178	-15.889633
605179	3.1998353
605180	2.5724058
605183	-0.6128725
605186	1.757521
605188	1.0604559
605189	1.9508159
605196	2.9791634
605198	1.1391118
605199	-0.066373445
605208	1.4864893
605218	-7.11483
605222	2.0079956
605228	0.88748425
605255	1.0604874
605258	-2.6180406
605259	3.8583732
605266	1.5637076
605268	3.3609524
605277	-2.634646
605286	2.5621026
605287	-5.775051
605288	2.2985528
605289	3.326674
605296	4.3412657
605298	1.9115368
605299	1.0401943
605300	1.5101435
605303	2.2953148
605305	2.8762746
605318	4.4672856
605319	2.0370414
605333	3.5447342
605336	0.4475212
605337	3.2193897
605338	2.603538
605339	4.1367936
605358	3.238565
605365	2.3498201
605366	2.3982856
605368	3.443571
605369	2.9528954
605376	0.8125312
605377	2.5356314
605378	1.6633046
605388	3.4989896
605389	2.5729003
605398	-12.82608
605399	3.1849597
605488	-6.0154443
605499	4.372415
605500	3.727607
605507	2.6219335
605555	-1.2444953
605566	-0.4654538
605567	-0.58537936
605577	0.047205247
605580	0.99568635
605588	-1.0719106
605589	1.6752224
605598	2.7340944
605599	2.8654022
688001	2.6562934
688002	1.6908817
688003	1.8831999
688004	3.248361
688005	0.35185412
688006	3.3740876
688007	2.0502286
688008	0.9208075
688009	4.1655874
688010	1.2708277
688011	2.7652044
688012	1.7130915
688013	3.701405
688015	-0.4538188
688016	4.9828696
688017	4.124776
688018	0.22928043
688019	2.6876998
688020	-1.5830595
688021	3.2390866
688022	3.306253
688023	-2.179477
688025	1.4331412
688026	1.5841739
688027	-0.25126007
688028	1.0909481
688029	2.2824535
688030	3.5010827
688031	1.8632624
688032	-2.9598682
688033	1.3784297
688035	1.7927307
688036	3.5695312
688037	0.68261254
688038	-0.675976
688039	3.7449086
688041	1.7220137
688045	0.86459273
688046	1.7627674
688047	0.99224967
688048	2.0758367
688049	-2.9511437
688050	4.4008737
688051	3.0895634
688052	-0.8011656
688053	0.8445178
688055	3.0177464
688056	3.0020127
688057	4.1669207
688058	2.8257854
688059	-1.0579523
688060	2.7374008
688061	0.6278044
688062	3.6719887
688063	2.1252632
688065	4.2439604
688066	2.6377923
688067	3.4871078
688068	-0.509076
688069	2.448492
688070	0.10358636
688071	1.7754052
688072	1.8908417
688073	-1.263563
688075	-0.42625657
688076	1.5311625
688077	1.7209718
688078	3.2847953
688079	-0.6936268
688080	-3.8508468
688081	1.8720858
688082	-0.86433744
688083	3.0528102
688084	0.2492704
688085	2.352342
688087	4.1049485
688088	1.9258606
688089	2.804007
688090	-4.5107017
688091	1.5683912
688092	2.5567033
688093	3.2084765
688095	-0.28987044
688096	3.4047284
688097	1.9170914
688098	3.6255784
688099	4.3208227
688100	3.4765716
688101	3.6066945
688102	0.69075763
688103	3.4814324
688105	3.093636
688106	4.5185657
688107	0.8795527
688108	1.691674
688109	4.0437846
688110	0.8428853
688111	2.0004601
688112	1.4972742
688113	3.227523
688114	1.4132948
688115	1.5179964
688116	1.6584259
688117	3.1796355
688118	1.1282958
688119	3.7187946
688120	1.8501632
688121	2.3731759
688122	3.1772664
688123	2.8564513
688125	0.20217364
688126	3.7892432
688127	-0.008165747
688128	3.112162
688129	4.1699514
688130	-1.0822228
688131	2.737779
688132	3.5816436
688133	1.7193077
688135	-1.3307508
688136	2.4709275
688137	2.5282621
688138	1.3662149
688139	3.648002
688141	-1.8577967
688143	-0.09568248
688146	0.7582971
688147	0.53753155
688148	2.1834934
688150	0.95114917
688151	1.135214
688152	-2.3294477
688153	1.1177454
688155	2.6687117
688156	4.123469
688157	1.0367587
688158	0.60018355
688159	3.7626572
688160	-1.6105072
688161	3.2555554
688162	1.1732212
688163	3.47844
688165	2.2960103
688166	-0.23678811
688167	2.595041
688168	4.9606876
688169	-1.1662632
688170	-0.56744677
688171	1.9289148
688172	2.984528
688173	0.009046005
688175	1.4109293
688176	2.7870412
688177	1.9170325
688178	3.5317998
688179	2.7788386
688180	3.862096
688181	1.9645485
688182	-0.33638847
688183	1.4257295
688184	3.4983687
688185	0.46741033
688186	2.2587981
688187	2.5061774
688188	4.3095984
688189	2.0324433
688190	3.1550608
688191	-1.9599712
688192	1.2734258
688193	2.6302109
688195	0.69419384
688196	3.759892
688197	0.630715
688198	5.6466193
688199	1.4906495
688200	3.0263925
688201	-1.3594407
688202	2.478455
688203	1.7581545
688205	-10.331826
688206	1.1319357
688207	-0.012846681
688208	1.0491605
688209	0.231318
688210	1.3800018
688211	3.839676
688212	2.7894626
688213	1.6414686
688215	3.3711467
688216	-2.5591507
688217	5.4281373
688218	2.2987716
688219	2.3764503
688220	3.826284
688221	3.0250673
688222	1.8243685
688223	1.8813579
688225	1.2098811
688226	-0.5375513
688227	0.79234517
688228	2.7424352
688229	0.8960373
688230	-0.8277399
688231	3.6223876
688232	3.2309537
688233	4.518493
688234	0.1384995
688235	3.9271126
688236	0.18977317
688237	0.44573122
688238	-0.35786825
688239	0.11005676
688244	1.5349222
688246	2.4359107
688247	1.9600149
688248	1.9592121
688249	2.9615636
688251	2.7631216
688252	-2.247846
688253	3.6183782
688255	3.0776737
688256	-3.3202248
688257	2.473203
688258	-6.7459917
688259	-16.75597
688260	-2.7532449
688261	5.1993866
688262	-1.9722639
688265	2.6767578
688266	4.24043
688267	1.1631123
688268	4.0837984
688269	2.5199153
688270	-0.77172005
688271	3.7368762
688272	1.1992562
688273	-3.1545568
688275	2.3856485
688276	4.50566
688277	2.2174623
688278	4.2261467
688279	-0.328139
688280	1.8209941
688281	-0.0049039125
688282	3.5672023
688283	0.67167246
688285	1.7965896
688286	4.804047
688287	0.3793844
688288	2.035441
688289	2.5367827
688290	1.9304146
688291	0.70381004
688292	0.76118344
688293	0.5446725
688295	1.965752
688296	1.2210333
688297	1.0231035
688298	3.1878326
688299	1.412944
688300	2.925322
688301	4.5425673
688302	2.6705804
688303	2.0032241
688305	1.5342157
688306	0.91561604
688307	0.1770463
688308	3.6106834
688309	3.2068038
688310	-1.4582412
688311	-2.7742486
688312	2.11276
688313	1.7644962
688314	-0.99674237
688315	1.9257829
688316	1.6535918
688317	-1.7718315
688318	0.32404524
688319	3.4920807
688320	-8.77267
688321	2.187633
688322	0.1148836
688323	-0.3301564
688325	-4.381986
688326	-3.2372842
688327	3.5407035
688328	1.4400246
688329	3.2678661
688330	3.6797645
688331	2.4052563
688332	-0.8151461
688333	2.978354
688334	2.6093094
688335	3.1242502
688336	3.9287343
688337	-0.20928356
688338	4.466826
688339	2.8366847
688343	3.2226987
688345	2.3859093
688347	-0.23877199
688348	-0.18542057
688349	2.2557757
688350	3.595028
688351	3.0312657
688352	2.2343361
688353	2.2817707
688355	3.0022407
688356	4.7074003
688357	-0.68431437
688358	1.7036445
688359	2.08948
688360	-5.202882
688361	0.37302813
688362	0.47943988
688363	3.2237275
688365	2.303577
688366	3.9292493
688367	3.3394508
688368	2.1623929
688369	3.0517094
688370	3.6562424
688371	-3.4770207
688372	-3.138424
688373	1.6369765
688375	2.503686
688376	0.11211739
688377	3.6118717
688378	6.3531246
688379	3.3679893
688380	-1.3007395
688381	2.304129
688382	0.7424034
688383	2.1665573
688385	1.2738613
688386	2.7374072
688387	2.0072608
688388	2.0908008
688389	2.4733746
688390	6.4250135
688391	1.6128622
688392	3.5296752
688393	2.7923095
688395	1.5806838
688396	4.060527
688398	2.105613
688399	3.9941623
688400	2.3689418
688401	4.142219
688403	0.39099115
688408	1.5344498
688409	0.0787383
688410	5.7265253
688416	3.5054142
688418	-5.1077504
688419	0.9258331
688420	3.475226
688425	2.4770212
688426	-0.96156776
688428	2.5174522
688429	2.957786
688432	2.1770937
688433	2.0971408
688435	3.0814245
688439	3.0643191
688443	5.323499
688448	0.6006394
688450	2.2689228
688455	2.8615098
688456	3.4101639
688458	1.9263493
688459	3.4505959
688466	3.415517
688468	2.7066684
688469	3.8200295
688472	3.60113
688475	0.9654423
688478	0.92708033
688479	3.391313
688480	2.9463227
688484	2.4822512
688485	2.8727114
688486	1.511513
688488	2.8582907
688489	2.9584475
688496	1.1937925
688498	0.013898659
688499	-6.3353453
688500	-6.8840723
688501	1.1504259
688502	1.2214448
688503	2.5041919
688505	4.78642
688506	2.9367502
688507	0.36934838
688508	0.54159236
688509	2.076606
688510	1.2929963
688511	0.8901534
688512	0.6368282
688513	3.8488152
688515	-2.4228299
688516	-1.5936171
688517	-1.0986269
688518	5.262039
688519	2.385168
688520	3.7935555
688521	1.5559871
688522	2.041656
688523	-7.008685
688525	3.540301
688526	4.1775966
688528	3.8810508
688529	3.248057
688531	0.38365975
688533	3.3530717
688535	2.500737
688536	2.3052886
688538	4.2651014
688539	2.2172651
688543	-0.69168824
688548	1.0672886
688549	2.5203671
688550	0.9483468
688551	3.3480744
688552	-1.33309
688553	3.1495261
688556	1.1077847
688557	2.1068096
688558	3.6837375
688559	0.80861104
688560	1.3243017
688561	2.4788823
688562	1.8770788
688563	1.2038492
688565	3.2011619
688566	3.5391738
688567	3.3031611
688568	3.445338
688569	1.7791827
688570	4.6434326
688571	3.0077384
688573	6.281832
688575	3.9280884
688576	3.874971
688577	3.3133748
688578	3.562718
688579	1.7417625
688580	4.0996113
688581	-1.023852
688582	1.555064
688584	0.8151477
688585	3.9911652
688586	2.177459
688588	3.165882
688589	3.020865
688590	0.8664361
688591	-0.5805844
688592	-0.11440269
688593	2.620094
688595	1.9322796
688596	2.430795
688597	4.990255
688598	0.57496
688599	2.632187
688600	3.0256352
688601	3.7180164
688602	2.1193058
688603	-3.1042266
688606	1.7858641
688607	3.3077743
688608	1.1259997
688609	-2.6029751
688610	2.079443
688611	2.4036195
688612	2.5762937
688613	-9.620638
688616	2.67487
688617	4.5130014
688618	1.4569172
688619	2.3031058
688620	2.1757674
688621	3.64015
688622	3.3055565
688623	3.6933086
688625	2.8587964
688626	3.4532247
688627	1.888794
688628	1.5422506
688629	-3.561671
688630	1.8902363
688631	-3.3037682
688633	2.5857189
688636	-3.5427399
688638	2.869001
688639	5.6154146
688646	0.5378185
688648	-2.9392705
688651	-5.744302
688652	-2.4461186
688653	3.1155686
688655	-0.00894928
688656	3.5303345
688657	2.1811836
688658	2.948345
688659	2.5647485
688660	3.8073177
688661	4.081165
688662	0.4316987
688663	4.695257
688665	2.2611728
688667	4.6918397
688668	-0.15442325
688669	2.7707107
688670	2.2237592
688671	0.47679338
688676	4.716575
688677	4.839894
688678	0.683046
688679	2.9620373
688680	0.64194727
688681	2.9582736
688682	-2.3904366
688683	3.7750008
688685	1.6594483
688686	4.407441
688687	2.6291008
688689	1.9435714
688690	4.660565
688691	3.150423
688693	-5.867013
688695	-1.3917601
688696	4.248988
688697	-0.22026846
688698	3.2677186
688699	0.04470537
688700	4.3928475
688701	0.7445458
688702	-1.8335956
688707	-0.32831892
688709	0.7905855
688711	1.9392973
688716	1.3818146
688717	1.2487338
688718	2.7294621
688719	2.8967636
688720	-1.9330107
688722	2.8051553
688728	1.9402049
688733	1.2746216
688737	2.2914107
688739	3.3563218
688766	-0.16124687
688767	3.5855088
688768	2.4808373
688772	0.8580662
688776	2.2271228
688777	1.2426072
688778	2.6584587
688779	2.8220248
688786	1.5042069
688787	1.3566291
688788	2.5156426
688789	2.4488282
688793	-1.7284971
688798	0.28473607
688799	2.4370246
688800	3.668888
688819	4.0577044
688981	3.6293006
689009	1.5009553
