1	4.003289
2	-0.93530685
4	-2.8450532
6	0.24521291
7	1.1330367
8	-2.8551784
9	3.6639092
10	-2.057827
11	-4.217382
12	4.608482
14	-1.7225901
16	-17.848825
17	-3.8469474
19	4.0955153
20	-2.9742942
21	-0.24274206
25	3.1293013
26	3.5718093
27	3.5638108
28	3.8082752
29	3.7802093
30	2.7555587
31	3.5108314
32	-0.549744
34	-1.080213
35	2.84227
36	2.3864682
37	1.3247392
39	2.118248
40	2.194252
42	-0.50628465
45	-2.8136947
48	2.8362157
49	-1.1272025
50	3.0149043
55	3.9608655
56	-3.0872207
58	-2.1748884
59	3.9896984
60	2.5251203
61	4.5460424
62	-5.749964
63	0.58450526
65	3.0400515
66	1.888533
68	-2.2245045
69	1.5882137
70	1.336601
78	2.0179424
88	4.146722
89	2.9429803
90	2.6748586
96	4.0882635
99	-5.3721957
100	2.8563113
151	-0.01211741
153	1.818238
155	2.6414945
156	3.9063354
157	2.7051532
158	-2.3553674
159	0.049687475
166	5.167573
301	3.603808
333	4.6647162
338	-0.2331152
400	1.398089
401	4.2898674
402	-0.7908355
403	1.8259716
404	2.0483353
407	2.8749893
408	2.661054
409	1.7131631
410	2.3836207
411	3.76315
415	1.5507379
417	3.4812064
419	3.7862656
420	1.3800118
421	-6.0530987
422	0.93342704
423	1.894509
425	3.3464284
426	0.3225659
428	1.8627994
429	4.4889145
430	0.38254568
488	4.0029287
498	4.531434
501	2.9844098
503	-0.45868546
504	0.10258098
505	3.6458092
506	3.5679793
507	3.805294
509	-3.7065578
510	3.3294308
513	3.938506
514	-1.8019708
516	3.1055138
517	3.1640396
518	-2.142641
519	0.50868887
520	-1.544954
521	-0.71955633
523	3.8136547
524	-2.072189
525	2.8090596
526	-0.017728398
528	0.42478734
529	3.129711
530	3.5611095
531	2.8515592
532	-4.5297036
533	2.7307708
534	3.7247968
536	-9.841075
537	2.901963
538	4.6912155
539	3.0546885
541	3.3746502
543	1.6781557
544	2.7435231
545	-14.002109
546	1.5979472
547	-5.1804314
548	1.9194887
550	-8.038834
551	3.7911172
552	3.1830652
553	3.8436165
554	3.044833
555	-0.19251232
557	4.037895
558	-1.1021636
559	3.9598851
560	-2.1376705
561	1.5989915
563	4.211651
564	2.5736506
565	3.2914138
566	0.8566984
567	2.5150237
568	1.534488
570	3.069688
571	2.439506
572	-7.0957365
573	2.5748363
576	2.134336
581	2.3812273
582	4.0274997
584	-2.5002334
586	-3.4188004
589	1.1377004
590	2.8693368
591	2.987733
592	2.0230331
593	2.8232741
595	-9.496498
596	1.4903175
597	-2.8728435
598	3.3025792
599	3.3258057
600	0.61309874
601	2.8019006
603	-1.5576291
605	3.646503
607	4.313322
608	1.3486624
609	0.21228413
610	-1.941837
612	0.26240873
615	2.6889713
617	2.2847219
619	3.5783038
620	1.6656917
622	-0.853953
623	4.0576506
625	3.0589776
626	1.4369013
627	2.2967386
628	-6.1491976
629	2.336129
630	0.8788063
631	3.3074863
632	1.2424064
633	1.7912128
635	4.0918493
636	-0.86760837
637	2.3958993
638	-0.32486224
639	-1.0319918
650	1.511611
651	4.4733167
652	3.4875488
655	3.2399979
656	-0.9889323
657	2.2161565
659	3.8907306
661	2.9558263
663	0.5430497
665	3.7314594
668	3.8237948
669	2.1033385
670	-4.9792786
672	1.141691
676	1.1176674
677	0.8965808
678	-8.913502
679	-3.5165992
680	-0.7386111
681	2.8484757
682	0.674827
683	2.8298821
685	4.3423605
686	2.178165
688	2.1084297
690	1.9393661
691	3.7908177
692	3.3869712
695	-5.305409
697	-2.1315854
698	4.131236
700	0.17578521
701	-1.7652378
702	-6.9277434
703	3.229734
705	-2.8796248
707	2.4877486
708	4.209502
709	3.498534
710	-1.9111573
711	3.601209
712	-14.930354
713	-3.154367
715	-1.3757199
716	-2.0289972
717	2.0149937
718	2.2452564
719	3.674868
720	2.5135598
721	-2.587214
722	0.5363452
723	2.9474425
725	2.5785322
726	2.7405162
727	2.266633
728	3.8602264
729	4.6268454
731	3.545641
733	2.2606606
735	0.25764275
736	0.25772887
737	-5.8103065
738	2.0092323
739	2.5091739
750	3.278975
751	2.8533669
752	3.4574533
753	3.319181
755	-11.957409
756	-3.4538722
757	-2.7635314
758	0.17135637
759	-1.8653084
761	3.4553585
762	-6.117367
766	4.084218
767	4.3350782
768	2.6177661
776	3.866649
777	-0.1584582
778	3.7519348
779	2.3700275
782	3.6806965
783	3.8844352
785	3.3748226
786	2.6993806
788	3.7251687
789	3.8511071
790	3.3251538
791	2.9539578
792	3.1139514
793	-5.6297607
795	2.1937778
796	2.0821002
797	0.53968275
798	4.115699
799	0.534805
800	2.9650617
801	-3.2633584
802	2.9537754
803	2.359525
807	0.8820093
809	3.7209601
810	-14.921869
811	1.3928897
812	2.4294112
813	2.5063565
815	2.29139
816	1.7104652
818	5.2838087
819	0.69867814
820	-8.310953
821	2.1010387
822	3.2070127
823	0.55983317
825	3.7104905
826	-3.303032
828	-1.9892727
829	-7.808192
830	0.88573873
831	1.5053236
833	4.422148
837	-0.76650596
838	2.1194336
839	3.2023907
848	4.0032506
850	4.5375223
851	-0.70302504
852	3.552053
856	3.1095586
858	3.3462987
859	1.7017858
860	0.30118036
862	2.171589
863	1.7046553
868	-6.2734723
869	4.2339373
875	1.7389244
876	3.8576813
877	3.5877986
878	0.13163349
880	-0.24700797
881	2.372803
882	2.3927999
883	3.0951324
885	3.583093
886	0.69838077
887	2.18251
888	-1.8550056
889	1.9584299
890	-6.020823
892	-1.0613863
893	2.8951066
895	4.199137
897	1.7001007
898	3.7137456
899	-0.28523624
900	4.154373
901	-3.7025523
902	4.3819056
903	2.435043
905	4.057709
906	2.9073873
908	-7.4531136
909	3.285574
910	5.037054
911	3.6537795
912	3.9632804
913	-1.7119195
915	2.0832448
917	2.804853
919	4.2018986
920	3.3778396
921	2.183907
922	0.3205307
923	1.5824708
925	0.80258167
926	3.640145
927	4.5547853
928	3.658671
929	-0.026974255
930	3.911591
931	3.86856
932	3.0546365
933	2.6553283
935	3.4613495
936	-6.4923983
937	1.9966965
938	-0.23940055
948	-0.9514996
949	-1.4964683
950	4.147662
951	1.4234568
952	-3.1602724
953	-3.6503608
955	-2.132045
957	-2.3342159
958	4.988814
959	4.135468
960	0.91296196
962	3.3425624
963	3.990696
965	1.3390843
966	3.5049396
967	4.430249
968	3.0720055
969	2.499213
970	4.2500463
972	-3.5154138
973	2.629084
975	2.5162206
977	-1.8125069
978	1.6400347
980	-0.79137033
981	-2.3012052
983	2.703671
985	3.5057273
987	3.9369557
988	1.274504
989	2.755812
990	1.9316149
993	2.3757856
995	-4.4638643
997	1.9391342
998	1.7537285
999	3.6317837
1201	0.7960347
1202	3.5007796
1203	3.369701
1205	2.514827
1206	0.7289076
1207	1.8905001
1208	-4.253504
1209	1.7395627
1210	1.4911007
1211	2.7180877
1212	-3.6345444
1213	3.2020957
1215	1.1267859
1216	-1.9018402
1217	0.48132068
1218	3.0506463
1219	-3.631621
1222	3.169939
1223	-2.2914653
1225	3.9607453
1226	-1.9627669
1227	2.9079714
1228	1.0850179
1229	-5.5807047
1230	-3.6729019
1231	-2.4359128
1234	-2.4086132
1236	-7.906007
1238	3.2494202
1239	-5.206466
1255	0.5810406
1256	2.256481
1258	1.7563505
1259	-2.1507895
1260	-0.14144947
1266	-6.3941636
1267	0.72792965
1268	1.8547491
1269	-5.2343817
1270	-4.4175158
1278	0.8625881
1282	0.33403152
1283	-4.337482
1286	2.9957166
1287	-4.1999764
1288	0.6125692
1289	1.9296967
1296	1.7612245
1298	-21.030357
1299	-0.30345553
1300	-0.7258197
1301	-1.2073842
1306	-0.75399816
1308	-1.5202663
1309	-0.178406
1311	1.8193378
1313	-6.3971586
1314	-11.400159
1316	-6.2837934
1317	-13.283691
1318	2.6987724
1319	-4.9151278
1322	1.5279961
1323	3.2494435
1324	0.75633514
1326	0.8750513
1328	-0.26296562
1330	-0.3688577
1331	1.0335991
1332	-0.031879622
1333	0.626169
1336	-4.9431167
1337	-0.71788704
1338	1.234074
1339	1.2175972
1358	-18.962708
1359	-4.1887703
1360	-2.6102314
1366	-2.1384447
1367	-2.8691382
1368	-0.82041585
1373	-3.3299756
1376	-1.492114
1378	-2.2542083
1379	-34.95754
1380	-2.7267337
1387	-3.7966962
1389	-2.0299082
1696	-2.4382558
1872	3.805856
1896	1.6072538
1914	1.5599425
1965	5.101783
1979	3.207513
2001	-1.0248079
2003	1.5141304
2004	5.3483825
2005	4.7226496
2006	2.6187963
2007	2.7435076
2008	0.15685719
2009	-7.204792
2010	4.2382345
2011	2.0160713
2012	-0.19763908
2014	4.5025735
2015	0.77434826
2016	3.5000374
2017	1.0158492
2019	2.4570765
2020	1.6181247
2021	-7.184575
2022	-5.3515215
2023	-0.8119713
2024	3.3268342
2025	3.2276237
2026	1.2740737
2027	2.6192915
2028	3.328055
2029	3.973137
2030	-16.900024
2031	0.66759557
2032	4.8242865
2033	-0.10046117
2034	3.4507706
2035	-1.2702249
2036	-3.5181916
2037	-16.871618
2038	0.60791343
2039	2.4840164
2040	4.109288
2041	2.0465007
2042	1.5079839
2043	2.4522624
2044	3.5532994
2045	-3.6242416
2046	-2.8699973
2047	-3.6886349
2048	1.8534801
2049	1.8698311
2050	0.79408324
2051	4.2203765
2052	-6.928241
2053	2.0902824
2054	3.3063636
2055	-5.942035
2056	3.379991
2057	3.3297143
2058	-0.9600731
2059	-2.7463856
2060	1.4107075
2061	4.248895
2062	3.5184045
2063	2.457746
2064	2.9933798
2065	3.4007735
2066	3.6396286
2067	-5.273673
2068	3.3293602
2069	2.597166
2072	-7.5038934
2073	1.1981373
2074	2.7881322
2075	-8.382006
2076	-0.8963884
2077	-2.4393215
2078	2.6633115
2079	1.8248173
2080	3.7645073
2081	4.473996
2082	1.3035905
2083	3.1855888
2084	1.259886
2085	-4.6012526
2086	-0.5766474
2088	3.6076043
2090	2.2601116
2091	3.4359536
2092	3.1773708
2093	2.1163583
2094	-9.461637
2095	2.4755745
2096	1.0515561
2097	0.9482676
2098	3.5621057
2099	2.913118
2100	1.2231677
2101	1.3906451
2102	-4.892192
2103	2.5618634
2104	0.86277455
2105	3.8004215
2106	1.7578957
2107	3.342039
2108	4.1883793
2109	3.6974285
2110	3.8699489
2111	0.03284847
2112	2.7159915
2114	1.211537
2115	-1.470213
2116	1.1284269
2117	3.1359763
2119	-0.71259445
2120	4.2086697
2121	2.883712
2122	1.6986071
2123	0.9111436
2124	3.4726765
2125	1.9323151
2126	1.5509479
2127	2.2325234
2128	2.4032998
2129	-0.18409343
2130	-4.2300005
2131	1.4460714
2132	3.62254
2133	1.5022525
2134	0.010017509
2135	3.9382043
2136	-3.6627629
2137	1.5907605
2138	-0.5064865
2139	0.18169539
2140	2.5125813
2141	-0.96159345
2142	3.421189
2144	0.86117935
2145	-2.4323864
2146	-1.4307466
2148	3.0935726
2149	1.4214877
2150	0.96295226
2151	0.06484692
2152	2.4646542
2153	2.1952097
2154	3.6895192
2155	-0.73770976
2156	2.4595122
2157	2.0535927
2158	2.1119769
2159	0.89129865
2160	3.296692
2161	1.1760699
2162	0.9961392
2163	3.86969
2164	2.1728637
2165	0.14106564
2166	-2.1518106
2167	-4.5378685
2168	-12.986338
2169	3.8043036
2170	-1.5767016
2171	2.8184042
2172	3.0711174
2173	0.3351168
2174	2.3437066
2175	-2.9909482
2176	1.4243723
2177	-9.046175
2178	-2.5929167
2179	3.8676956
2180	2.38937
2181	4.01241
2182	1.597464
2183	3.8984032
2184	1.6468399
2185	1.1628982
2186	1.2853416
2187	4.0069184
2188	-1.266667
2189	-4.972199
2190	2.1583896
2191	3.5533047
2192	-2.5898108
2193	-1.978
2194	2.3244944
2195	1.5460618
2196	-6.086071
2197	2.3852572
2198	1.4388525
2199	-10.102574
2200	2.78226
2201	-1.8829544
2202	1.7906954
2203	4.188216
2204	2.9327366
2205	-2.33604
2206	1.6523861
2207	-4.543891
2208	3.6634994
2209	-0.975992
2210	2.3571994
2211	3.108085
2212	1.3303133
2213	-0.21440792
2214	0.2776826
2215	0.55812293
2216	3.5430064
2217	0.35685784
2218	0.37870318
2219	-1.7687283
2221	4.745083
2222	0.95345
2223	3.144771
2224	3.4243011
2225	1.359702
2226	3.0741687
2227	3.0108924
2228	4.132231
2229	1.3903725
2230	2.4717681
2231	-0.46072096
2232	-0.18062381
2233	2.9443424
2234	2.2695029
2235	2.8442001
2236	2.2484193
2237	1.8157051
2238	2.955089
2239	2.8367333
2240	0.6567315
2241	-1.0465422
2242	3.3268173
2243	1.651941
2244	-2.2813313
2245	1.3232678
2246	-12.657986
2247	1.9288356
2248	-6.3233886
2249	2.9983678
2250	2.8536277
2251	1.1037253
2252	3.9160697
2253	-2.7137873
2254	2.3152838
2255	-0.56815946
2256	-10.451469
2258	2.987019
2259	2.9743102
2261	0.78216326
2262	4.371818
2263	3.940155
2264	1.2928994
2265	3.2271285
2266	4.8652687
2267	2.590361
2268	2.567018
2269	0.3361049
2270	3.8045952
2271	4.55525
2272	-9.152213
2273	-3.364317
2274	2.439191
2275	5.371769
2276	2.0731106
2277	3.0000074
2278	-5.795004
2279	-2.3073559
2281	0.24400668
2282	1.272125
2283	0.44807068
2284	-1.5857767
2285	-9.005667
2286	2.0915573
2287	5.433857
2289	2.7434409
2290	2.5949492
2291	-5.595537
2292	0.112811126
2293	3.5769646
2294	4.5324254
2295	2.9242733
2296	-1.8869355
2297	0.07884906
2298	-2.4248514
2299	3.4298508
2300	3.3561401
2301	-1.0962884
2302	3.1207469
2303	-9.806476
2304	3.9133935
2305	-4.0821357
2306	1.0811372
2307	0.67383957
2308	-2.8175907
2309	-5.1077952
2310	-0.9391464
2311	3.8681087
2312	2.3570976
2313	0.029995585
2314	1.5138714
2315	-2.9236312
2316	-0.3285674
2317	-4.369483
2318	2.6896174
2319	1.9548492
2320	3.9040399
2321	2.3676362
2322	-0.32543683
2323	0.18569306
2324	3.6257153
2326	3.4518104
2327	4.600268
2328	2.5434184
2329	-1.0611131
2330	3.144808
2331	-2.7883315
2332	0.8267641
2333	3.788152
2334	0.80646867
2335	-0.2133067
2336	2.7387004
2337	0.6936931
2338	0.0922138
2339	-4.837552
2340	0.9712181
2342	2.2282157
2343	-9.785334
2344	4.136192
2345	2.324108
2346	3.527865
2347	-3.4425273
2348	0.09973665
2349	-0.4673295
2350	0.10330035
2351	-1.6566455
2352	4.3182807
2353	1.1339381
2354	-1.5989665
2355	-4.3370523
2356	-6.06868
2357	-7.7995744
2358	2.8502629
2360	3.0984979
2361	2.0054688
2362	1.2563521
2363	3.212661
2364	0.09462763
2365	0.32495254
2366	-1.6000521
2367	2.0870233
2368	0.3406968
2369	-2.5559545
2370	-19.552645
2371	1.9951538
2372	4.5367017
2373	0.2766869
2374	1.775732
2375	3.9685001
2376	3.8762004
2377	-1.7859123
2378	1.7633616
2379	1.7491564
2380	-0.9333798
2381	3.5335407
2382	4.32942
2383	-2.0017955
2384	-2.6328406
2385	3.172471
2386	3.4950993
2387	2.9399304
2388	-13.421707
2389	-1.1193547
2390	3.4674098
2391	4.310096
2392	3.4013069
2393	3.8417652
2394	3.667415
2395	-5.9025006
2396	3.8884099
2397	-0.6994804
2398	2.9099612
2399	4.5957475
2400	1.4891795
2401	2.769656
2402	1.940898
2403	-16.030876
2404	3.226806
2405	-5.9670687
2406	-0.1523477
2407	3.4933095
2408	2.6901221
2409	1.29914
2410	2.71748
2412	3.1645722
2413	-0.8797883
2414	0.30750003
2415	4.0285044
2416	-1.3938266
2418	-7.9054437
2419	3.512093
2420	-2.138854
2421	3.3377044
2422	3.899543
2423	3.5525177
2424	2.4720569
2425	-13.364965
2426	-2.3030822
2427	3.1887805
2428	-3.251287
2429	2.3199956
2430	2.840209
2431	0.31202704
2432	0.9264094
2434	3.83755
2436	-3.4303043
2437	0.19702461
2438	0.29332402
2439	2.9995801
2440	4.911434
2441	3.5361972
2442	2.440623
2443	3.193377
2444	1.1639332
2445	2.462452
2446	1.5848503
2448	1.6935892
2449	-0.7879145
2451	3.0116968
2452	1.0385746
2453	4.4252653
2454	1.8318752
2455	0.0031744838
2456	-5.9830465
2457	-1.8664048
2458	3.2604718
2459	-1.2672837
2460	-0.85835
2461	4.9921722
2462	4.261871
2463	2.1068258
2465	1.4052271
2466	-0.05472756
2467	3.1442604
2468	3.237311
2469	3.4830127
2470	3.5228264
2471	-0.69889367
2472	1.6393725
2474	3.216517
2475	1.8356915
2476	1.9372375
2478	1.9998649
2479	4.106277
2480	-0.6703478
2481	1.837381
2482	0.9461757
2483	1.4315231
2484	2.1276684
2485	4.4758883
2486	2.7561638
2487	1.0500374
2488	-2.9452045
2489	4.0526023
2490	1.3412306
2491	1.4025854
2492	3.5900254
2493	4.855441
2494	3.3413272
2495	-0.85793704
2496	0.3989487
2497	2.3619285
2498	3.5510345
2500	4.214138
2501	2.5342994
2506	2.585803
2507	2.190736
2508	2.29075
2510	0.01787443
2511	3.6484542
2512	-1.651692
2513	-0.54132587
2514	1.9844688
2515	2.2963638
2516	3.6959877
2517	2.6390033
2518	2.469524
2519	-3.669141
2520	-1.1740144
2521	-1.2156676
2522	3.1832776
2523	4.3277426
2524	1.4778668
2526	1.4096849
2527	-9.245679
2528	3.2630558
2529	-5.124096
2530	1.7318859
2531	1.7669398
2532	2.7235456
2533	2.3300354
2534	2.502852
2535	-1.7740078
2536	-0.2169526
2537	-0.096842706
2538	4.5311036
2539	2.6463706
2540	2.547037
2541	2.0902562
2542	-0.5809133
2543	3.3559718
2544	1.9502299
2545	2.5712147
2546	3.1106668
2547	-12.707849
2548	1.9630506
2549	-0.12502736
2550	3.9469872
2551	3.7473216
2552	0.7360602
2553	-9.00736
2554	1.4347999
2555	0.36681873
2556	-1.6484095
2557	1.5440524
2558	1.7340683
2559	-0.11010506
2560	0.6930921
2561	-2.0173879
2562	-3.0455678
2563	2.7545788
2564	1.796024
2565	-0.91591513
2566	3.6511931
2567	1.6133951
2568	-0.34899163
2569	1.3443291
2570	2.9032693
2571	3.3605728
2572	-0.6153128
2573	2.7921343
2574	2.1090374
2575	2.5072045
2576	-3.5383267
2577	-16.350647
2578	2.3333237
2579	-3.2952905
2580	3.754168
2581	2.4896197
2582	0.36809033
2583	0.57165426
2584	-1.8864529
2585	2.077477
2586	3.1620774
2587	-4.617909
2588	3.4434853
2589	3.9247868
2590	-2.108171
2591	-1.9960912
2592	2.0817866
2593	2.5542858
2594	2.181447
2595	3.9818814
2596	-8.926134
2597	1.7668463
2598	3.041058
2599	-6.009841
2600	-4.8025494
2601	3.3231666
2602	1.7728717
2603	-1.1981369
2605	-0.10631846
2606	-0.61029524
2607	-5.986992
2608	3.2234478
2609	1.5412192
2611	-10.813219
2612	2.2533233
2613	1.1455029
2614	3.6231313
2615	-0.95567673
2616	2.7074687
2617	0.18834846
2620	-0.6776243
2622	1.7455801
2623	2.9333038
2624	-0.39152247
2625	1.5338485
2626	-1.0523268
2627	1.226011
2628	-1.5824727
2629	-3.1979358
2630	0.8571514
2631	-6.03983
2632	-2.030188
2633	-2.352696
2634	4.4320097
2635	-1.0098205
2636	2.7784572
2637	2.6255455
2638	1.4240923
2639	-3.1947942
2640	-7.59037
2641	3.9669266
2642	-15.073959
2643	2.1991134
2644	-1.8966753
2645	-0.63367397
2646	2.1267116
2647	-13.004512
2648	2.560161
2649	1.9532928
2650	2.0780292
2651	0.1640098
2652	-1.933737
2653	2.77653
2654	-2.7571921
2655	-3.6456294
2656	1.5603149
2657	-0.90113956
2658	-1.5457637
2659	-10.791061
2660	2.002705
2661	3.5163627
2662	2.152205
2663	3.8130412
2664	2.6516738
2666	1.7448947
2667	-16.997738
2668	-2.3245938
2669	0.99415797
2670	-8.660299
2671	2.9098268
2672	2.1368482
2673	3.782246
2674	3.6203666
2675	3.1813252
2676	1.4565538
2677	3.4672818
2678	1.825814
2679	0.92984354
2681	-1.8343918
2682	-5.8489304
2683	1.6090872
2685	-7.4514437
2686	2.6636643
2687	3.2240252
2688	3.735379
2689	-1.069598
2690	2.9001753
2691	-7.570775
2692	3.900119
2693	-10.367194
2694	2.4669137
2695	-2.0294862
2696	2.261549
2697	-0.21419647
2698	-2.6104634
2700	3.6432877
2701	4.52484
2702	1.512091
2703	-2.924424
2705	1.948251
2706	1.6395985
2707	-4.0441413
2708	-3.5770278
2709	1.1879313
2712	1.947847
2713	-4.0352125
2714	2.500278
2715	-0.34194395
2716	-0.7917017
2717	-15.733792
2718	2.153556
2719	-0.19164573
2721	3.9722123
2722	3.069777
2723	1.3857372
2724	2.0726933
2725	1.5995455
2726	3.0447164
2727	1.234999
2728	-0.32977253
2729	-8.70271
2730	2.0698793
2731	0.17684908
2732	3.771443
2733	3.3253453
2734	2.4195113
2735	-3.9408977
2736	5.6175222
2737	2.3591645
2738	1.8151554
2739	1.0018928
2741	-1.4475968
2742	3.5827346
2743	3.6504188
2745	1.4744644
2746	3.5116718
2747	-0.7329023
2748	0.61040795
2749	2.6501641
2750	0.77959424
2752	3.2710445
2753	1.7211545
2755	3.6975543
2756	-1.7155201
2757	2.1982818
2758	3.9504313
2759	1.9367325
2760	-2.6672606
2761	-1.7147341
2762	1.3565892
2763	3.8943934
2765	3.4319634
2766	-2.703236
2767	-2.9236033
2768	2.7618134
2769	0.88025904
2771	-8.951521
2772	-2.136861
2773	3.542543
2774	3.326962
2775	0.5001339
2777	-0.58246666
2778	-0.6872774
2779	4.282498
2780	-3.5732925
2782	2.5681655
2783	0.48593998
2785	-3.388523
2786	-1.8781214
2787	1.5427338
2788	3.0390217
2789	2.0895684
2790	0.72455263
2791	1.7219206
2792	-5.8705664
2793	2.6557076
2795	0.9174057
2796	-10.24213
2797	3.445406
2798	3.111649
2799	1.4937521
2800	0.687565
2801	2.7242508
2802	3.6467183
2803	1.1654221
2805	-6.2356873
2806	-6.603607
2807	2.6026022
2808	0.15201311
2809	-0.23063748
2810	-3.7007728
2811	3.6489396
2812	2.7567198
2813	-2.257075
2815	1.9987957
2816	4.2426434
2817	3.4042614
2818	3.4318662
2819	-8.061742
2820	0.21395168
2821	1.4748509
2822	2.9365323
2823	-5.8128023
2824	-10.97282
2825	3.3284802
2826	2.5325603
2827	-16.4856
2828	-5.248422
2829	-18.13384
2830	3.8438218
2831	2.8466318
2832	3.358733
2833	2.3582501
2835	-1.1367097
2836	1.3145325
2837	-0.09526268
2838	2.2972836
2839	3.0606408
2840	3.9725385
2841	3.633873
2842	1.4148419
2843	-7.4719934
2845	-0.8776733
2846	-0.02138533
2847	2.9292693
2848	1.3707088
2849	3.1999803
2850	-0.10184834
2851	-0.40760198
2852	0.72316253
2853	3.3313363
2855	-3.2125485
2856	0.5776676
2857	-5.3307524
2858	0.6374546
2859	2.5487583
2860	1.4612384
2861	-11.509478
2862	0.92016953
2863	1.4018838
2864	-3.1728206
2865	-5.912737
2866	1.6724336
2867	5.083416
2868	0.0341111
2869	0.7334064
2870	3.1768107
2871	-0.37814513
2872	0.74115145
2873	-5.7669134
2875	-3.822516
2876	-0.5339986
2877	1.7006775
2878	-2.087662
2879	2.8754838
2880	3.8576539
2881	-3.9574158
2882	-5.083257
2883	-1.4506615
2884	2.8434272
2885	1.1198474
2886	-0.91917837
2887	0.34274453
2888	-12.584689
2889	-3.038244
2890	-2.5746722
2891	-1.6134336
2892	-2.6025639
2893	2.3977618
2895	1.7123299
2896	-4.594536
2897	-4.7750626
2898	-0.016116917
2899	2.8647885
2900	0.6580677
2901	3.0654204
2902	-7.153041
2903	-3.6325126
2905	-4.416412
2906	1.5915619
2907	-1.723348
2908	1.6788927
2909	2.631713
2910	3.1879945
2911	4.611642
2912	1.4798434
2913	-0.12141125
2915	-13.116511
2916	1.1758853
2917	-0.55598897
2918	2.2866538
2919	-19.31073
2920	-1.30813
2921	3.3819613
2922	-1.8459762
2923	0.3607989
2925	2.1467478
2926	4.1040125
2927	-2.723981
2928	-0.08890138
2929	1.2102907
2930	5.0372496
2931	1.5304558
2932	-3.3249574
2933	2.6941516
2935	0.1502026
2936	3.455302
2937	1.0738037
2938	0.93058807
2939	4.239805
2940	0.52241427
2941	-0.64076257
2942	2.797502
2943	0.24549422
2945	2.6761358
2946	3.4893947
2947	-6.860704
2948	3.6090984
2949	3.1701741
2950	3.6673152
2951	3.2365212
2952	-9.904995
2953	2.505448
2955	-0.0806157
2956	4.0679135
2957	-2.8256803
2958	3.3162866
2959	2.6003222
2960	2.2494245
2961	-0.2645926
2962	-4.994474
2963	0.26197952
2965	1.6311424
2966	2.9709094
2967	2.1252453
2968	-0.5688922
2969	3.0439548
2970	-0.6579451
2971	5.036893
2972	-1.1301618
2973	-0.029990932
2975	-0.07643285
2976	-0.1662173
2977	-5.6286707
2978	1.3918164
2979	-5.4937325
2980	0.33782515
2981	-4.882924
2982	-2.607832
2983	1.0930268
2984	1.0310495
2985	0.22525689
2986	-2.7441382
2987	-6.828134
2988	3.2438977
2989	-1.2539443
2990	1.7348284
2991	-1.2101574
2992	1.9981441
2993	3.6084538
2995	-3.5753486
2996	2.2841945
2997	-1.2823925
2998	3.054133
2999	2.2082353
3000	-2.2575371
3001	-20.45842
3002	-1.8626587
3003	3.3767364
3004	-1.0081173
3005	-3.0887325
3006	1.8357763
3007	0.9725584
3008	-0.5367494
3009	0.9359083
3010	-2.0941615
3011	1.6467102
3012	3.8160477
3013	2.9186075
3015	-6.173423
3016	3.8743339
3017	3.835858
3018	2.9717903
3019	-0.6571164
3020	3.4015083
3021	-2.129354
3022	3.2518878
3023	2.0748277
3025	0.1656594
3026	-17.815151
3027	0.32517117
3028	1.9491253
3029	-4.2140574
3030	2.8634753
3031	0.5049063
3032	-4.070231
3033	3.3966193
3035	3.3224082
3036	3.8853545
3037	-1.3702145
3038	1.3637111
3039	2.6205482
3040	0.96356535
3041	2.802218
3042	1.5228472
3043	-3.0284865
3816	4.002653
300001	1.1282268
300002	2.876531
300003	4.0853815
300004	-4.207942
300005	-3.135988
300006	1.9088825
300007	-0.55242664
300008	0.12859187
300009	2.4223292
300010	-8.391326
300011	-13.222315
300012	1.214186
300013	-20.07753
300014	1.8323368
300015	1.3069056
300016	2.4330318
300017	1.24172
300018	1.7779735
300019	3.0245347
300020	-2.05926
300021	0.86909854
300022	-0.37668452
300024	1.880278
300025	-0.3349401
300026	-1.253085
300027	-30.463665
300029	-11.616369
300030	-5.637128
300031	-2.4102597
300032	-13.360266
300033	-0.6805545
300034	-0.13150355
300035	2.0069497
300036	-2.1594043
300037	2.5208611
300039	-1.6570132
300040	-7.124593
300041	-4.188652
300042	-20.483274
300043	-7.8155046
300044	-5.381668
300045	-4.722518
300046	-0.40472054
300047	0.77888453
300048	2.8760972
300049	2.2810173
300050	-31.23648
300051	-3.5715756
300052	3.4342644
300053	-7.943143
300054	2.1059701
300055	1.3927481
300056	-0.16489813
300057	3.2750068
300058	2.9064822
300059	2.0305343
300061	-28.620676
300062	-2.2431893
300063	-9.326113
300065	0.78397614
300066	-6.7276793
300067	3.5734646
300068	3.9815736
300069	-8.513731
300070	3.2514648
300071	-7.47782
300072	0.3227276
300073	-11.693675
300074	-1.8455025
300075	0.20535393
300076	-10.062683
300077	-5.799945
300078	-13.793178
300079	-12.740722
300080	-2.7975514
300081	-4.466442
300082	-13.435666
300083	0.7185713
300084	1.9530303
300085	0.43138227
300086	-0.50548667
300087	-0.86751527
300088	-0.962082
300091	-6.187767
300092	-4.6494775
300093	-3.138256
300094	-4.9743953
300095	0.97067404
300096	-6.5862017
300097	-6.057646
300098	-7.907061
300099	-4.036632
300100	-5.1582475
300101	0.38830453
300102	-4.495487
300103	-0.32338837
300105	2.3179946
300106	0.42073298
300107	-6.476306
300108	-8.20542
300109	0.5535377
300110	-2.839993
300111	-9.969794
300112	2.901031
300113	-8.458796
300114	-0.2953078
300115	-0.58630013
300117	-11.110748
300118	-4.2373357
300119	2.8101523
300120	-8.703897
300121	1.9619303
300122	2.227359
300123	-4.0025015
300124	3.8260798
300125	-37.593983
300126	3.5238807
300127	2.3942912
300128	-3.8175876
300129	-0.45612064
300130	-4.9760313
300131	-12.215442
300132	-2.5706954
300133	-1.9090326
300134	2.4122806
300135	-3.1046596
300136	-3.8127694
300137	2.431343
300138	2.133991
300139	-9.94309
300140	2.057199
300141	-2.2831943
300142	1.881802
300143	2.9711218
300144	-0.014536375
300145	2.882928
300146	3.2952366
300147	-27.969614
300148	-13.142691
300149	-8.549349
300150	-8.0662365
300151	2.293187
300152	-7.211562
300153	-0.22027743
300154	3.6897445
300155	-7.4533324
300157	-14.025751
300158	-4.860704
300159	-6.913598
300160	3.17026
300161	-3.5723255
300162	-6.094121
300163	-4.9997244
300164	-6.0773325
300165	-11.460555
300166	2.8409567
300167	-2.4333587
300168	-3.9836192
300169	-9.807432
300170	3.2155902
300171	2.876194
300172	-8.151473
300173	-0.3997713
300174	3.198708
300175	-0.95513856
300176	-3.8287072
300177	-6.911242
300179	-3.8888545
300180	-13.399012
300181	2.5315297
300182	-1.2590988
300183	-8.967631
300184	-27.435867
300185	3.5997787
300187	-6.3604712
300188	1.4425752
300189	-10.063738
300190	2.9964771
300191	0.5726522
300192	-20.644331
300193	3.6090348
300194	0.88058406
300195	2.1865742
300196	3.4962108
300197	-3.3887906
300198	-9.839208
300199	-2.8809714
300200	1.7878449
300201	1.9160984
300203	2.7457936
300204	-10.329261
300205	6.2096214
300206	3.0884573
300207	-3.6629395
300208	-6.0643272
300209	-11.95809
300210	-0.61639696
300211	-12.169523
300212	2.5401683
300213	-2.0369315
300214	2.23107
300215	-4.5461397
300217	-0.6733122
300218	-1.0944028
300219	-4.3145757
300220	1.825831
300221	-1.6215887
300222	-1.0079532
300223	4.592845
300224	3.3276489
300225	0.80472535
300226	-2.2760074
300227	-0.73205626
300228	-5.0465207
300229	1.8978093
300230	3.4113884
300231	2.5961518
300232	1.7472417
300233	5.303458
300234	2.617932
300235	-5.280583
300236	1.6512867
300237	-0.18061522
300238	-1.2054169
300239	2.2789576
300240	-7.1848717
300241	-24.400766
300242	-13.326497
300243	-1.2889191
300244	-1.287912
300245	-2.997542
300246	2.6538298
300247	2.2808676
300248	1.845843
300249	1.5358222
300250	0.047176756
300251	1.7125947
300252	-9.02252
300253	0.27972057
300254	-9.047875
300255	-0.56527114
300256	-29.327435
300257	3.2767758
300258	2.1843286
300259	-2.995337
300260	3.1938481
300261	-7.267375
300263	0.6535441
300264	-6.6545496
300265	-5.3652925
300266	-4.207142
300267	-4.4221935
300268	1.2768892
300269	-20.923717
300270	-2.4292245
300271	2.1858094
300272	0.27008778
300274	2.4093947
300275	2.0279527
300276	-9.053862
300277	3.9132657
300278	-12.95019
300279	-2.1835964
300280	0.5162926
300281	-7.2748857
300283	0.5719632
300284	-5.7926073
300285	3.7600129
300286	2.0722985
300287	-7.5961432
300288	-1.1051366
300289	-0.36384135
300290	-5.8103495
300291	0.72281253
300292	-4.0455637
300293	-5.3094764
300294	4.3573713
300295	-6.2528257
300296	-9.712619
300298	3.1878438
300299	-21.800005
300300	-8.471019
300301	2.8550954
300302	-1.7329994
300303	4.0850244
300304	0.66338205
300305	2.0397582
300306	2.4962687
300307	1.037315
300308	3.2485764
300310	-8.024856
300311	5.6408157
300313	-3.2195487
300314	1.8864107
300315	0.22897692
300316	4.523824
300317	2.1522698
300318	-8.442728
300319	-2.139674
300320	1.8361008
300321	-0.9230819
300322	-13.230963
300323	-9.508081
300324	-1.1691685
300326	0.09838177
300327	-0.14216034
300328	-19.883377
300329	-10.284982
300331	-2.266302
300332	3.1966941
300333	-0.9627875
300334	-10.466138
300335	0.22608659
300337	-4.853463
300338	-7.0413575
300339	-0.56301874
300340	-3.3150773
300341	2.9581573
300342	-6.0451727
300343	1.458999
300344	-3.3155055
300345	-1.0646011
300346	-2.6637826
300347	1.5756922
300348	-4.3513002
300349	-7.316167
300350	-0.7489851
300351	-2.58491
300352	3.3325417
300353	-10.409919
300354	2.0330653
300355	2.2458942
300357	1.1767135
300358	2.1131768
300359	-15.984619
300360	0.9569432
300363	-0.5958059
300364	-2.6091049
300365	2.7222981
300366	-3.4988143
300368	-6.6132956
300369	-0.122608975
300370	-4.2373714
300371	-15.666494
300373	1.4866416
300374	-2.5253367
300375	-1.684198
300376	0.20931849
300377	-7.182164
300378	3.0940948
300379	-11.031146
300380	-7.43435
300381	-4.0962715
300382	1.3823591
300383	2.965796
300384	1.0596658
300385	-12.663036
300386	-6.813535
300387	-2.9073212
300388	3.938306
300389	2.501776
300390	1.3481262
300391	-3.5839038
300393	-0.43003026
300394	-3.0167394
300395	1.5076344
300396	-1.8075383
300397	-2.4608655
300398	1.8683636
300399	-14.867601
300400	-9.369582
300401	-2.1243167
300402	0.4098525
300403	-2.4074636
300404	-4.231154
300405	2.6597848
300406	2.3779626
300407	-6.8076453
300408	3.173956
300409	1.9085318
300410	-8.423857
300411	-2.0664067
300412	-10.637621
300413	3.36228
300414	2.1084986
300415	0.37208128
300416	-3.3770328
300417	-4.267479
300418	-3.977364
300419	-5.266504
300420	0.14953049
300421	-22.948164
300422	-5.1659226
300423	2.3861125
300424	-4.9002852
300425	1.7976526
300426	-7.5245895
300427	-1.6263027
300428	3.1619
300429	0.842214
300430	-6.04987
300432	-2.6329494
300433	-0.4673366
300434	1.3336989
300435	3.0305398
300436	-13.425524
300437	-2.823877
300438	-12.510443
300439	-3.3566594
300440	2.522845
300441	1.172718
300442	-3.1271198
300443	-2.0413542
300444	2.4940953
300445	2.2203755
300446	-4.7396936
300447	-2.7476928
300448	-10.839201
300449	-2.1309228
300450	1.7780117
300451	-2.5114532
300452	3.208507
300453	1.4490566
300454	2.6279802
300455	-4.5930395
300456	-2.5768223
300457	-1.9356464
300458	-0.6900566
300459	-2.4918842
300460	-16.64087
300461	-15.392987
300462	0.0013430119
300463	-3.429919
300464	-6.049785
300465	-6.052533
300466	-1.6829689
300467	-6.759294
300468	-13.695111
300469	-15.858429
300470	2.8240726
300471	-11.641159
300472	-18.587955
300473	-12.177915
300474	0.4849928
300475	0.6051046
300476	3.1075904
300477	-6.7579546
300478	-17.009022
300479	-2.1632621
300480	-3.7952232
300481	2.2847562
300482	1.4646881
300483	-0.94396603
300484	-6.9985533
300485	-1.4008087
300486	-2.85804
300487	1.6918844
300488	3.6948802
300489	-0.5148405
300490	-4.6064234
300491	-1.4369116
300492	0.83730185
300493	-4.1534853
300494	-7.2850738
300496	0.24415159
300497	-1.5304008
300498	2.8149536
300499	-3.6770546
300500	-3.5773118
300501	-0.60481954
300502	1.4720858
300503	-8.75158
300504	-18.220499
300505	-0.19798072
300506	2.66369
300507	-3.2372348
300508	-0.6125305
300509	3.9196663
300510	1.7769353
300511	-21.062714
300512	-2.4957538
300513	0.87715757
300514	-0.9311083
300515	2.1311197
300516	1.5482796
300517	-0.10064334
300518	-20.209381
300519	-7.575673
300520	-3.2327023
300521	1.0023218
300522	1.3626645
300523	1.387501
300525	1.063586
300527	3.2412121
300528	-4.8946085
300529	1.346319
300530	-6.085775
300531	-16.32515
300532	-8.752249
300533	-4.193465
300534	-3.4191089
300535	2.3655627
300536	-5.686672
300537	-3.1946998
300538	-3.993522
300539	-12.9286375
300540	2.6164155
300541	-4.18373
300542	-8.044588
300543	-10.635677
300545	-0.9312835
300546	-6.097823
300547	-0.1341381
300548	-3.8030343
300549	-4.6158867
300550	-0.42019254
300551	-6.500145
300552	-3.4609005
300553	-1.6939027
300554	-6.488591
300555	4.248961
300556	-7.5594435
300557	-2.538624
300558	1.2122759
300559	-3.4271057
300560	-6.716085
300561	-4.309974
300562	0.7309685
300563	-7.1007357
300564	-7.1056366
300565	0.29785243
300566	1.1014525
300567	-0.19097495
300568	1.7635343
300569	0.7409404
300570	-2.8983989
300571	0.68016297
300572	-2.026812
300573	4.993994
300575	1.2752645
300576	-2.528956
300577	2.3259842
300578	-0.26400867
300579	-2.5257554
300580	-0.30485788
300581	-2.726575
300582	-3.7979286
300583	-8.469274
300584	-24.653784
300585	-4.0315437
300586	-0.1726147
300587	1.838176
300588	1.436023
300589	-2.9438987
300590	-2.6163554
300591	-3.325992
300592	3.4757798
300593	0.6221073
300594	-5.528362
300595	1.6578228
300596	-0.80984575
300597	0.4176115
300598	-3.8649533
300599	-2.7941215
300600	1.9425036
300601	0.91957366
300602	-0.17002454
300603	-1.2526329
300604	-1.0770733
300605	-3.7569458
300606	-3.3376942
300607	0.19433868
300608	1.7404118
300609	-11.759401
300610	0.8546691
300611	-4.089253
300612	1.8310579
300613	-2.3782392
300614	1.1109421
300615	-16.37421
300616	1.9355972
300617	3.749871
300618	0.070590414
300619	-19.888958
300620	1.0107732
300621	-0.9335853
300622	-36.785725
300623	1.4719758
300624	1.2414259
300625	-0.5631117
300626	1.7471917
300627	-0.12285976
300628	3.327032
300629	0.8660904
300630	-28.289036
300631	-0.5677905
300632	-7.7312784
300633	2.857616
300634	5.027623
300635	-0.85554254
300636	0.9558177
300637	-5.524102
300638	1.3058903
300639	-21.625225
300640	4.0213194
300641	4.5736938
300642	-16.0003
300643	-1.1297901
300644	-3.226009
300645	0.43727756
300647	-18.50762
300648	-3.1488636
300649	-1.5972013
300650	-0.6880569
300651	-1.6506199
300652	1.7934872
300653	-0.33169046
300654	0.6024221
300655	1.5495017
300656	-9.061417
300657	-1.2170814
300658	3.3230171
300659	1.8252503
300660	1.4011866
300661	3.0862536
300662	1.6572988
300663	-3.4709637
300664	3.470448
300665	-15.984999
300666	-1.0701858
300667	-1.1665471
300668	0.71860325
300669	2.723341
300670	-0.77886117
300671	-5.5388103
300672	-0.073719345
300673	-0.4712545
300674	0.80211943
300675	-6.4923925
300676	3.0197275
300677	0.16634221
300678	1.4861647
300679	0.21100715
300680	-4.77524
300681	-0.4109425
300682	3.2838676
300683	-0.96838987
300684	-1.050894
300685	3.0842764
300686	-3.8846765
300687	1.7295935
300688	-2.6434307
300689	0.09954039
300690	-4.580962
300691	-7.141449
300692	-0.8428981
300693	-2.396278
300694	4.0116415
300695	-2.0260215
300696	-4.325972
300697	-0.44959316
300698	1.3473924
300699	2.2621684
300700	1.5446906
300701	0.38010582
300702	3.146061
300703	2.289096
300705	2.6803174
300706	-2.434465
300707	-2.1874092
300708	-2.3865473
300709	-3.147059
300710	-4.9514923
300711	-6.580199
300712	3.4697137
300713	-8.612714
300715	3.4500244
300716	-6.6004157
300717	2.5084987
300718	-21.413517
300719	-5.487961
300720	-20.311274
300721	-1.38434
300722	-9.685373
300723	4.5989485
300724	2.064346
300725	-1.1326109
300726	-10.14632
300727	-0.4999691
300729	2.0625396
300730	-5.3348894
300731	-3.5829659
300732	-4.5350823
300733	-2.421173
300735	-3.396441
300736	-0.7677395
300737	0.98049164
300738	-0.7258094
300739	-1.7919378
300740	3.7068672
300741	3.7438712
300743	0.47023097
300745	0.85634124
300746	0.41881028
300747	1.0539416
300748	3.169635
300749	3.6823616
300750	3.782678
300751	5.310595
300752	-1.9969451
300753	0.41244346
300755	2.3464017
300756	1.1778805
300757	-4.640828
300758	-2.7551684
300759	2.5929017
300760	3.8683064
300761	2.1398015
300762	-2.4322276
300763	2.3680038
300765	1.8027041
300766	2.271022
300767	0.3582938
300768	1.9827683
300769	0.5693962
300770	3.7250633
300771	-4.2554483
300772	-1.1350253
300773	-4.4969115
300774	-12.782913
300775	-1.3356508
300776	-1.1152076
300777	1.6816975
300778	-5.747827
300779	3.4036381
300780	-7.7929864
300781	-3.294827
300782	2.3960905
300783	-0.2751034
300785	0.92054254
300786	-0.5388398
300787	-13.510584
300788	-15.936961
300789	-5.01323
300790	-1.7117115
300791	2.3968787
300792	0.21910489
300793	-7.127505
300795	1.4114937
300796	1.9416707
300797	2.1484418
300798	1.4045085
300800	0.85943145
300801	2.3774962
300802	1.9334618
300803	-3.9058151
300804	0.9877108
300805	-6.5194807
300806	-7.8454485
300807	-2.4474647
300808	0.55663335
300809	-3.8743052
300810	-3.3717606
300811	0.7873832
300812	-1.7041178
300813	-4.61741
300814	-0.42140707
300815	2.2136128
300816	2.1910431
300817	-13.727122
300818	0.56192404
300819	2.4114575
300820	-4.754716
300821	3.041291
300822	-2.3803613
300823	-2.1018376
300824	-1.0814248
300825	-3.7993865
300826	-2.8585682
300827	-1.2419763
300828	-4.901973
300829	2.6159592
300830	2.0094779
300831	-0.077189006
300832	3.7427082
300833	1.6920096
300834	0.75193727
300835	-2.2587564
300836	-6.046516
300837	2.559385
300838	3.318496
300839	-16.866333
300840	0.40816393
300841	2.3257813
300842	-1.0841604
300843	-3.0051136
300844	-8.300893
300845	-5.7737956
300846	-0.30026042
300847	-0.2456441
300848	1.0001459
300849	3.287537
300850	-2.906235
300851	-9.659793
300852	2.4582734
300853	-18.871851
300854	-2.866773
300855	2.5524654
300856	3.4884357
300857	1.0159798
300858	2.5242133
300859	-0.7152101
300860	-3.3554444
300861	3.5101104
300862	-1.0315762
300863	-3.0175846
300864	1.1719868
300865	-1.9573917
300866	1.3282926
300867	3.4224162
300868	-8.266625
300869	2.101994
300870	0.58864754
300871	2.4282591
300872	-1.4413601
300873	0.34307384
300875	-27.43465
300876	2.153221
300877	3.762437
300878	-5.1505947
300879	-1.1787288
300880	-7.0739565
300881	-0.9243162
300882	0.14601907
300883	3.8431625
300884	2.7386656
300885	-6.890367
300886	-2.7707772
300887	-11.144846
300888	2.386233
300889	0.24744448
300890	-8.338197
300891	-8.706675
300892	-5.311881
300893	1.5039555
300894	-3.2376094
300895	-0.73584723
300896	1.7058856
300897	-9.304945
300898	0.21322839
300899	-2.075211
300900	-4.3190374
300901	1.3705223
300902	-0.01699028
300903	-1.9907621
300904	-5.606916
300905	-0.3322119
300906	-1.1591144
300907	2.1926012
300908	0.85250175
300909	1.6901219
300910	2.034608
300911	1.0152733
300912	-1.9520489
300913	-0.21037176
300915	1.7309042
300916	0.16238305
300917	-8.231172
300918	1.391425
300919	2.261105
300920	3.3841789
300921	-8.488283
300922	-3.587881
300923	-9.032734
300925	-0.811231
300926	0.73509216
300927	-12.12858
300928	-0.9320548
300929	-0.09177633
300930	-2.6219985
300931	-0.737808
300932	-0.29255924
300933	1.3229593
300935	-3.7858462
300936	-2.7791681
300937	-1.5703632
300938	-0.19200061
300939	-3.7068627
300940	-10.9628725
300941	-0.5545526
300942	-7.143199
300943	-6.996328
300945	-4.807054
300946	-2.6463761
300947	-8.113652
300948	0.7944214
300949	-25.39215
300950	-0.21370812
300951	-3.8777509
300952	1.2191033
300953	1.0958214
300955	-6.156038
300956	0.26477683
300957	3.1882453
300958	-2.419253
300959	1.8557985
300960	-8.144346
300961	-0.2784445
300962	2.3480587
300963	-4.2812567
300964	-8.2983465
300965	1.0539601
300966	-3.6391456
300967	-2.9276662
300968	-7.165744
300969	-3.0508142
300970	-8.082909
300971	-8.665125
300972	-12.124348
300973	-0.17108333
300975	-4.105998
300976	-5.0197654
300977	-5.635334
300978	-3.2871137
300979	4.632126
300980	-2.1529183
300981	-1.993372
300982	1.0315983
300983	-0.61153483
300984	2.4220169
300985	-11.590809
300986	-4.493229
300987	3.7222168
300988	-0.6532227
300989	-7.404921
300990	-2.6581328
300991	-2.593153
300992	1.9569485
300993	3.482788
300994	0.5243851
300995	1.2739924
300996	-0.77483547
300997	2.1544275
300998	2.030621
300999	1.9014766
301000	0.32913685
301001	-10.150152
301002	1.6100712
301003	1.1241872
301004	1.4945631
301005	-4.9619474
301006	1.0221031
301007	-5.915166
301008	-1.2204285
301009	3.2896187
301010	-8.938096
301011	-5.081416
301012	-1.0674084
301013	-0.25733286
301015	3.6310112
301016	-35.403046
301017	-2.3599696
301018	0.026535898
301019	3.524344
301020	0.62574494
301021	-8.190488
301022	-0.10296543
301023	-7.99581
301024	-6.8096466
301025	-3.552805
301026	-1.0776489
301027	-1.5372599
301028	3.5090504
301029	0.7566414
301030	-4.030693
301031	0.82686883
301032	-0.43698144
301033	-0.7744361
301035	2.8855536
301036	-8.424973
301037	1.5512006
301038	-3.3033652
301039	1.3850982
301040	-20.650187
301041	-1.7107346
301042	1.9098489
301043	1.6841682
301045	-3.1029959
301046	-1.2246557
301047	1.1446931
301048	-2.3211443
301049	-0.64922774
301050	-0.8645921
301051	-3.3504384
301052	-5.0377755
301053	0.6468057
301055	0.64645183
301056	-0.42951566
301057	0.251314
301058	1.0758398
301059	-0.5407429
301060	-17.20551
301061	1.2091248
301062	1.0243104
301063	-2.8053946
301065	-6.3107367
301066	-2.0215158
301067	-8.7216625
301068	0.8850667
301069	2.4742417
301070	-5.66162
301071	0.5761515
301072	-2.1931782
301073	-3.6100738
301075	-11.359744
301076	0.2495307
301077	0.77702296
301078	0.031200886
301079	-11.715612
301080	-2.1491342
301081	0.30446306
301082	-4.804357
301083	-0.03906443
301085	-4.433739
301086	-7.8044953
301087	-5.7375135
301088	0.7837
301089	0.5424274
301090	2.9696364
301091	-7.371211
301092	-2.7209096
301093	1.788873
301095	0.7982894
301096	3.5923843
301097	-3.253119
301098	3.5804572
301099	-7.6917753
301100	-3.2140758
301101	-28.78428
301102	2.099924
301103	0.59858
301105	2.0798335
301106	2.6672692
301107	-0.37333506
301108	1.990069
301109	3.6741524
301110	-1.8737872
301111	-6.0315404
301112	-5.005356
301113	0.96581095
301115	-4.0887594
301116	-0.2226078
301117	-6.5139213
301118	-4.3392687
301119	-1.794688
301120	-0.10927131
301121	-7.9358125
301122	-1.084428
301123	-2.5056944
301125	-2.392571
301126	-4.965593
301127	-5.214621
301128	-8.71739
301129	-3.5521202
301130	-10.339651
301131	-0.7301532
301132	-1.8012276
301133	-5.576122
301135	-1.0498807
301136	-11.617389
301137	0.17433608
301138	-1.3742025
301139	0.8156368
301141	-2.4443662
301148	-11.669485
301149	0.6882582
301150	-2.5146928
301151	-14.1816435
301152	-4.2431207
301153	-1.711433
301155	-2.7489183
301156	-2.6109166
301157	-3.8620899
301158	-2.886685
301159	-4.8948107
301160	2.6672869
301161	-0.53517234
301162	0.4313848
301163	-2.2365522
301165	3.4205925
301166	-8.794233
301167	-4.91658
301168	-1.8492839
301169	-5.8643026
301170	0.12799558
301171	1.5635729
301172	-15.299347
301175	2.1919923
301176	-5.2197113
301177	0.14650205
301178	-4.451688
301179	1.7839981
301180	-4.5004263
301181	-6.743319
301182	-12.326437
301183	-3.5853317
301185	1.0542924
301186	-2.030333
301187	-1.453523
301188	0.77306765
301189	-3.152413
301190	0.43684244
301191	-2.6836271
301192	-0.4000802
301193	1.299153
301195	-1.5883597
301196	2.3830173
301197	-2.7621193
301198	-11.418755
301199	-2.9663472
301200	2.6656117
301201	-1.0109495
301202	-3.773934
301203	-0.3814536
301205	0.20746341
301206	2.7871976
301207	-2.4052742
301208	-7.666945
301209	-5.652797
301210	-3.5523021
301211	-6.6451364
301212	-4.446721
301213	-7.0865936
301215	0.14644885
301216	2.846667
301217	-1.6777185
301218	-2.8753717
301219	-0.58745843
301220	-4.4328175
301221	-3.13307
301222	0.31647968
301223	3.0299358
301225	-1.0862691
301226	-5.372079
301227	3.6207519
301228	-17.90784
301229	3.5520446
301230	-7.2670846
301231	-3.6916203
301232	-7.893625
301233	-3.8767898
301234	-6.3876925
301235	2.2792993
301236	-3.5889442
301237	-0.8083086
301238	-4.782677
301239	-3.5292454
301246	-0.7368712
301248	-2.8733735
301251	-4.08131
301252	-4.354424
301255	-0.495403
301256	3.3034902
301257	-0.8917611
301258	-5.259364
301259	-11.808493
301260	0.13015799
301261	-5.5605125
301262	2.9725595
301263	3.1056647
301265	1.2399096
301266	-6.640176
301267	2.4301362
301268	-2.8239589
301269	1.7150991
301270	-7.1127434
301272	0.07087847
301273	-3.4171314
301276	3.288546
301277	-3.3503585
301278	-3.6667972
301279	-1.6456454
301280	-0.97291136
301281	-2.5355496
301282	-3.7477767
301283	3.0240593
301285	-1.2343274
301286	3.3374722
301287	1.7828557
301288	-28.550024
301289	-2.7951276
301290	1.0805658
301291	2.0191321
301292	1.4624048
301293	1.1830486
301295	-6.0384784
301296	-4.7974534
301297	-2.317203
301298	1.2426808
301299	-0.17675796
301300	-3.0584378
301301	-3.100338
301302	1.1211212
301303	3.2967587
301305	2.1106787
301306	-6.7609587
301307	0.091256924
301308	2.1776721
301309	-1.6324326
301310	-0.8497192
301311	-1.1303672
301312	-17.529701
301313	-1.5044329
301314	-9.729713
301315	-5.9836936
301316	-19.433132
301317	-0.4548522
301318	-0.7570919
301319	-3.6751885
301320	-1.5676064
301321	0.50572354
301322	2.6589875
301323	1.5719514
301325	2.1477847
301326	-8.6895275
301327	1.466813
301328	-7.2312827
301329	-2.0834076
301330	-1.1139894
301331	-0.35492557
301332	0.7232977
301333	-0.42824745
301335	3.6281438
301336	1.8769333
301337	0.3894995
301338	-5.53385
301339	-0.8925246
301345	-1.4271731
301348	1.6866757
301349	0.7860879
301353	-1.2184741
301355	-0.5498316
301356	1.2236135
301357	-5.2743998
301358	3.8712363
301359	-0.69995576
301360	-10.8518715
301361	-7.1872253
301362	2.3928857
301363	-0.93386066
301365	-0.8362668
301366	-17.08202
301367	4.077977
301368	-2.3800626
301369	-11.984647
301370	-3.3522942
301371	0.24113043
301372	-2.461721
301373	2.4591916
301376	0.90460265
301377	-2.7563643
301378	1.5905204
301379	-3.158257
301380	-1.8477576
301381	1.3050432
301382	-5.3073425
301383	-11.226853
301386	-1.7933725
301387	-2.624968
301388	-4.850587
301389	-3.2574074
301390	-1.3722913
301391	1.2839979
301393	-3.114352
301395	1.5716337
301396	-8.135645
301397	-2.112624
301398	-4.4350147
301399	-8.13653
301408	-3.1357589
301413	-7.368389
301418	4.123399
301419	0.777351
301421	-4.367447
301428	-6.5131354
301429	1.7229013
301439	3.0926337
301446	-9.7023
301448	-2.395985
301456	-1.9815166
301459	-1.3226738
301468	2.2077084
301469	-0.6567614
301486	-9.751741
301487	-7.083342
301488	-4.969221
301489	-8.177688
301498	-2.9989152
301499	-5.99505
301500	-4.470954
301502	1.5674783
301503	-5.772276
301505	-4.2777047
301507	0.9451872
301508	-2.7374055
301509	-5.807928
301510	1.0194316
301511	6.145681
301512	-4.0725245
301515	-2.3421066
301516	-1.3201418
301517	-6.265033
301518	-0.837098
301519	-1.9828434
301520	-5.734204
301525	2.1753557
301526	1.8490465
301528	-2.999182
301529	0.5404821
301533	-4.2937407
301536	-3.452043
301538	3.5124106
301548	-6.047921
301550	-7.109987
301555	-7.0800934
301558	-4.8221087
301559	2.1296775
301566	-3.232642
301567	-2.5246367
301568	-13.455366
301577	-2.4021657
301578	-26.230433
301587	1.1291933
301588	1.6860574
301589	1.771246
301591	-0.18613614
600000	5.5707235
600004	3.2186234
600006	-2.7149053
600007	4.1622267
600008	3.9147065
600009	3.729421
600010	4.1225014
600011	2.9955158
600012	4.451831
600015	5.274153
600016	3.495589
600017	4.2003264
600018	5.3069763
600019	4.489402
600020	4.3012033
600021	1.8642668
600022	4.3270245
600023	2.6010342
600025	5.0366297
600026	4.3722053
600027	2.6693773
600028	5.0686545
600029	3.7855186
600030	3.2733684
600031	3.8712058
600032	3.5177627
600033	3.1418715
600035	4.2126746
600036	4.9527617
600037	4.2966356
600038	2.6034534
600039	4.4347944
600048	1.9294183
600050	4.848403
600051	4.2949224
600052	1.4404062
600053	0.8672603
600054	3.4143918
600055	3.783006
600056	2.2632093
600057	4.366263
600058	3.3413806
600059	3.9884167
600060	2.7230487
600061	4.257968
600062	3.3305697
600063	2.829072
600064	4.337296
600066	1.4876046
600067	2.2715309
600070	-6.1969934
600071	2.3963447
600072	1.7031755
600073	4.2928047
600075	4.0586357
600076	0.23524547
600078	-3.3127086
600079	3.0983467
600080	3.3430886
600081	2.2916393
600082	1.9033827
600083	0.718288
600084	3.0891926
600085	2.5817795
600088	1.8188903
600089	3.6986318
600094	0.33595186
600095	0.033693276
600096	4.1130915
600097	3.1927426
600098	3.9555054
600099	-0.5454724
600100	2.249314
600101	-3.606725
600103	2.9966474
600104	3.8876927
600105	-9.515348
600106	0.34094855
600107	-2.8626695
600108	3.489224
600109	3.6701531
600110	2.2507243
600111	3.6157556
600113	2.1528277
600114	-4.1180754
600115	3.6842773
600116	3.523449
600117	2.2814221
600118	-0.28023475
600119	-1.3531955
600120	4.6242404
600121	3.5402617
600123	2.5467973
600125	2.2422452
600126	2.360519
600127	2.2282665
600128	3.275132
600129	1.8802809
600130	2.8409996
600131	4.5116973
600132	2.626994
600133	3.632447
600135	-0.07918487
600136	4.072249
600137	3.2024693
600138	1.8448057
600141	2.944789
600143	5.3264313
600148	1.1738615
600149	2.50621
600150	2.4611804
600151	-9.525296
600152	0.6259643
600153	2.8720322
600155	1.4459286
600156	3.8362203
600157	-1.8917358
600158	1.7659724
600159	0.25224116
600160	1.2002325
600161	4.200944
600162	3.3074203
600163	3.2911103
600165	-8.134228
600166	-1.8803234
600167	6.1865025
600168	4.0719953
600169	4.228333
600170	2.5310743
600171	-3.9569182
600172	-7.2409353
600173	2.8773713
600176	3.2131393
600177	5.183733
600178	-1.2219341
600179	3.5648148
600180	4.0104566
600182	4.0299897
600183	1.7905915
600184	3.0647233
600185	1.4068735
600186	1.511076
600187	-20.793926
600188	3.2746372
600189	1.6106112
600190	3.0466824
600191	3.45608
600192	-11.096031
600193	3.7192826
600195	3.2448826
600196	4.183796
600197	2.9746857
600198	4.1360145
600199	-0.18713811
600200	-2.9479785
600201	2.5188594
600202	3.8387084
600203	-1.5583179
600206	3.0806282
600207	-0.48967576
600208	3.0916178
600210	2.7312899
600211	4.033601
600212	2.5223818
600215	1.7735323
600216	-6.814399
600217	2.0859323
600218	2.4314315
600219	2.8591316
600221	2.5762398
600222	-1.2844667
600223	3.4923177
600225	3.5302258
600226	3.913032
600227	-0.14000347
600228	3.375877
600229	4.502407
600230	0.67283237
600231	5.0442653
600232	3.6467757
600233	4.6136274
600234	-2.393434
600235	2.314408
600236	2.9159899
600237	0.75357664
600238	3.5469112
600239	0.83143216
600241	3.5021763
600243	-2.9675984
600246	1.9312689
600248	4.8102355
600249	3.453547
600250	-6.2927237
600251	0.87998295
600252	4.5550184
600255	1.7110107
600256	3.6682372
600257	-3.499354
600258	1.919152
600259	3.2317142
600261	4.432255
600262	-4.1936407
600265	1.4353195
600266	-3.5711837
600267	3.3391578
600268	3.3393338
600269	3.3585339
600271	1.8918747
600272	-5.846035
600273	4.915906
600276	4.452766
600278	3.4331765
600279	4.5893693
600280	-3.0801775
600281	1.8758491
600282	3.0514045
600283	3.395705
600284	3.5102572
600285	3.7365055
600287	3.7494266
600288	0.60230404
600289	2.654992
600292	3.8074634
600293	3.0566576
600295	3.4948883
600298	3.6987777
600299	4.075452
600300	3.50859
600301	-1.4059639
600302	4.201607
600303	2.6546369
600305	4.1179376
600307	3.8897965
600308	4.587547
600309	3.3999448
600310	0.8453806
600312	1.7811009
600313	0.5802688
600315	2.8590083
600316	-0.85584575
600318	0.5958804
600319	3.5520573
600320	4.051224
600322	-10.914356
600323	2.8072739
600325	-0.81310177
600326	-19.620832
600327	3.2863343
600328	5.0004478
600329	3.6910617
600330	1.8080461
600331	1.3467784
600332	4.369976
600333	4.379564
600335	0.6085112
600336	-6.067248
600337	4.8005056
600338	-0.03337785
600339	4.815933
600340	1.4590865
600343	-0.6970127
600345	-3.0754223
600346	3.450086
600348	2.6129625
600350	5.468715
600351	0.014460075
600352	3.8739934
600353	0.8363446
600354	0.46609935
600355	-7.632187
600356	3.5105164
600358	-10.6553755
600359	1.8853576
600360	-0.85251
600361	-1.4384727
600362	0.73289293
600363	1.8124555
600365	3.2024264
600366	3.27583
600367	1.1292436
600368	2.991325
600369	3.828339
600370	3.9602973
600371	1.8316603
600372	2.9761088
600373	3.2092834
600375	3.6432228
600376	1.2348425
600377	4.8806877
600378	2.9997675
600379	4.6045156
600380	3.427164
600381	-0.22944331
600382	4.062527
600383	-9.493711
600386	-4.4234433
600387	3.4398265
600388	3.2278779
600389	1.9554867
600390	4.510083
600391	-0.44451648
600392	2.1892612
600395	4.590759
600396	-1.5622364
600397	0.37124896
600398	4.442792
600399	-0.88084173
600400	4.046294
600403	4.105811
600405	2.7662914
600406	3.7825427
600408	1.296068
600409	2.150603
600410	2.0331583
600415	4.449374
600416	2.910344
600418	-1.1289251
600419	3.4578938
600420	2.433205
600421	-8.791716
600422	3.769492
600423	2.368225
600425	3.2967644
600426	3.929873
600428	2.244038
600429	4.4697084
600433	3.7830062
600435	0.04894338
600436	3.511324
600438	1.99558
600439	3.7320492
600444	-5.138856
600446	1.6616491
600448	3.3233294
600449	4.326627
600452	3.5562272
600455	-0.36895964
600456	0.13322917
600458	2.5613856
600459	1.979914
600460	-2.0583243
600461	2.868595
600462	2.976977
600463	-1.7840679
600467	2.7816477
600468	1.1393446
600469	3.040385
600470	3.6239502
600475	3.8919792
600476	-0.36551088
600477	3.4098802
600478	3.6279633
600479	4.1524215
600480	2.1524768
600481	1.9083841
600482	3.6454892
600483	3.9953473
600486	3.331527
600487	1.8013194
600488	4.5934997
600489	0.74395525
600490	0.46978888
600491	-0.9941387
600493	3.9094658
600495	2.2640061
600496	4.161959
600497	0.21753228
600498	1.0948738
600499	2.7322876
600500	3.8760839
600501	-2.944742
600502	3.8195865
600503	2.196122
600505	-1.2892462
600506	-0.8777502
600507	4.1020784
600508	2.8666277
600509	2.6638136
600510	3.2411475
600511	4.1768403
600512	2.2106483
600513	0.6685406
600515	5.0039043
600516	4.508278
600517	4.221985
600518	1.5448105
600519	4.402117
600520	-12.09061
600521	3.4932396
600522	0.9180175
600523	2.1267056
600525	-5.3399534
600526	0.7459605
600527	3.6687539
600528	3.8587399
600529	2.4770932
600530	-3.7944617
600531	-1.6600387
600533	-1.1326078
600535	2.0057247
600536	-2.7532315
600537	-0.6400793
600538	1.5230185
600539	3.4819095
600540	4.1952467
600543	2.2642543
600545	2.3259292
600546	2.7387357
600547	2.3905
600548	5.0746365
600549	1.8671383
600550	0.89618844
600551	4.4481463
600552	-9.454446
600556	-0.65369606
600557	1.4444672
600558	3.3700194
600559	0.09124128
600560	2.6220927
600561	-12.038286
600562	2.8569508
600563	2.1818063
600566	4.5083776
600567	3.5900123
600568	3.0327091
600569	3.5762017
600570	2.8880205
600571	-2.4796078
600572	3.3842022
600573	4.4587927
600575	3.8180034
600576	-9.037406
600577	-6.729543
600578	3.9978766
600579	-1.050639
600580	-0.3215676
600581	3.6045814
600582	2.5075953
600583	2.8669124
600584	0.24347243
600585	2.7498233
600586	1.4848621
600587	2.9281614
600588	3.0712132
600589	3.456752
600590	0.788486
600592	-1.860836
600593	-6.156415
600594	2.4537947
600595	0.7796566
600596	3.0282207
600597	4.4930215
600598	4.1549034
600599	-1.3973645
600600	2.5943954
600601	-2.8624985
600602	2.0018542
600603	2.2404082
600604	-0.09897058
600605	1.6565567
600606	2.315162
600608	2.4579911
600609	-2.0333424
600610	0.23361568
600611	-16.979141
600612	3.5718052
600613	1.7211481
600615	-1.3041413
600616	3.7554016
600617	3.1326442
600618	2.578115
600619	1.3008276
600620	-1.3694061
600621	-0.7642995
600622	2.6385496
600623	3.4805007
600624	-2.929458
600626	-0.6778636
600628	4.0617113
600629	2.2272353
600630	-1.570749
600633	2.3457155
600635	-4.9989505
600636	-5.359977
600637	4.815599
600638	-1.8382442
600639	3.492597
600640	-5.054171
600641	2.0570207
600642	3.0097358
600643	3.5532136
600644	0.22825888
600645	3.0918756
600648	4.3110127
600649	-0.5597989
600650	-13.205478
600651	2.0143304
600653	-2.5216246
600654	2.4225507
600655	4.397416
600657	1.6739664
600658	2.1488218
600660	4.17894
600661	-4.154557
600662	0.5202074
600663	3.5666442
600664	3.837459
600665	1.5275629
600666	-2.8325784
600667	1.7839849
600668	-0.5116749
600671	3.0170507
600673	3.4120584
600674	3.211551
600675	3.2458897
600676	-6.689534
600678	-6.9037614
600679	0.076925434
600681	4.74135
600682	1.9456079
600683	0.760466
600684	-5.738309
600685	1.5835557
600686	-20.978226
600688	4.5385294
600689	-2.4078085
600690	2.1140544
600691	2.1961856
600692	-5.427436
600693	1.0141155
600694	2.6071723
600696	-9.871439
600697	1.4082906
600698	-5.859342
600699	0.68207675
600702	0.9157745
600703	3.2990177
600704	3.312888
600705	3.4779243
600706	-1.2013835
600707	3.5494304
600708	1.7054384
600710	1.6120872
600711	1.6077372
600712	-1.45503
600713	4.481566
600714	2.2880654
600715	1.4702708
600716	-0.30616015
600717	3.2575715
600718	2.0403512
600719	1.2542517
600720	2.213015
600721	-7.3205843
600722	3.614608
600724	4.2285933
600725	4.2729454
600726	2.757669
600727	-8.6130085
600728	3.4165459
600729	1.1261084
600730	-2.8874378
600731	4.0983057
600732	-2.0090573
600733	3.8079858
600734	1.1594071
600735	2.439082
600736	3.2498965
600737	2.6310618
600738	1.2231337
600739	3.037566
600740	3.8595722
600741	4.44141
600742	2.726424
600743	1.7238216
600744	1.1439966
600745	0.8508911
600746	4.140811
600748	2.12619
600749	-1.2939756
600750	2.2986171
600751	3.316753
600753	-7.4166627
600754	1.7567797
600755	3.153934
600756	-0.19636644
600757	4.753029
600758	4.1512694
600759	3.8060563
600760	3.6045582
600761	0.8089069
600763	-1.1606612
600764	1.2587811
600765	3.1615589
600768	-3.7051244
600769	2.3407636
600770	-0.015311182
600771	2.5114603
600773	0.024478775
600774	-0.21433635
600775	-2.799555
600776	3.123975
600777	4.009141
600778	-14.183568
600779	2.2011461
600780	3.8959
600782	3.3587642
600783	4.193225
600784	4.15704
600785	2.492925
600787	3.9423592
600789	-5.8941193
600790	3.9048219
600791	3.4180865
600792	3.4408748
600793	2.0759206
600794	3.7283406
600795	2.6060364
600796	2.5447302
600797	3.382562
600798	4.222604
600800	3.8467267
600801	3.4932716
600802	2.8109546
600803	3.6504498
600804	-0.17961228
600805	0.75135803
600807	-9.47545
600808	3.416114
600809	2.769376
600810	3.5372148
600811	-9.762365
600812	4.686361
600814	2.129493
600815	4.2473865
600816	3.135095
600817	-24.421852
600818	-0.6816898
600819	0.33763754
600820	4.4138904
600821	2.434102
600822	-2.2645385
600824	3.5233905
600825	3.6695538
600826	4.098159
600827	3.298552
600828	2.2814012
600829	2.753107
600830	-4.8721013
600831	-0.7253391
600833	3.0726354
600834	-6.1704
600835	3.782257
600837	4.42126
600838	0.8836404
600839	-7.757535
600841	-5.491732
600843	-19.65394
600844	0.37255138
600845	3.7035909
600846	3.0812182
600847	3.6433303
600848	4.230111
600850	1.9846466
600851	-1.3412793
600853	2.570516
600854	2.963693
600855	-5.1951494
600857	-1.6531929
600858	2.8125188
600859	-2.1178656
600860	0.550027
600861	3.0369296
600862	2.2817225
600863	2.4845936
600864	1.5815561
600865	3.6404426
600866	-2.4150472
600867	4.358565
600868	1.5228359
600869	-8.080142
600871	5.141342
600872	-0.3991004
600873	4.0346293
600874	4.276121
600875	2.967228
600876	2.1799634
600877	0.9591379
600879	-0.9480379
600880	-5.283906
600881	-1.2943687
600882	2.79531
600883	3.0932338
600884	3.3095367
600885	2.4042988
600886	3.1843755
600887	2.5473933
600888	2.3299155
600889	-8.206987
600892	-13.362326
600893	2.9263377
600894	2.716427
600895	-0.28838602
600897	3.9892821
600898	-8.379628
600900	4.362911
600901	1.0923522
600903	4.4490566
600905	4.3394985
600906	2.8976398
600908	3.79673
600909	4.598982
600916	1.8493751
600917	4.62366
600918	4.506482
600919	4.2926283
600925	4.3005867
600926	2.8297145
600927	2.418469
600928	4.426882
600929	3.8297741
600933	3.9053917
600935	2.2810085
600936	4.2805085
600938	3.2971044
600939	4.551145
600941	3.9252071
600955	3.590102
600956	3.4903839
600958	4.819621
600959	5.4038477
600960	0.21991333
600961	-0.35133487
600962	3.119632
600963	0.8641877
600965	3.0765119
600966	1.2561849
600967	4.65551
600968	3.7302964
600969	-4.0054197
600970	2.3323731
600971	2.6121705
600973	3.5921884
600975	-2.9832387
600976	2.3308308
600977	4.123503
600979	1.8118439
600980	3.1910577
600981	4.1545186
600982	4.0304575
600983	3.0590281
600984	1.5622288
600985	2.1052747
600986	2.4084568
600987	2.7544012
600988	-1.2661145
600989	3.6737251
600990	-2.2194507
600992	-1.0935602
600993	3.7849228
600995	3.8547988
600996	2.28103
600997	3.2691238
600998	3.2992644
600999	4.7951174
601000	3.93639
601001	2.0765615
601002	1.0213934
601003	4.1379232
601005	4.0257883
601006	4.2746744
601007	2.345932
601008	3.742019
601009	5.044938
601010	2.4656353
601011	0.4626031
601012	1.1714164
601015	0.77729905
601016	3.7448316
601018	4.8336773
601019	6.154461
601020	-3.3210232
601021	3.1496763
601022	0.80511236
601028	1.4835069
601033	1.6910284
601038	1.4009084
601058	0.31153592
601059	-0.67518294
601061	2.3955986
601065	3.8758914
601066	4.5335245
601068	3.854796
601069	0.30851465
601077	4.495698
601083	0.9770047
601086	0.83594024
601088	4.2817893
601089	3.6854026
601096	2.2686698
601098	5.7517877
601099	-0.53671056
601100	4.105986
601101	3.1490521
601106	4.503358
601107	3.2827275
601108	3.518311
601111	4.0456915
601113	3.1730156
601116	1.8110193
601117	2.4766092
601118	5.146238
601121	2.7445095
601126	1.1707987
601127	1.3248498
601128	3.8696964
601133	-0.9164338
601136	-2.9701276
601137	1.1807076
601138	4.1370177
601139	3.8274689
601155	-0.5752849
601156	1.4299438
601158	4.810571
601162	-3.9616127
601163	3.1503878
601166	4.9492974
601168	1.2693386
601169	4.9989533
601177	2.1839375
601179	0.55266464
601186	4.7376394
601187	3.4935951
601188	-2.9677513
601198	3.4581268
601199	3.6422582
601200	4.5943136
601208	0.58435696
601211	4.3728776
601212	2.0403204
601216	4.403113
601218	-2.2242174
601222	3.9643974
601225	4.3373137
601226	3.6019382
601228	4.7725105
601229	5.0165744
601231	2.4687653
601233	1.8871384
601236	3.3087811
601238	2.8233478
601279	1.8740349
601288	5.9612565
601298	5.6048846
601311	1.023356
601318	4.743041
601319	5.6156135
601326	4.924264
601328	5.611592
601330	3.544971
601333	2.7664883
601336	3.763089
601339	4.0992327
601360	2.4687946
601366	3.7320602
601368	3.9891598
601369	4.075747
601375	3.5409436
601377	4.072206
601388	1.4610455
601390	3.960484
601398	5.850415
601399	4.3012834
601456	-0.34443787
601500	1.7316059
601512	5.0149693
601515	4.797742
601518	4.2897153
601519	2.7650323
601528	3.673298
601555	3.6127594
601566	0.36084226
601567	2.0726008
601568	5.3576365
601577	4.7353525
601579	3.4726062
601588	0.7684235
601595	-4.599204
601598	3.1665587
601599	0.628791
601600	2.0068476
601601	4.6424217
601606	1.2123634
601607	4.847829
601608	3.1966388
601609	3.4127629
601611	1.5332601
601615	2.2515826
601616	2.641742
601618	5.003061
601619	3.8765175
601628	4.880507
601633	3.321385
601636	2.696252
601658	5.633198
601665	3.2674801
601666	2.9551558
601668	4.6976824
601669	3.823157
601677	1.1621649
601678	3.0470243
601686	4.9931006
601688	4.2978945
601689	2.3830054
601696	2.625123
601698	-0.39136702
601699	2.916184
601700	2.6178703
601702	2.6143024
601717	1.8338096
601718	4.5943327
601727	4.445602
601728	4.49682
601766	4.184531
601777	1.7875534
601778	2.226688
601788	4.282632
601789	2.2486157
601798	0.2987774
601799	1.0983992
601800	4.7204194
601801	-0.9435526
601808	3.7984574
601811	5.6799726
601816	4.8897696
601818	5.0668745
601825	5.2264695
601827	4.0185394
601828	3.2565231
601838	3.3482323
601857	4.373605
601858	3.014013
601860	3.3369622
601865	-0.35304457
601866	3.1797643
601868	4.2135553
601869	1.1085781
601872	3.9205887
601877	3.5457878
601878	1.5649408
601880	4.352397
601881	2.4484444
601882	3.132309
601886	3.1852384
601888	1.06219
601890	1.8215017
601898	6.0734816
601899	3.1479943
601900	3.0538392
601901	1.3883457
601908	2.438293
601916	3.6279035
601918	3.5553398
601919	1.6778424
601921	-11.511367
601928	4.7813077
601929	-0.34096918
601933	-3.77201
601939	3.7149677
601949	3.4583192
601952	5.1430655
601956	3.5311756
601958	2.4794412
601963	2.2623413
601965	2.161329
601966	2.3851562
601968	3.0464346
601969	2.3499782
601975	1.8829944
601985	3.5416253
601988	5.943102
601989	3.6396148
601990	3.9421177
601991	2.4946885
601992	3.6005268
601995	3.2764332
601996	3.9177425
601997	3.4022648
601998	6.864911
601999	-1.6617782
603000	0.39590675
603001	3.8810952
603002	-0.12584916
603003	0.88933563
603004	-2.3034682
603005	-3.0671954
603006	3.04907
603007	4.0272646
603008	2.959088
603009	-2.8203955
603010	3.8898823
603011	1.0507797
603012	4.464259
603013	3.151102
603015	-1.1173787
603016	4.127401
603017	-1.2755764
603018	2.7095232
603019	-1.1226165
603020	2.7520053
603021	3.6725857
603022	1.89436
603023	0.22840819
603025	2.4541636
603026	3.6906364
603027	2.6551347
603028	-1.9792761
603029	1.6570038
603030	0.551896
603031	1.6851864
603032	-10.235388
603033	4.203906
603035	1.4182333
603036	2.6064487
603037	-6.9571366
603038	3.8403022
603039	1.4053113
603040	2.7703755
603041	3.7882009
603042	-2.1275566
603043	3.5754063
603045	3.1788757
603048	0.70436966
603050	0.7395312
603051	-4.6195097
603052	0.23511305
603053	2.2217917
603055	2.4676747
603056	2.2338402
603057	-1.9238424
603058	0.28158873
603059	2.893967
603060	2.8878856
603061	-3.4723
603062	-2.5656896
603063	4.691246
603065	-6.6747026
603066	-3.5116124
603067	2.1337938
603068	-1.4273887
603069	-2.4996326
603070	1.1297166
603071	3.4106927
603073	2.0279586
603075	-3.492649
603076	3.082398
603077	3.8265405
603078	-0.60659736
603079	-5.157907
603080	2.282304
603081	1.2787237
603082	-2.6484885
603083	-1.8588558
603085	-1.091572
603086	3.0122478
603087	1.9004291
603088	3.1648822
603089	3.4438756
603090	1.9132745
603093	0.6393474
603095	4.4801755
603096	3.2963035
603097	0.22885065
603098	2.8694305
603099	-8.138269
603100	0.89445716
603101	1.335343
603102	1.4721087
603103	1.1805351
603105	2.109645
603106	-1.3313715
603107	-3.9125564
603108	-1.720738
603109	0.9405161
603110	2.6507535
603111	1.6237307
603112	-2.6071477
603113	3.2614548
603115	3.412845
603116	3.9713569
603117	2.396468
603118	-0.5386361
603119	2.990992
603121	-0.31674513
603122	-11.781336
603123	1.5798346
603125	0.8433442
603126	0.0054076193
603127	-1.5755513
603128	3.3511837
603129	2.9492602
603130	0.3575526
603131	-6.4567995
603132	0.66544473
603135	2.523727
603136	1.1560099
603137	-0.202979
603138	-0.4789115
603139	-2.347034
603150	0.33790907
603151	0.3900535
603153	1.2540839
603155	-3.356305
603156	4.692918
603158	-2.0082765
603159	3.675738
603160	3.5372684
603161	1.8378588
603162	1.2397727
603163	1.6917073
603165	1.3532242
603166	3.6174912
603167	2.6305075
603168	-3.1084666
603169	-3.0769014
603170	2.3693404
603171	0.018258994
603172	-0.45869455
603173	3.170503
603176	2.9533777
603177	0.3406826
603178	-2.4086823
603179	5.0687084
603180	1.4788501
603181	3.547063
603182	1.5302347
603183	1.3706545
603185	2.8147798
603186	-9.387725
603187	1.2319897
603188	-0.769927
603189	2.6921828
603190	0.5895743
603191	3.4264183
603192	-3.9916909
603193	-1.9619749
603195	3.5404816
603196	-10.211757
603197	0.30895907
603198	2.174732
603199	2.6116774
603200	0.7767535
603201	0.87520134
603203	1.4831666
603206	0.816332
603208	4.016931
603209	-1.1520122
603211	-6.7979507
603212	-2.003537
603213	3.1812396
603214	2.4079087
603215	-9.038446
603216	4.485601
603217	3.862391
603218	3.7002597
603219	0.42624313
603220	-2.155973
603221	-0.00421772
603222	1.4066904
603223	3.5862865
603225	4.577569
603226	1.3426812
603227	3.572186
603228	0.18670154
603229	2.5018785
603230	1.5754128
603231	-1.7821497
603232	-1.8060074
603233	2.2994368
603235	2.5411384
603236	-1.33998
603237	3.1595578
603238	3.4715629
603239	2.0800595
603255	4.676034
603256	0.5991929
603258	1.2687155
603259	1.3009796
603260	4.488425
603261	-4.3124
603266	-0.8310259
603267	-2.7681594
603268	-0.7388845
603269	1.842551
603270	-1.5798306
603272	0.8819059
603273	-1.2168025
603275	3.2907913
603276	-0.061430294
603277	3.2725148
603278	-2.3024347
603279	2.371117
603280	1.3692708
603281	4.4446383
603282	-0.24662633
603283	3.0549064
603286	-4.7730474
603288	4.2590404
603289	2.0546749
603290	-1.8903261
603291	2.97853
603296	0.5284157
603297	1.9330753
603298	2.8135562
603299	3.1277213
603300	2.5762103
603301	3.0830472
603303	3.8237176
603305	2.5009198
603306	0.44929647
603307	-2.7723107
603308	2.6443367
603309	1.9922644
603311	4.11197
603312	-0.3943042
603313	3.2968197
603315	3.1413264
603316	-0.97366524
603317	3.0271223
603318	4.2539797
603319	0.672612
603320	-1.7822558
603321	1.9729099
603322	1.9041742
603323	2.7486496
603324	-11.628435
603325	-0.0913368
603326	2.82904
603327	0.9086283
603328	-0.14630874
603329	1.3595756
603330	-0.3053164
603331	2.764854
603332	1.8059076
603333	-0.89512694
603335	0.96194094
603336	-6.380422
603337	1.8799722
603338	2.0278008
603339	2.7651913
603341	-7.862706
603344	0.22523376
603345	1.5795038
603348	0.4913265
603351	-0.18697616
603353	1.0767359
603355	4.8510447
603356	0.35145873
603357	0.19650841
603358	1.7486145
603359	3.8241382
603360	-1.3736479
603363	3.3589275
603365	2.098253
603366	-0.10004964
603367	3.397586
603368	0.6619936
603369	3.5646622
603373	-5.679504
603375	-7.149968
603377	1.926816
603378	2.8133056
603379	1.4729792
603380	1.3723919
603383	0.8846332
603385	3.7838454
603386	-3.1662247
603387	-0.9125956
603388	-1.702808
603389	-4.592256
603390	-3.123829
603392	3.8275733
603393	3.379181
603396	0.8587572
603398	6.1750474
603399	-3.9396775
603408	2.2897506
603416	0.9130931
603421	-0.2981874
603429	1.3827267
603439	0.38530508
603444	-0.33875543
603456	2.6378543
603458	-9.846335
603466	2.5658755
603477	5.8693485
603486	0.7335965
603488	2.9480448
603489	0.8234684
603496	-0.9099552
603499	-3.2790253
603500	1.767122
603501	2.436822
603505	2.3491755
603506	-0.6892446
603507	-0.7186502
603508	-1.3691584
603511	3.697495
603515	0.9148654
603516	-2.1303272
603517	3.149144
603518	3.0688186
603519	2.5188284
603520	1.9665416
603527	2.4017072
603528	-0.3470615
603529	2.202551
603530	2.3131146
603533	0.30314612
603535	0.86009324
603536	-1.4871452
603538	0.74309397
603551	4.6719832
603556	1.7642841
603557	3.9644446
603558	1.4385045
603559	2.4673657
603565	4.3194757
603566	2.3663225
603567	4.283021
603568	3.0983074
603569	0.24681553
603577	1.5727589
603578	3.38193
603579	2.081218
603580	-9.25027
603583	1.6438373
603585	4.3030996
603586	-7.6883607
603587	4.5111876
603588	2.1393464
603589	3.2096226
603590	-2.526251
603595	2.555354
603596	2.424559
603598	-1.7576888
603599	2.4416673
603600	3.1621785
603601	2.8195887
603602	-2.7312882
603605	2.7533667
603606	2.4419637
603607	1.874553
603608	1.1705344
603609	4.4296823
603610	2.8082888
603611	0.7280122
603612	3.3671584
603613	-0.25438464
603615	-7.0225706
603616	1.0521014
603617	1.1697748
603618	0.35087365
603619	0.19851676
603626	-1.2342088
603628	-6.7049723
603629	0.1534348
603630	0.15875609
603633	0.019894028
603636	1.9171146
603637	3.1410303
603638	4.18113
603639	1.8682293
603648	2.0502086
603650	0.30124235
603655	-3.1779952
603656	2.5310216
603657	-1.4623756
603658	2.0919785
603659	3.517408
603660	0.5628537
603661	2.7735636
603662	-2.030519
603663	-3.2137818
603665	5.3367043
603666	-14.272341
603667	-2.5751443
603668	0.27551714
603669	3.9979901
603676	3.0120952
603677	2.761723
603678	1.9346316
603679	-4.997281
603680	0.043288223
603681	1.6933937
603682	1.5066888
603683	2.1876056
603685	0.36747536
603686	-3.51394
603687	4.601925
603688	1.2001625
603689	2.319984
603690	0.80634725
603693	3.2754445
603696	0.25730467
603697	3.8485756
603698	2.0587418
603699	1.7793534
603700	-1.6611016
603701	3.826992
603703	-1.0471027
603706	2.8627224
603707	4.256055
603708	2.5125284
603709	2.715613
603711	2.221861
603712	2.5002785
603713	2.8957996
603716	-11.77015
603717	0.0077198865
603718	3.6083817
603719	2.03217
603721	-5.173558
603722	3.3143363
603725	2.7026622
603726	1.0731852
603727	2.2065904
603728	-7.889979
603729	1.860657
603730	2.6627755
603733	3.3484592
603737	2.7036047
603738	-4.1817045
603739	-1.7045233
603755	2.7107472
603757	2.6479583
603758	2.5878007
603759	4.058939
603766	-3.440743
603767	0.7576558
603768	-1.6413895
603773	0.14150508
603776	-2.047842
603777	2.28439
603778	-2.7391663
603779	1.9577852
603786	1.625248
603787	2.625497
603788	2.3346744
603789	-1.706529
603790	0.3074903
603797	2.5255713
603798	2.6178222
603799	-2.0832918
603800	1.0562938
603801	1.0574992
603803	1.6572832
603806	-0.36447135
603808	4.060466
603809	-0.13265678
603810	-3.132371
603811	1.5747994
603813	2.3477244
603815	3.5173411
603816	2.863047
603817	3.456489
603818	3.4317818
603819	3.167995
603822	2.5266194
603823	0.047628693
603825	-4.1940694
603826	-3.4299407
603828	0.70839936
603829	1.5933043
603833	3.453689
603836	3.6890302
603838	3.5967865
603839	-6.069148
603843	-3.3701377
603848	2.1208384
603855	3.8523757
603856	2.8992658
603858	4.0420923
603859	2.256731
603860	-3.2095325
603861	3.5422134
603863	3.288812
603866	3.6904552
603867	2.3569164
603868	3.7172394
603869	3.2020562
603871	1.9792557
603876	2.8655992
603877	3.2546246
603878	3.2742581
603879	1.2161139
603880	4.2314267
603881	2.1224422
603882	-1.3894551
603883	1.9473721
603885	2.0232897
603886	3.4249253
603887	1.1432137
603888	1.4261955
603889	-0.57315123
603890	-1.3024523
603893	0.8141061
603895	3.405685
603896	2.3144996
603897	1.118816
603898	2.228588
603899	4.1109276
603900	-15.33226
603901	2.5854034
603903	-0.9794734
603906	2.4159782
603908	-1.5587299
603909	1.7577231
603912	-0.20171705
603915	1.8237158
603916	-10.417625
603917	-9.528325
603918	-1.7645954
603919	3.4935722
603920	-1.2078912
603922	3.546683
603926	3.4669945
603927	1.9565903
603928	4.1323423
603929	1.4485459
603931	1.690274
603933	0.4503863
603936	-2.366056
603937	2.527186
603938	3.1141713
603939	1.4585018
603948	3.6350856
603949	3.1122856
603950	0.19842038
603955	-1.6355162
603956	3.3601356
603958	-7.2973757
603959	-0.0045500994
603960	-3.7880921
603963	-0.9568756
603966	-15.811213
603967	3.3460019
603968	2.1001043
603969	2.6196675
603970	1.8534027
603976	0.9223914
603977	0.7802662
603978	-8.446387
603979	2.0001206
603980	-2.3728137
603982	0.40141296
603983	3.1617115
603985	1.8336761
603986	3.7361252
603987	3.2421327
603988	-19.40293
603989	3.602
603990	-2.6478195
603991	2.0946507
603992	2.5972905
603993	2.32714
603995	1.3226626
603997	3.5788586
603998	3.6100936
603999	3.439038
605001	-5.5929904
605003	3.202145
605005	3.5522857
605006	4.2922287
605007	2.9453878
605008	2.1144109
605009	3.1404634
605011	0.7805239
605016	2.119368
605018	2.4914565
605020	3.752561
605028	2.1580448
605033	0.49540982
605050	3.7257798
605055	3.8141265
605056	1.1738918
605058	0.39543766
605060	0.036649086
605066	4.182836
605068	2.127631
605069	-0.9638403
605077	2.2752025
605080	2.5108593
605081	-0.9795459
605086	2.6127143
605088	1.7224846
605089	3.31096
605090	-0.14323278
605098	-4.0898323
605099	3.4550095
605100	3.4314716
605108	0.9227227
605111	-1.9037498
605116	2.633763
605117	2.7209666
605118	-2.6997426
605122	-3.8438249
605123	3.3437912
605128	4.1844006
605133	-0.18395801
605136	-5.987029
605138	3.049712
605151	3.54407
605155	3.5728943
605158	0.44922853
605162	2.5766044
605166	1.7236315
605167	3.4775627
605168	2.9968772
605169	0.61117285
605177	-5.7014327
605178	-16.353043
605179	3.2134767
605180	1.9313724
605183	3.9713027
605186	2.365201
605188	1.6878355
605189	2.6851945
605196	1.6198437
605198	1.4188869
605199	-2.2089305
605208	0.90081835
605218	-10.86908
605222	2.8218687
605228	0.0059208395
605255	-8.466231
605258	-1.6997563
605259	4.1196947
605266	0.66465676
605268	3.3984203
605277	-3.48744
605286	1.9841492
605287	-2.7163248
605288	0.36328438
605289	1.3643713
605296	2.9479718
605298	2.2956352
605299	1.3114754
605300	2.599489
605303	0.3049783
605305	2.3759441
605318	3.9934666
605319	2.1596055
605333	3.105476
605336	0.6689304
605337	2.514364
605338	2.641087
605339	4.0824814
605358	5.6509857
605365	3.1029332
605366	1.7972969
605368	4.104641
605369	3.9459186
605376	-0.4069748
605377	2.333477
605378	1.1345606
605388	3.4752357
605389	2.2080762
605398	-9.486615
605399	2.0426369
605488	0.5928765
605499	4.738692
605500	4.0143704
605507	3.5133185
605555	-1.1818124
605566	-1.2167319
605567	-0.6830486
605577	0.62129796
605580	-0.8031947
605588	-0.6088179
605589	0.92196906
605598	0.12614475
605599	3.6373467
688001	2.3865952
688002	1.1510142
688003	1.9247787
688004	3.0040612
688005	-1.3387715
688006	2.8022435
688007	1.8573883
688008	1.5632721
688009	3.384029
688010	0.8611485
688011	2.909309
688012	2.3478217
688013	3.7457664
688015	-1.1306442
688016	1.4877571
688017	0.9344184
688018	0.634542
688019	1.1721308
688020	-1.1484916
688021	0.925144
688022	2.6939805
688023	0.7677072
688025	1.8333242
688026	1.5036
688027	-0.19590361
688028	1.9014099
688029	3.889991
688030	3.2245133
688031	2.5416985
688032	-7.214648
688033	3.016645
688035	2.1773438
688036	1.8878521
688037	-2.352829
688038	2.0891259
688039	0.97956955
688041	1.2961137
688045	-1.7872528
688046	1.5100392
688047	2.0909047
688048	1.0125697
688049	-2.2299685
688050	3.8680432
688051	3.4458938
688052	-1.0706297
688053	0.9716382
688055	2.9126894
688056	3.0118992
688057	4.2269316
688058	2.3396707
688059	-0.27742898
688060	1.7733923
688061	0.0010282516
688062	3.8206496
688063	2.3058732
688065	3.6192837
688066	-1.0653747
688067	2.6050513
688068	-2.2178643
688069	3.1225622
688070	0.31122157
688071	1.2652287
688072	2.0700772
688073	-3.5674584
688075	-2.3489814
688076	3.6400425
688077	2.0543487
688078	2.7596922
688079	-0.81809103
688080	2.4225228
688081	0.86585844
688082	-0.050955452
688083	3.033712
688084	-0.25130892
688085	3.6888897
688087	4.1060762
688088	1.4650447
688089	2.1341553
688090	-11.547409
688091	-1.0903957
688092	2.9817479
688093	2.9548259
688095	0.40498415
688096	3.08133
688097	0.8746214
688098	3.9043999
688099	5.2910357
688100	3.7575288
688101	3.872115
688102	0.3162168
688103	-0.64323086
688105	2.1357923
688106	2.8549187
688107	-0.20664318
688108	2.5187325
688109	0.66642106
688110	1.3422788
688111	1.2578733
688112	1.5150483
688113	3.161391
688114	1.1882085
688115	0.47754326
688116	1.5098363
688117	-3.965133
688118	-1.035648
688119	4.0493407
688120	3.211162
688121	2.9490159
688122	3.621252
688123	2.7822278
688125	0.58187664
688126	3.9117694
688127	0.4911098
688128	3.644336
688129	4.26445
688130	-2.6849642
688131	1.4646862
688132	3.0938296
688133	1.2927274
688135	-1.0372114
688136	3.0783222
688137	3.5063393
688138	1.5463389
688139	3.0407765
688141	-2.0822423
688143	-0.2928044
688146	1.1125009
688147	-0.17072172
688148	1.2581867
688150	2.161107
688151	2.216775
688152	-3.8763835
688153	0.8515989
688155	3.7348359
688156	2.0270271
688157	3.2609463
688158	0.8442817
688159	2.8431153
688160	-2.0800426
688161	2.366279
688162	1.6156733
688163	2.6523056
688165	2.536655
688166	-1.9483509
688167	2.4211936
688168	4.2449574
688169	2.9541435
688170	-1.4188387
688171	0.8908989
688172	3.1871772
688173	0.28456697
688175	1.0581648
688176	2.7241554
688177	0.8502989
688178	3.5895226
688179	-0.3530541
688180	3.7785473
688181	1.4433497
688182	0.38184962
688183	-1.8353035
688184	3.4363937
688185	-1.048962
688186	2.3071456
688187	2.5083385
688188	4.4817114
688189	2.4849234
688190	2.035564
688191	-1.3264414
688192	1.9376881
688193	1.8562405
688195	-1.3702451
688196	3.6488767
688197	1.6924505
688198	4.9924564
688199	2.0146031
688200	2.2214332
688201	-2.60675
688202	0.66842145
688203	2.0085526
688205	-8.63482
688206	-0.79840124
688207	-1.4267532
688208	1.0119585
688209	0.10077809
688210	2.0927684
688211	4.196709
688212	2.0618675
688213	1.3631039
688215	3.1989682
688216	-2.4519432
688217	5.4326386
688218	0.4541503
688219	2.7500885
688220	3.6153443
688221	2.4204469
688222	2.429247
688223	1.779237
688225	0.33219972
688226	-0.26222754
688227	1.3649461
688228	1.5544103
688229	0.57918394
688230	-0.0031013608
688231	3.65327
688232	3.531377
688233	3.8119922
688234	0.8351796
688235	2.6410763
688236	0.68527055
688237	1.1725492
688238	-0.7515789
688239	1.1255958
688244	-0.4218556
688246	2.8802443
688247	0.8527853
688248	1.1310202
688249	3.4879463
688251	3.0040777
688252	-0.0183731
688253	4.3420134
688255	2.2171087
688256	-7.403903
688257	1.4109105
688258	-6.092738
688259	-13.25033
688260	-2.113959
688261	5.5335464
688262	-1.5081427
688265	2.4972942
688266	3.422589
688267	2.2738945
688268	4.139299
688269	3.7239861
688270	-2.7057548
688271	3.8846507
688272	1.37918
688273	1.9395523
688275	1.9742149
688276	3.5136025
688277	1.9406458
688278	4.374453
688279	-0.093123645
688280	1.2980417
688281	2.5870023
688282	2.548343
688283	1.8384066
688285	2.2130604
688286	0.97915334
688287	0.12373928
688288	-2.7843835
688289	3.1004167
688290	2.4160452
688291	0.7521094
688292	0.5918091
688293	0.13653508
688295	2.687352
688296	1.722628
688297	0.4428026
688298	3.9513354
688299	1.9973736
688300	4.5412464
688301	5.016543
688302	1.9265153
688303	2.1096883
688305	2.175038
688306	2.635734
688307	-0.13266434
688308	1.2149769
688309	4.2589803
688310	-3.0810385
688311	-2.6743946
688312	1.1352466
688313	2.0807128
688314	-3.6984916
688315	2.0570467
688316	1.9965274
688317	-6.500347
688318	-4.4233894
688319	3.130313
688320	2.0914245
688321	2.8090875
688322	0.027941953
688323	0.39966768
688325	-4.408527
688326	-2.8624182
688327	4.964888
688328	-1.8350894
688329	3.4203994
688330	3.8836408
688331	0.9755591
688332	-0.33212972
688333	3.0753698
688334	2.3830035
688335	3.2457836
688336	2.4308715
688337	0.4404911
688338	3.6160347
688339	0.11298685
688343	2.1663685
688345	3.7252452
688347	-0.67484325
688348	-4.0579596
688349	2.5834079
688350	3.6412063
688351	3.5880954
688352	3.1745448
688353	3.1016624
688355	3.0903113
688356	4.463496
688357	-0.12324095
688358	1.8368711
688359	-0.64048016
688360	-9.483652
688361	0.56203306
688362	0.9250247
688363	2.825586
688365	2.3035579
688366	3.1550353
688367	3.482755
688368	1.8434365
688369	1.3360361
688370	3.7775693
688371	0.055511106
688372	-5.3887243
688373	0.89232826
688375	3.5362172
688376	1.3732647
688377	1.6230805
688378	5.175108
688379	3.0902367
688380	-4.241729
688381	0.76219356
688382	2.101009
688383	0.3339875
688385	0.9230646
688386	2.6914124
688387	2.95171
688388	1.9540443
688389	2.2915523
688390	4.95905
688391	2.1984775
688392	3.0295196
688393	3.1456413
688395	1.4470336
688396	3.6810768
688398	2.9503868
688399	4.1380596
688400	1.3483205
688401	0.8333079
688403	0.3053266
688408	1.8602507
688409	2.2526422
688410	1.3068798
688416	0.7368701
688418	-2.9421575
688419	-0.42383695
688420	3.1635456
688425	2.598628
688426	-0.32097524
688428	3.8153996
688429	1.3298466
688432	2.7361698
688433	3.1038876
688435	1.6138519
688439	2.393944
688443	5.184433
688448	1.2100161
688450	2.977862
688455	3.974897
688456	3.2393012
688458	1.8155787
688459	3.9804611
688466	3.5488083
688468	2.9098594
688469	2.4240086
688472	3.184798
688475	1.4933544
688478	-0.67018676
688479	3.2275677
688480	2.370129
688484	0.9857832
688485	3.6215014
688486	2.9031813
688488	3.4994507
688489	1.7887999
688496	2.7192872
688498	1.6865326
688499	1.2756693
688500	1.3563082
688501	0.7867182
688502	-5.3529854
688503	2.9143386
688505	5.1534567
688506	3.267568
688507	1.4307499
688508	1.5511373
688509	1.8398186
688510	0.9370136
688511	0.8519327
688512	-1.0156181
688513	5.7839103
688515	-4.926511
688516	0.05364722
688517	0.39559576
688518	2.849626
688519	2.7817197
688520	2.6109848
688521	2.1582103
688522	3.00394
688523	-3.2397583
688525	4.556885
688526	3.147155
688528	3.9570377
688529	3.2265267
688531	0.7076462
688533	1.797087
688535	2.8685424
688536	-2.060123
688538	4.444879
688539	3.7273488
688543	-0.49052468
688548	1.5461438
688549	-0.23189752
688550	2.2097619
688551	4.069318
688552	-1.2620766
688553	2.8589842
688556	-0.04051152
688557	4.020295
688558	3.105747
688559	2.290702
688560	1.8291143
688561	2.4759688
688562	0.46819878
688563	1.6054754
688565	2.0774167
688566	2.53539
688567	3.8581688
688568	3.4078155
688569	1.5980027
688570	4.2000313
688571	3.0611148
688573	6.6619234
688575	3.7306347
688576	3.0063481
688577	2.2527387
688578	-5.027177
688579	2.1653857
688580	3.7008564
688581	-0.889857
688582	3.7422042
688584	-0.41320506
688585	3.7563617
688586	2.589979
688588	2.0010173
688589	1.8225958
688590	-0.3525097
688591	1.3837099
688592	1.7809973
688593	1.8196024
688595	1.9137049
688596	1.9182819
688597	3.9392395
688598	1.1269484
688599	1.678799
688600	3.5294309
688601	0.83682996
688602	1.5763545
688603	0.46247023
688606	1.1170429
688607	3.229571
688608	1.7619088
688609	-1.5109864
688610	0.9297525
688611	3.811776
688612	2.7982106
688613	-8.085429
688616	2.617237
688617	4.918917
688618	2.2733696
688619	1.3318399
688620	1.781299
688621	3.6308389
688622	3.4829705
688623	3.4105842
688625	3.8182273
688626	3.4024348
688627	1.0984255
688628	0.9684824
688629	-4.0693
688630	0.9784936
688631	-4.6568375
688633	2.383616
688636	-2.7202556
688638	2.4788902
688639	6.6169915
688646	0.983905
688648	-5.7737417
688651	-3.8405342
688652	-3.1391416
688653	5.5606613
688655	0.82843083
688656	2.257834
688657	1.5888512
688658	2.734069
688659	1.9404786
688660	3.7446866
688661	1.9540014
688662	1.0081899
688663	1.9432606
688665	2.6891916
688667	4.859914
688668	-3.4102414
688669	3.2711692
688670	2.2472034
688671	0.5767328
688676	3.51688
688677	4.9181123
688678	1.7069725
688679	2.873658
688680	-0.35032
688681	2.1203208
688682	-2.724237
688683	3.3912613
688685	2.4981685
688686	3.5097842
688687	1.5008329
688689	1.8470913
688690	3.9330807
688693	-6.4280915
688695	-3.688216
688696	3.2785046
688697	-0.68628144
688698	2.2237258
688699	0.2460661
688700	3.1874757
688701	-0.1547555
688702	-2.434361
688707	-1.2217159
688709	3.3873487
688711	1.2919086
688716	-0.94788694
688717	2.5272844
688718	2.9212148
688719	0.46713716
688720	-0.23314855
688722	3.2339242
688728	2.830256
688733	1.6495736
688737	2.7245195
688739	3.5388763
688766	1.2827303
688767	3.4830124
688768	2.5095742
688772	0.6400468
688776	3.542607
688777	2.1643918
688778	2.4076514
688779	2.959394
688786	1.2185893
688787	1.0829135
688788	2.39604
688789	2.6464581
688793	-0.96934193
688798	1.9674714
688799	2.5149739
688800	0.85269576
688819	3.9275677
688981	3.648912
689009	-2.4758527
