1	-29.054245
2	3.73277
4	-1.7873601
6	-1.60913
7	7.21418
8	-1.7078847
9	5.309832
10	10.416897
11	7.341828
12	7.9408193
14	8.349022
16	-12.231727
17	6.4519997
19	6.942547
20	-13.373749
21	3.7191203
25	4.6844645
26	8.00054
27	5.3999653
28	3.71912
29	2.5313106
30	5.497877
31	8.58282
32	6.218901
34	-0.9469156
35	5.148374
36	7.49875
37	7.7501936
39	3.938808
40	6.9206905
42	3.815221
45	10.40531
48	5.309904
49	6.916216
50	4.0011077
55	3.985806
56	4.5777173
58	8.794609
59	8.60857
60	2.7823465
61	8.480399
62	-33.207905
63	3.7191534
65	3.71924
66	3.7191203
68	9.750127
69	3.719835
70	5.492902
78	4.9675426
88	8.566643
89	3.7191203
90	3.8416584
96	10.772774
99	5.3192782
100	7.089447
151	4.241931
153	6.9989424
155	5.4900923
156	9.469384
157	3.8833961
158	11.091727
159	7.7676206
166	9.258712
301	4.2406297
333	6.975482
338	-4.5539236
400	5.289988
401	8.784534
402	5.170385
403	6.5894265
404	10.822877
407	9.909694
408	1.9216827
409	5.2653193
410	10.999866
411	6.4310503
415	7.4893374
417	9.190624
419	-8.117315
420	5.5077157
421	5.0587134
422	4.5005145
423	5.2025023
425	-14.018977
426	4.9391384
428	5.3631077
429	-34.037514
430	6.4754477
488	10.282288
498	4.874697
501	3.8931837
503	2.4367266
504	6.0776067
505	4.3316064
506	9.479717
507	9.80932
509	9.4274645
510	-16.153412
513	-1.3893698
514	11.188946
516	3.7191203
517	1.8031843
518	11.305788
519	3.725479
520	6.0068903
521	7.290471
523	9.586303
524	4.345188
525	-43.39521
526	-11.683951
528	5.0608997
529	4.32135
530	-15.200858
531	9.071291
532	-30.585432
533	7.1447654
534	7.0704703
536	9.514451
537	5.4179115
538	7.9869895
539	3.7191203
541	7.699894
543	7.3238373
544	5.2967467
545	2.4849086
546	-15.608824
547	-10.302093
548	8.897423
550	5.496442
551	1.8708816
552	4.3213706
553	5.4989753
554	10.631149
555	6.477888
557	9.86936
558	11.553838
559	5.425941
560	11.687341
561	11.322299
563	9.850369
564	5.5001516
565	9.765555
566	10.9815035
567	5.420141
568	3.7246895
570	9.061642
571	10.147474
572	8.971465
573	8.484613
576	3.8347847
581	3.7559621
582	3.0146136
584	8.189173
586	7.07397
589	5.4927163
590	10.364007
591	3.7236445
592	7.7960973
593	6.0657096
595	11.270239
596	3.7191267
597	8.657973
598	6.8551416
599	8.940323
600	5.3100324
601	5.3456
603	-2.6704168
605	6.4009767
607	9.395829
608	11.621165
609	10.9219265
610	3.7191203
612	3.5850756
615	7.933075
617	7.526629
619	4.343039
620	8.06938
622	10.318803
623	9.498196
625	3.71911
626	6.8275857
627	10.508807
628	3.7131212
629	7.2193775
630	3.7160032
631	5.677227
632	6.4679985
633	4.2345905
635	9.461427
636	4.860312
637	12.0870905
638	9.342402
639	7.693197
650	3.724689
651	-23.217424
652	9.537237
655	7.068405
656	9.035849
657	6.2860355
659	5.8143225
661	3.7191324
663	8.413661
665	5.244005
668	10.972544
669	7.6691246
670	2.5680287
672	-4.2602706
676	4.209588
677	2.4637637
678	-21.47018
679	9.88362
680	3.1052728
681	4.406098
682	4.1347494
683	5.309904
685	5.9107275
686	4.1302466
688	5.5887527
690	5.3099146
691	11.2891655
692	9.217994
695	-21.477291
697	8.134906
698	7.6152406
700	4.855333
701	11.129713
702	10.671966
703	4.0317616
705	5.387026
707	4.4932737
708	5.3098183
709	6.605077
710	7.354522
711	6.904949
712	0.891778
713	7.100453
715	10.807957
716	4.694012
717	7.1803403
718	10.900474
719	1.9132539
720	7.5229635
721	5.3274674
722	9.067956
723	5.4900913
725	6.9640713
726	4.7196345
727	7.040318
728	8.414845
729	6.4664664
731	6.455041
733	4.038802
735	9.765309
736	10.803454
737	8.518478
738	7.30407
739	7.293666
750	-1.1523151
751	4.0934343
752	-8.925136
753	7.5219436
755	-21.117748
756	10.217579
757	9.759497
758	5.401805
759	7.470121
761	8.478576
762	5.7896323
766	3.7191064
767	9.402406
768	5.663517
776	8.111179
777	5.4012747
778	9.04965
779	5.401475
782	8.687636
783	9.342823
785	10.414423
786	3.931426
788	11.274998
789	7.7042356
790	2.725336
791	5.4184556
792	5.32664
793	9.466093
795	6.047419
796	5.465314
797	10.6910515
798	9.4633465
799	3.7230551
800	6.7931876
801	3.5151126
802	9.81647
803	9.655148
807	3.7219343
809	8.777077
810	-29.174757
811	3.7193174
812	7.9361835
813	6.847378
815	9.075951
816	10.153561
818	4.7297187
819	-8.296435
820	-20.677687
821	5.475137
822	5.569137
823	6.4760194
825	4.827102
826	10.622652
828	4.1608725
829	1.9901928
830	2.0970306
831	3.7191203
833	9.38802
837	5.685754
838	5.5083017
839	3.7191203
848	10.391537
850	10.507987
851	11.183908
852	4.330925
856	9.252136
858	3.8037384
859	9.28114
860	3.7221448
862	5.5069685
863	11.569177
868	8.47548
869	3.7251334
875	7.9286556
876	5.592192
877	3.7257612
878	5.3459673
880	-7.074172
881	8.589128
882	9.083072
883	5.1836452
885	5.484223
886	10.206438
887	2.361581
888	1.9167725
889	9.480375
890	10.9614
892	9.483366
893	-1.6231153
895	7.243045
897	10.375086
898	6.505869
899	6.7540927
900	9.7876835
901	-7.31261
902	2.369905
903	6.9254823
905	8.930147
906	3.7195761
908	-31.403048
909	9.714864
910	-2.3360183
911	6.905606
912	7.891637
913	5.7617693
915	3.7191875
917	6.873579
919	10.826183
920	5.443761
921	3.7191193
922	8.013262
923	6.7967386
925	5.900348
926	7.6085577
927	8.733091
928	9.601024
929	11.331207
930	8.985942
931	10.045337
932	4.3213515
933	3.5078878
935	3.719253
936	2.2774506
937	5.2111883
938	4.6121693
948	8.646107
949	9.014905
950	8.597962
951	-2.1556368
952	11.337947
953	11.15728
955	10.509914
957	4.594027
958	8.715033
959	8.624158
960	7.3759885
962	5.504066
963	-26.244463
965	11.140113
966	6.4643426
967	8.110121
968	11.151768
969	4.666699
970	10.254153
972	6.930826
973	9.447509
975	4.3119564
977	3.7191203
978	4.2025056
980	8.424279
981	7.0250463
983	3.9505103
985	8.708961
987	8.899222
988	6.4824286
989	7.83469
990	4.3213515
993	5.4901023
995	9.482288
997	8.096485
998	3.7306743
999	1.8001583
1201	6.4544
1202	6.718969
1203	4.6534166
1205	4.3232837
1206	5.924236
1207	5.3772016
1208	11.190859
1209	10.182301
1210	7.883782
1211	9.246213
1212	9.175299
1213	10.006233
1215	4.2392945
1216	11.859642
1217	7.846279
1218	4.32835
1219	13.954951
1222	8.850724
1223	1.840216
1225	11.208692
1226	4.3214636
1227	11.969437
1228	7.909174
1229	8.714727
1230	10.231996
1231	6.549957
1234	7.105546
1236	9.002536
1238	4.495463
1239	8.52496
1255	6.232054
1256	6.539218
1258	6.4214234
1259	5.504723
1260	4.035327
1266	10.409488
1267	9.483314
1268	4.611861
1269	4.0786014
1270	10.054053
1278	5.471003
1282	5.50217
1283	5.2183795
1286	4.321465
1287	-4.7141857
1288	5.4948306
1289	9.241272
1296	9.645787
1298	-37.41029
1299	10.862368
1300	5.150514
1301	7.8926573
1306	3.9954164
1308	3.71912
1309	6.756879
1311	3.7235498
1313	-20.082983
1314	1.9444859
1316	8.666537
1317	6.1801443
1318	-12.105927
1319	9.518104
1322	7.294801
1323	8.9499655
1324	5.867013
1326	7.7947197
1328	10.976573
1330	4.32259
1331	4.321485
1332	7.1416564
1333	10.143364
1336	5.7757535
1337	4.0625024
1338	5.4709425
1339	11.181443
1358	7.0986953
1359	11.0256195
1360	7.993146
1366	5.1501994
1367	3.4903154
1368	4.3283243
1373	4.7875457
1376	5.1505256
1378	8.0113535
1379	9.557504
1380	6.5223365
1387	6.7846417
1389	3.7089405
1696	-10.301067
1872	-12.0753355
1896	6.519134
1914	7.566721
1965	-15.473542
1979	11.508021
2001	3.7178264
2003	3.279816
2004	1.9499713
2005	-7.5802264
2006	3.7191203
2007	4.9542923
2008	3.7191203
2009	-13.665632
2010	6.821258
2011	4.2374473
2012	-22.1503
2014	-6.4544334
2015	4.3155594
2016	6.752458
2017	5.6210256
2019	3.719116
2020	8.68632
2021	6.904465
2022	-12.524327
2023	5.3220005
2024	9.798367
2025	8.332375
2026	6.8991523
2027	6.89233
2028	3.3695712
2029	5.7479696
2030	-6.17774
2031	-1.4446983
2032	6.557523
2033	3.7193503
2034	9.661988
2035	5.3000636
2036	3.785025
2037	9.185274
2038	5.7900662
2039	0.6592808
2040	8.750772
2041	3.754314
2042	7.3156767
2043	5.7888703
2044	4.978397
2045	-7.207649
2046	6.3394117
2047	10.448904
2048	3.7195606
2049	3.7191212
2050	2.2647502
2051	8.309975
2052	-28.179445
2053	4.309778
2054	7.0596433
2055	3.718787
2056	9.226473
2057	3.7221437
2058	9.37399
2059	11.974415
2060	6.588398
2061	8.4143
2062	6.8585525
2063	3.7312179
2064	7.9705443
2065	3.8914137
2066	6.420508
2067	-19.014805
2068	3.7191203
2069	-15.470305
2072	9.465002
2073	3.7232797
2074	1.8637695
2075	8.4611435
2076	4.1876698
2077	10.644882
2078	5.310331
2079	3.7191203
2080	3.7191205
2081	9.706381
2082	9.848751
2083	11.7012825
2084	-27.178144
2085	2.3120742
2086	11.834159
2088	5.31753
2090	3.720992
2091	5.4249077
2092	5.404566
2093	4.3240747
2094	9.440044
2095	3.7530415
2096	5.398593
2097	5.5075345
2098	-19.137884
2099	9.231949
2100	3.7200873
2101	2.342008
2102	8.462528
2103	9.287617
2104	2.215445
2105	9.855055
2106	-13.709417
2107	5.934993
2108	6.4928594
2109	4.32165
2110	4.3266416
2111	4.7382817
2112	10.002781
2114	8.993017
2115	9.491395
2116	6.869777
2117	3.6444974
2119	3.7191203
2120	5.8583612
2121	5.311444
2122	6.463278
2123	3.7200568
2124	-11.5055
2125	3.7262433
2126	3.7026346
2127	9.665376
2128	5.173326
2129	3.7191203
2130	5.09322
2131	3.72509
2132	9.698761
2133	8.899387
2134	6.4665613
2135	6.458647
2136	4.333355
2137	-12.422957
2138	3.722455
2139	3.7673326
2140	3.7737632
2141	11.15726
2142	4.784452
2144	7.953512
2145	8.917124
2146	9.365496
2148	1.9079221
2149	8.07721
2150	3.7192993
2151	7.0503044
2152	4.641717
2153	3.7249398
2154	4.4499664
2155	5.9421024
2156	3.71912
2157	3.7229877
2158	-4.4989176
2159	9.351601
2160	6.905747
2161	3.7191327
2162	10.986061
2163	7.8279014
2164	11.198574
2165	8.045146
2166	3.7497308
2167	7.8322315
2168	-13.314762
2169	5.095038
2170	-11.951768
2171	5.511048
2172	8.525926
2173	7.627374
2174	9.753069
2175	8.004913
2176	3.7234576
2177	9.465851
2178	9.279771
2179	6.60486
2180	5.358686
2181	9.224366
2182	3.7191203
2183	3.7334752
2184	7.0014725
2185	3.7191584
2186	4.157305
2187	8.165368
2188	10.685696
2189	10.549674
2190	5.840274
2191	10.674872
2192	2.094663
2193	10.886473
2194	10.68832
2195	3.9442804
2196	9.495029
2197	7.081091
2198	11.770747
2199	-1.5759948
2200	6.4780693
2201	6.7748685
2202	-21.381214
2203	6.793294
2204	4.3280516
2205	10.847765
2206	3.7769926
2207	11.116477
2208	9.488717
2209	11.918662
2210	8.541549
2211	9.412435
2212	5.4977894
2213	6.495486
2214	5.8221674
2215	6.992153
2216	4.987699
2217	5.943863
2218	6.825796
2219	-4.85095
2221	7.539109
2222	3.7622533
2223	3.7218826
2224	4.812696
2225	7.0710535
2226	3.9198608
2227	9.510907
2228	1.9482498
2229	3.71912
2230	3.7191203
2231	-15.604329
2232	-10.475701
2233	5.3766003
2234	6.077386
2235	4.5467257
2236	3.7191212
2237	3.7191195
2238	6.8842416
2239	5.497938
2240	5.1278925
2241	3.8304513
2242	6.587504
2243	9.965424
2244	7.062914
2245	4.569626
2246	5.9256544
2247	9.010372
2248	9.496989
2249	5.150592
2250	5.5366898
2251	6.9299755
2252	5.5592165
2253	3.5058322
2254	8.227229
2255	5.1471915
2256	8.01038
2258	5.340565
2259	12.772193
2261	6.7674437
2262	-15.211034
2263	8.536933
2264	5.4970756
2265	6.639222
2266	9.686204
2267	7.733796
2268	3.7192225
2269	11.17388
2270	-1.7681402
2271	3.5061588
2272	9.77206
2273	4.3704762
2274	7.0426564
2275	6.0659623
2276	5.4970813
2277	8.102773
2278	11.764571
2279	7.128756
2281	3.721948
2282	7.865913
2283	4.1896396
2284	4.2505093
2285	11.163652
2286	7.816341
2287	0.9208362
2289	8.331015
2290	7.0931516
2291	11.276122
2292	4.0108833
2293	5.3529963
2294	8.929197
2295	7.0455923
2296	4.9981217
2297	10.9652605
2298	7.375777
2299	5.447491
2300	4.0024185
2301	8.363273
2302	9.2177105
2303	7.3377423
2304	5.3098545
2305	10.861931
2306	8.69906
2307	10.292906
2308	7.396498
2309	-19.094511
2310	3.9426782
2311	5.3098125
2312	5.3100343
2313	8.069744
2314	7.0887675
2315	3.7197988
2316	9.620492
2317	-8.129315
2318	3.7403753
2319	10.890467
2320	7.8286014
2321	10.636996
2322	4.826051
2323	7.0111785
2324	3.7191203
2326	3.7193112
2327	4.5016637
2328	5.4954557
2329	11.362642
2330	4.8088236
2331	5.4348373
2332	8.678777
2333	4.785733
2334	4.2640038
2335	3.5624864
2336	11.322509
2337	8.475109
2338	5.30983
2339	8.497806
2340	3.7222974
2342	10.89139
2343	9.421228
2344	7.1205683
2345	3.9252684
2346	5.521165
2347	10.146075
2348	8.828318
2349	8.764689
2350	9.590248
2351	3.6140995
2352	6.3843384
2353	3.7234523
2354	11.058302
2355	7.988405
2356	7.4401956
2357	10.058884
2358	5.4909234
2360	6.4649415
2361	9.023742
2362	5.5051184
2363	6.05284
2364	4.4253836
2365	7.891449
2366	9.41724
2367	3.7687752
2368	4.865336
2369	9.472475
2370	9.77537
2371	3.7137067
2372	5.360882
2373	4.5082603
2374	9.432199
2375	6.6499395
2376	8.684204
2377	3.9245281
2378	8.547907
2379	3.9056573
2380	7.774407
2381	3.733061
2382	9.801644
2383	9.190944
2384	-4.2923217
2385	4.0278296
2386	8.53192
2387	8.517433
2388	8.4573145
2389	4.3456273
2390	3.7310104
2391	9.123379
2392	10.208547
2393	10.376587
2394	7.1359663
2395	-7.485887
2396	8.324035
2397	11.914223
2398	5.5319366
2399	8.570712
2400	9.290384
2401	3.726237
2402	3.7191203
2403	-18.192625
2404	6.208376
2405	8.562667
2406	10.115423
2407	3.7375467
2408	5.2621903
2409	4.532248
2410	-3.9976006
2412	9.615332
2413	10.54692
2414	4.083263
2415	5.3099017
2416	9.23093
2418	10.725561
2419	5.389678
2420	8.001735
2421	4.8930287
2422	-28.99909
2423	3.9368296
2424	7.233806
2425	8.870537
2426	11.166127
2427	4.236923
2428	5.8906364
2429	5.1987867
2430	4.9638667
2431	9.46014
2432	-15.003345
2434	5.4167976
2436	5.634402
2437	9.415925
2438	4.0812087
2439	3.7191267
2440	8.322672
2441	4.52374
2442	4.2437983
2443	6.0634747
2444	5.040911
2445	8.687343
2446	9.863269
2448	5.424859
2449	10.0777855
2451	11.267402
2452	2.0434253
2453	5.488339
2454	7.4284444
2455	3.5061855
2456	-4.712851
2457	11.302087
2458	3.7271807
2459	5.4938436
2460	8.968919
2461	9.280259
2462	3.5740106
2463	6.0506735
2465	3.726972
2466	3.7218332
2467	0.70898396
2468	4.324888
2469	-9.803452
2470	10.231968
2471	8.028891
2472	3.7191203
2474	9.437513
2475	-7.2586703
2476	4.449836
2478	4.333088
2479	-13.817437
2480	9.445346
2481	3.6033654
2482	5.3556657
2483	5.337202
2484	3.7220323
2485	10.944351
2486	10.926521
2487	1.7677306
2488	-10.577692
2489	11.140748
2490	10.972063
2491	9.155843
2492	7.531384
2493	1.0731034
2494	9.39865
2495	5.426721
2496	10.460166
2497	3.7234585
2498	4.549182
2500	8.832144
2501	9.07992
2506	4.3273754
2507	4.3771253
2508	3.7193303
2510	7.8642015
2511	5.0699
2512	8.310273
2513	12.01426
2514	5.50218
2515	5.902806
2516	-12.643969
2517	6.9861903
2518	3.7186174
2519	6.006458
2520	5.104771
2521	4.1920156
2522	6.2273636
2523	9.855142
2524	9.51674
2526	6.4576597
2527	4.845484
2528	8.631933
2529	10.538769
2530	4.3213515
2531	5.0383687
2532	1.7252307
2533	3.7209592
2534	6.032889
2535	10.431523
2536	3.5076315
2537	4.0335193
2538	10.846569
2539	3.8187137
2540	3.7417014
2541	3.506796
2542	8.250673
2543	5.319557
2544	7.749786
2545	5.4220276
2546	6.9844236
2547	-16.508509
2548	4.141036
2549	4.898159
2550	2.130943
2551	8.723934
2552	6.7982483
2553	2.0850713
2554	8.931144
2555	7.907348
2556	7.159721
2557	4.4584436
2558	8.162793
2559	3.719122
2560	5.911519
2561	7.056232
2562	6.3164434
2563	4.821337
2564	4.321352
2565	7.903256
2566	9.432156
2567	5.4751396
2568	1.1285802
2569	9.340372
2570	10.470616
2571	10.406276
2572	3.719531
2573	4.51787
2574	10.157449
2575	6.4137063
2576	11.086116
2577	-23.775532
2578	6.797883
2579	7.0310698
2580	6.856798
2581	5.471787
2582	5.5039887
2583	5.542038
2584	8.491534
2585	5.0471625
2586	11.050175
2587	5.551737
2588	5.167947
2589	9.482174
2590	4.748178
2591	9.685273
2592	11.169491
2593	7.1295257
2594	5.664745
2595	5.0713806
2596	8.222874
2597	2.3449335
2598	6.340896
2599	-16.76288
2600	11.168484
2601	3.722118
2602	7.0886064
2603	-1.1937531
2605	7.0317965
2606	8.071333
2607	9.482159
2608	4.304393
2609	3.8930738
2611	1.4870349
2612	5.5008764
2613	6.407532
2614	7.6742516
2615	5.9047985
2616	10.180492
2617	2.5226808
2620	11.294279
2622	10.6842375
2623	7.021179
2624	8.742943
2625	5.3274846
2626	6.518331
2627	11.327117
2628	9.483852
2629	9.479007
2630	8.5512905
2631	-21.77417
2632	3.8217776
2633	5.853123
2634	10.051149
2635	3.7216315
2636	9.445274
2637	9.523168
2638	8.630599
2639	-8.309912
2640	2.2289553
2641	5.3108244
2642	-19.244097
2643	3.7191288
2644	5.787553
2645	4.833933
2646	4.3222065
2647	8.675637
2648	3.7192528
2649	3.9738784
2650	-15.136535
2651	11.344295
2652	9.482229
2653	-12.249349
2654	3.719318
2655	3.9379861
2656	11.318275
2657	3.731634
2658	4.173722
2659	9.484484
2660	7.0229435
2661	11.293081
2662	5.490827
2663	9.92546
2664	3.719551
2666	6.3925004
2667	-20.836922
2668	-0.65975964
2669	7.260688
2670	9.482158
2671	5.511267
2672	4.325582
2673	7.6829014
2674	8.851759
2675	4.210723
2676	11.170436
2677	5.1607337
2678	10.220494
2679	6.442383
2681	0.8320136
2682	7.821393
2683	5.3399324
2685	9.774334
2686	4.5208526
2687	5.6712427
2688	9.299189
2689	-13.2665
2690	3.71917
2691	-15.771572
2692	11.154079
2693	-0.98593473
2694	6.042525
2695	9.042649
2696	8.199579
2697	3.804799
2698	9.834707
2700	-12.3512745
2701	7.613187
2702	5.4795427
2703	6.4988976
2705	5.422766
2706	3.71912
2707	5.1133013
2708	7.470717
2709	4.0112224
2712	6.314627
2713	-19.261015
2714	3.7191248
2715	7.8961864
2716	5.799735
2717	11.120412
2718	6.830616
2719	11.10575
2721	6.490049
2722	8.581862
2723	5.4883423
2724	4.2124085
2725	8.293576
2726	-10.32416
2727	5.479554
2728	4.521276
2729	11.259327
2730	6.4215517
2731	4.2425213
2732	6.438617
2733	6.4921007
2734	7.197296
2735	7.0713134
2737	4.9392242
2738	1.8120944
2739	5.497074
2741	8.211291
2742	11.003013
2743	9.049584
2745	4.9187455
2746	6.1988444
2747	5.6764765
2748	-19.255644
2749	4.9824114
2750	11.086204
2752	7.049129
2753	5.518795
2755	-3.4271915
2756	4.848615
2757	8.54435
2758	4.536787
2759	5.511135
2760	-16.287153
2761	8.472196
2762	9.321665
2763	8.523287
2765	5.3973775
2766	8.0139265
2767	4.651051
2768	3.724083
2769	5.412728
2771	-5.59657
2772	10.344939
2773	0.056503914
2774	8.549099
2775	-19.260908
2777	4.8373966
2778	6.3896723
2779	1.9060867
2780	10.485701
2782	5.5135508
2783	5.791585
2785	9.079895
2786	4.32135
2787	5.492716
2788	11.01734
2789	9.25806
2790	6.329802
2791	6.5079265
2792	4.4695854
2793	8.7640505
2795	4.2522216
2796	-0.25395727
2797	11.25386
2798	6.8583665
2799	6.6891737
2800	8.677532
2801	3.7248912
2802	9.439873
2803	8.389006
2805	11.115193
2806	10.048975
2807	10.532024
2808	7.3721514
2809	8.44374
2810	-35.856873
2811	11.222019
2812	3.7191203
2813	6.9025383
2815	7.9016466
2816	6.495941
2817	9.441584
2818	5.372089
2819	6.173289
2820	4.2479773
2821	3.7035406
2822	5.815847
2823	8.066294
2824	8.913088
2825	7.083858
2826	9.478056
2827	1.9939969
2828	6.349786
2829	-10.580854
2830	9.160361
2831	6.3265805
2832	3.71912
2833	5.3102503
2835	7.2736382
2836	9.322887
2837	5.962384
2838	3.7204473
2839	8.589439
2840	4.269824
2841	7.7421064
2842	7.011055
2843	11.218958
2845	3.763376
2846	8.515205
2847	7.223955
2848	11.324876
2849	4.32135
2850	5.3100333
2851	6.809858
2852	4.3227882
2853	8.042787
2855	3.8315997
2856	7.049157
2857	8.016886
2858	4.3265533
2859	3.7191186
2860	6.453653
2861	-12.237505
2862	11.069627
2863	4.198521
2864	8.069549
2865	5.3451653
2866	4.337358
2867	5.497076
2868	4.3255863
2869	4.440004
2870	7.670372
2871	8.728813
2872	-15.473778
2873	7.094083
2875	9.739835
2876	3.7331834
2877	4.32531
2878	7.7972946
2879	10.700215
2880	5.3402977
2881	-23.764889
2882	11.527945
2883	8.56167
2884	5.3704987
2885	5.5127406
2886	3.71912
2887	7.6382756
2888	-21.476778
2889	8.479058
2890	8.931575
2891	1.8480046
2892	1.0738444
2893	5.9836793
2895	10.330221
2896	7.3798194
2897	5.01778
2898	7.619445
2899	5.5006857
2900	9.304169
2901	5.092376
2902	11.105549
2903	4.2405634
2905	5.8253703
2906	6.460768
2907	7.810377
2908	4.321559
2909	8.253929
2910	0.84436065
2911	-5.938327
2912	3.7174098
2913	3.7448997
2915	-17.682564
2916	3.3231218
2917	7.0734677
2918	4.3221655
2919	1.7880536
2920	-1.4951749
2921	7.7048507
2922	5.479553
2923	3.5064573
2925	5.4827065
2926	8.158162
2927	5.300717
2928	5.507326
2929	5.4883413
2930	6.399322
2931	6.3507524
2932	7.90771
2933	8.440083
2935	5.3735967
2936	8.974147
2937	8.509792
2938	-4.2300706
2939	8.174711
2940	8.182042
2941	7.377422
2942	9.455493
2943	5.4751396
2945	7.3876634
2946	9.378232
2947	3.7224967
2948	8.117558
2949	4.84098
2950	8.086592
2951	11.046185
2952	-8.89165
2953	7.616832
2955	4.913536
2956	1.2315706
2957	10.512252
2958	9.519068
2959	3.7191632
2960	5.497076
2961	11.30033
2962	4.2013097
2963	8.233009
2965	5.4970784
2966	11.117247
2967	7.070397
2968	7.8479614
2969	7.920686
2970	3.8235855
2971	4.3213983
2972	8.940227
2973	5.2979183
2975	5.868611
2976	7.9908414
2977	8.446855
2978	4.32639
2979	9.3383465
2980	11.428822
2981	7.72589
2982	9.771947
2983	8.78886
2984	7.211656
2985	4.73628
2986	-31.64884
2987	-5.406342
2988	6.4217067
2989	8.788831
2990	3.7223287
2991	7.7506514
2992	7.1509767
2993	5.855113
2995	4.620566
2996	5.507731
2997	7.1689105
2998	6.4720473
2999	4.333184
3000	6.8357215
3001	-21.401154
3002	7.8954754
3003	8.530609
3004	5.4840503
3005	8.072098
3006	7.4460998
3007	5.502977
3008	11.19915
3009	-9.506632
3010	7.054341
3011	8.9446945
3012	4.32162
3013	5.288594
3015	9.282086
3016	7.194872
3017	9.709727
3018	8.981489
3019	7.13945
3020	2.4036188
3021	3.89354
3022	6.4538045
3023	6.977937
3025	8.714974
3026	-11.977047
3027	7.7701087
3028	4.9317026
3029	7.850403
3030	5.4309983
3031	3.7191439
3032	10.847718
3033	2.7657485
3035	6.460523
3036	8.134041
3037	6.532004
3038	5.5056868
3039	7.9476347
3040	4.3255563
3041	5.4971695
3042	5.4975524
3043	-3.6065955
3816	11.191711
300001	5.023787
300002	5.326124
300003	3.7191203
300004	1.937026
300005	-40.97793
300006	11.740016
300007	4.6976285
300008	5.9121823
300009	9.607309
300010	8.86112
300011	-12.587166
300012	4.2945986
300013	-20.183561
300014	3.719252
300015	3.7813535
300016	6.093404
300017	3.7234378
300018	3.8537788
300019	3.7191203
300020	11.159258
300021	3.6542215
300022	6.9352756
300024	4.6532664
300025	7.992784
300026	4.900212
300027	1.3941007
300029	6.232354
300030	9.481969
300031	3.8552651
300032	8.511794
300033	-8.482933
300034	3.7210052
300035	3.9254687
300036	5.8438687
300037	-12.590912
300039	-4.959458
300040	10.536457
300041	3.9974592
300042	7.3832426
300043	-5.8643217
300044	4.9874144
300045	3.9199028
300046	4.736255
300047	3.0252688
300048	3.257783
300049	3.7120323
300050	-29.522305
300051	4.036819
300052	8.517881
300053	-10.303839
300054	7.785171
300055	9.723264
300056	3.6141875
300057	11.9771
300058	-12.709033
300059	5.400138
300061	-12.180466
300062	2.7201142
300063	-43.597523
300065	3.955313
300066	1.9885895
300067	5.5113664
300068	8.789454
300069	-17.578558
300070	3.725655
300071	10.980001
300072	4.1791573
300073	7.7349505
300074	1.914286
300075	3.7199373
300076	-24.330921
300077	2.1330762
300078	2.1719253
300079	1.797482
300080	5.554686
300081	-20.952652
300082	2.0643966
300083	-31.202417
300084	8.475588
300085	5.527527
300086	11.023175
300087	4.917484
300088	-7.9137416
300091	11.301489
300092	7.328928
300093	8.11593
300094	11.339114
300095	8.810463
300096	11.355997
300097	6.861155
300098	-4.846635
300099	6.698413
300100	5.8568997
300101	5.468189
300102	8.425504
300103	-0.33149442
300105	5.201719
300106	11.188739
300107	4.4001746
300108	9.277319
300109	5.4300985
300110	11.298619
300111	10.017414
300112	9.746104
300113	-14.939627
300114	7.059975
300115	1.568383
300117	-16.441788
300118	3.7191203
300119	3.733029
300120	5.283857
300121	3.7569904
300122	3.7188053
300123	11.228836
300124	3.7191203
300125	-10.849683
300126	8.461235
300127	3.719496
300128	3.6497138
300129	2.6611056
300130	8.083978
300131	-10.339557
300132	8.7870035
300133	3.7191348
300134	10.734634
300135	9.439865
300136	2.297739
300137	7.724316
300138	3.719074
300139	5.35428
300140	4.3214555
300141	4.568958
300142	3.7192063
300143	5.1944633
300144	3.524622
300145	5.230295
300146	4.9038115
300147	7.950466
300148	9.514994
300149	8.228555
300150	6.8819346
300151	3.8571491
300152	8.443749
300153	7.156511
300154	8.62993
300155	11.0438
300157	8.652547
300158	9.199431
300159	4.131667
300160	3.7390444
300161	3.8453095
300162	5.89866
300163	11.191447
300164	9.228044
300165	9.9901085
300166	5.4726014
300167	6.9072433
300168	1.952105
300169	9.177772
300170	-8.613264
300171	3.7194986
300172	-9.225535
300173	10.924651
300174	3.9404237
300175	8.071006
300176	10.519421
300177	4.5867662
300179	3.559972
300180	9.617689
300181	-9.328825
300182	4.3451414
300183	-27.899115
300184	-30.610723
300185	7.307544
300187	5.939606
300188	3.7192242
300189	10.232269
300190	10.351645
300191	3.7746427
300192	-10.281233
300193	11.036863
300194	9.85377
300195	8.14572
300196	8.197044
300197	7.938827
300198	9.052048
300199	3.8868668
300200	5.749944
300201	3.7273595
300203	7.9785013
300204	7.956082
300205	5.8904204
300206	9.546223
300207	7.0821476
300208	11.161466
300209	-19.262003
300210	3.7231839
300211	9.126816
300212	3.596589
300213	3.2291517
300214	6.4706364
300215	5.2824264
300217	-3.1952043
300218	7.893085
300219	9.482179
300220	7.6978517
300221	6.8853383
300222	3.8862767
300223	3.6380553
300224	4.982468
300225	4.3723845
300226	3.827215
300227	6.8371773
300228	-35.889294
300229	3.7191203
300230	8.52205
300231	1.9200276
300232	5.6598763
300233	6.2051888
300234	5.8109727
300235	1.9780046
300236	3.8369017
300237	8.511598
300238	5.460834
300239	8.964114
300240	7.0758667
300241	9.42493
300242	9.274429
300243	4.4367166
300244	3.719258
300245	8.5851555
300246	6.6815553
300247	9.414828
300248	-13.891785
300249	5.7267084
300250	5.145176
300251	3.722843
300252	3.9054947
300253	3.7250605
300254	10.473232
300255	2.1953287
300256	8.744714
300257	5.3088045
300258	3.810017
300259	5.8882713
300260	7.788672
300261	2.2145345
300263	5.2436705
300264	10.20894
300265	9.60713
300266	11.480913
300267	9.387866
300268	5.3438888
300269	8.720954
300270	4.692848
300271	4.0122895
300272	6.8930593
300274	6.237771
300275	4.7058287
300276	-32.37186
300277	10.372239
300278	6.50946
300279	9.482192
300280	7.872629
300281	9.158943
300283	11.111431
300284	8.069634
300285	3.6869178
300286	3.7191203
300287	8.215679
300288	-1.4910632
300289	9.482163
300290	3.6406434
300291	1.927266
300292	7.9965086
300293	0.9361616
300294	5.8224216
300295	1.9840024
300296	-30.190485
300298	-0.16041443
300299	-0.7822561
300300	11.170384
300301	4.9519763
300302	-10.989231
300303	1.9765453
300304	3.7192616
300305	6.4648476
300306	-31.173529
300307	7.6594687
300308	2.9578414
300310	-43.37346
300311	9.139454
300313	7.872239
300314	5.3098893
300315	6.5933557
300316	3.7191179
300317	4.32135
300318	7.744396
300319	3.6093085
300320	3.7375493
300321	8.760459
300322	1.8163426
300323	9.601013
300324	2.0610251
300326	5.4286838
300327	3.7192473
300328	9.756066
300329	9.006946
300331	-7.8670774
300332	5.496847
300333	11.210444
300334	9.482158
300335	12.465036
300337	5.245568
300338	-21.470938
300339	7.8513927
300340	-0.0010244806
300341	9.540639
300342	0.38945237
300343	3.7199824
300344	9.461149
300345	9.846882
300346	3.7155719
300347	5.93833
300348	-1.2543777
300349	-1.8709527
300350	8.200594
300351	2.3528233
300352	8.169387
300353	-22.455145
300354	3.720135
300355	10.68881
300357	-3.1399958
300358	6.565748
300359	-12.585732
300360	3.7193563
300363	4.7078347
300364	3.7191203
300365	1.9015093
300366	4.15171
300368	11.157412
300369	1.9388509
300370	8.863004
300371	-12.372753
300373	3.71912
300374	7.893435
300375	8.12586
300376	-14.636055
300377	-10.28138
300378	-12.8322
300379	1.7492137
300380	4.686605
300381	6.1570306
300382	3.8990147
300383	3.9090588
300384	5.227377
300385	8.696595
300386	1.7527524
300387	11.726105
300388	10.399193
300389	3.7061875
300390	4.034011
300391	9.00409
300393	5.0334444
300394	4.725293
300395	6.5670953
300396	4.0284595
300397	4.6017814
300398	3.7189775
300399	9.475668
300400	-31.008333
300401	3.5479207
300402	9.534775
300403	2.574429
300404	5.113458
300405	9.372187
300406	3.8790631
300407	-1.4033428
300408	6.619361
300409	5.4435973
300410	5.7819624
300411	4.736255
300412	9.482082
300413	4.5568824
300414	9.350706
300415	8.152409
300416	1.9470867
300417	8.621435
300418	0.037902523
300419	3.767434
300420	10.39695
300421	-16.173702
300422	4.9651003
300423	10.342535
300424	11.498678
300425	3.7233198
300426	-4.2510605
300427	10.388506
300428	3.7191203
300429	4.7304688
300430	4.025422
300432	7.8468447
300433	4.03205
300434	9.355409
300435	7.8014727
300436	0.6067044
300437	4.3274355
300438	-41.472416
300439	10.810995
300440	10.678985
300441	0.3837013
300442	7.208628
300443	-10.039401
300444	10.215535
300445	3.7223182
300446	6.8408284
300447	9.742584
300448	-0.50236756
300449	12.171343
300450	3.7294145
300451	3.8184621
300452	2.3045623
300453	5.410077
300454	3.7192461
300455	4.090543
300456	2.1970286
300457	-3.1981537
300458	3.7176118
300459	1.8321719
300460	8.658933
300461	-41.933517
300462	7.963514
300463	4.3453493
300464	8.987128
300465	10.392152
300466	8.20141
300467	-8.806777
300468	0.5228453
300469	5.1722083
300470	5.3506155
300471	-18.502497
300472	9.775342
300473	-17.483547
300474	3.719972
300475	3.4997315
300476	1.32593
300477	-13.305218
300478	6.5585485
300479	11.166249
300480	5.205817
300481	3.7191203
300482	3.685163
300483	9.056754
300484	5.111452
300485	8.507611
300486	8.307687
300487	0.8433306
300488	5.175881
300489	1.9845697
300490	11.117183
300491	11.269793
300492	6.1893635
300493	-6.7282143
300494	4.113121
300496	3.7218857
300497	3.7254856
300498	3.7193103
300499	0.4381563
300500	11.103263
300501	-39.101543
300502	-6.526838
300503	-13.200468
300504	8.830745
300505	5.51213
300506	11.191694
300507	4.7461348
300508	8.193126
300509	9.446788
300510	6.5433617
300511	8.663568
300512	10.937468
300513	10.133162
300514	7.0722537
300515	4.325698
300516	-2.5301018
300517	7.000561
300518	10.3951645
300519	7.1497917
300520	3.719342
300521	4.160458
300522	3.7213833
300523	4.5361166
300525	-5.301693
300527	9.386101
300528	7.1803484
300529	5.1574426
300530	-36.30909
300531	-29.953138
300532	-10.538661
300533	1.7931886
300534	10.927681
300535	3.8306782
300536	7.2970963
300537	4.275889
300538	4.139979
300539	-6.6129065
300540	8.758297
300541	10.161855
300542	5.9273787
300543	1.434825
300545	1.9889331
300546	4.266952
300547	7.819499
300548	0.22728378
300549	6.6979685
300550	9.494827
300551	9.464314
300552	3.8881383
300553	7.757678
300554	3.5332415
300555	11.1868
300556	11.30288
300557	6.75684
300558	-13.699972
300559	-0.005424751
300560	11.008312
300561	3.7173977
300562	6.8568497
300563	2.1795158
300564	9.976241
300565	4.9605494
300566	5.6659794
300567	6.5209193
300568	3.719259
300569	3.1607924
300570	5.067653
300571	-17.600666
300572	-1.6408597
300573	4.5443935
300575	3.9478219
300576	4.622917
300577	4.03077
300578	8.483644
300579	3.7067182
300580	2.8680546
300581	-8.227561
300582	5.185798
300583	4.7276373
300584	0.6034383
300585	9.100605
300586	7.8519897
300587	7.783113
300588	11.374318
300589	8.476818
300590	3.547445
300591	11.060936
300592	9.206695
300593	9.924756
300594	7.3226147
300595	3.7191203
300596	4.8303547
300597	9.279085
300598	1.9366236
300599	5.26269
300600	9.419133
300601	3.7192965
300602	-14.42138
300603	11.291575
300604	3.7191203
300605	8.084537
300606	6.4809356
300607	3.7191515
300608	6.895721
300609	2.6335235
300610	4.899687
300611	5.574353
300612	9.480299
300613	2.8943646
300614	7.606123
300615	8.652376
300616	5.5024714
300617	4.9017224
300618	6.0312953
300619	-14.074771
300620	6.6171846
300621	9.366471
300622	-12.127675
300623	9.636492
300624	3.7191203
300625	9.155986
300626	-17.416971
300627	3.5779192
300628	3.91242
300629	4.1919465
300630	-12.526946
300631	7.071699
300632	8.51321
300633	4.519928
300634	4.239233
300635	9.439584
300636	7.9202285
300637	11.128023
300638	5.8610706
300639	1.9238559
300640	11.009449
300641	5.9108973
300642	1.9762936
300643	6.675508
300644	7.8934174
300645	9.506853
300647	7.488727
300648	-41.966934
300649	4.1515665
300650	8.347659
300651	8.122176
300652	7.0611115
300653	4.606066
300654	8.592351
300655	3.7191203
300656	0.58826804
300657	3.7479398
300658	11.263701
300659	6.9176006
300660	3.7199886
300661	3.7191203
300662	5.450472
300663	8.342469
300664	5.449751
300665	8.382933
300666	3.7598562
300667	10.316441
300668	6.910587
300669	2.581827
300670	4.328483
300671	9.234385
300672	3.7191195
300673	5.806956
300674	4.3380704
300675	10.246874
300676	0.62634283
300677	5.440399
300678	3.7191203
300679	3.7374754
300680	2.8747969
300681	7.726996
300682	5.2382917
300683	10.104752
300684	3.0247793
300685	6.5774755
300686	8.403182
300687	5.310014
300688	-13.714196
300689	-21.480247
300690	6.0908213
300691	2.0001602
300692	7.9699183
300693	4.2585974
300694	9.460828
300695	4.0026608
300696	7.8330235
300697	7.000822
300698	4.7212763
300699	3.7528024
300700	5.0975895
300701	6.035289
300702	3.7191203
300703	6.454686
300705	8.312534
300706	4.354937
300707	4.4357753
300708	4.025788
300709	-10.364787
300710	11.268064
300711	3.9302201
300712	5.0725074
300713	7.0246973
300715	5.2548776
300716	9.353231
300717	6.8872437
300718	-42.831844
300719	8.187114
300720	-30.49745
300721	8.069565
300722	1.7753431
300723	5.041579
300724	4.5919876
300725	3.7191083
300726	4.8998055
300727	4.6712475
300729	2.3726466
300730	4.3898005
300731	7.1253495
300732	3.719366
300733	8.816367
300735	-5.0971336
300736	4.035673
300737	5.515863
300738	3.7191682
300739	7.009238
300740	5.448376
300741	11.276293
300743	6.139887
300745	5.4883413
300746	11.272607
300747	3.7191396
300748	5.497076
300749	9.499847
300750	1.7864482
300751	4.1806855
300752	4.03508
300753	9.996652
300755	5.373918
300756	3.7191203
300757	3.7460349
300758	3.719171
300759	3.6978893
300760	5.309816
300761	4.954343
300762	5.1559806
300763	4.5295258
300765	-13.382042
300766	4.188263
300767	4.5528655
300768	9.44212
300769	3.7191203
300770	-6.8514185
300771	7.9078293
300772	11.189884
300773	9.51311
300774	4.731073
300775	7.9908905
300776	3.9571323
300777	6.23422
300778	8.406595
300779	5.242064
300780	8.627719
300781	3.5076547
300782	3.7191203
300783	4.5589805
300785	3.724768
300786	5.5252566
300787	8.869233
300788	-18.869247
300789	3.2319503
300790	-2.7013378
300791	-5.7700596
300792	4.579387
300793	10.3654785
300795	3.7191203
300796	9.487393
300797	6.1894183
300798	4.3213677
300800	9.249677
300801	5.453418
300802	0.25246048
300803	-5.5497227
300804	11.054113
300805	5.2230983
300806	5.087785
300807	8.069418
300808	8.304364
300809	10.631014
300810	8.682864
300811	-2.498073
300812	3.826355
300813	4.323942
300814	8.022663
300815	8.421195
300816	6.4421916
300817	4.7512426
300818	4.1383305
300819	4.3276796
300820	-0.5069575
300821	4.3254876
300822	3.7256548
300823	6.360302
300824	7.6685305
300825	8.100976
300826	11.635737
300827	-10.602295
300828	10.296497
300829	4.3273964
300830	9.080548
300831	5.560524
300832	-1.5755556
300833	3.8177855
300834	7.7954707
300835	3.7096684
300836	1.793607
300837	4.855481
300838	4.208162
300839	9.116966
300840	10.749842
300841	4.3759584
300842	3.7191203
300843	7.8931127
300844	4.43268
300845	3.3535805
300846	4.2266903
300847	6.6591763
300848	3.7330794
300849	9.442577
300850	1.1407021
300851	9.058123
300852	3.792744
300853	9.706233
300854	9.736391
300855	3.731119
300856	4.9872236
300857	4.822426
300858	4.693626
300859	6.9967766
300860	-12.676627
300861	7.9323225
300862	8.032057
300863	-5.855052
300864	-4.506173
300865	7.8988976
300866	5.586577
300867	11.12684
300868	6.8335457
300869	8.527678
300870	3.7295878
300871	5.497076
300872	4.32201
300873	8.207842
300875	-17.80889
300876	5.497076
300877	8.534783
300878	7.550531
300879	9.48401
300880	7.085758
300881	7.125638
300882	5.513573
300883	9.320451
300884	9.418645
300885	10.428415
300886	11.188705
300887	-3.5036516
300888	3.719136
300889	9.322396
300890	10.5666
300891	8.848414
300892	5.8126454
300893	5.3097987
300894	7.0741496
300895	4.285076
300896	3.5481262
300897	-13.268212
300898	11.816941
300899	8.499823
300900	6.8399706
300901	7.8962193
300902	6.0059285
300903	8.307158
300904	5.6366477
300905	3.9242692
300906	5.2824793
300907	5.5234966
300908	3.7777226
300909	6.4631796
300910	3.7210827
300911	8.709464
300912	5.3393292
300913	3.7191203
300915	9.632945
300916	4.7362747
300917	3.5016909
300918	10.28261
300919	5.2832065
300920	9.5562315
300921	6.391707
300922	8.06953
300923	9.325653
300925	6.048483
300926	4.005937
300927	8.783632
300928	8.069643
300929	8.570777
300930	8.0166025
300931	8.494637
300932	-14.9386835
300933	8.101272
300935	9.572953
300936	4.601143
300937	5.147338
300938	5.317457
300939	4.180436
300940	9.505047
300941	8.879026
300942	4.606296
300943	11.106522
300945	4.1621904
300946	3.1496785
300947	6.463092
300948	5.5749884
300949	-27.964834
300950	7.6086745
300951	4.601137
300952	7.945582
300953	5.1531253
300955	7.5440702
300956	4.333145
300957	3.7191203
300958	-14.225346
300959	11.120148
300960	10.131244
300961	7.342332
300962	6.348143
300963	11.192723
300964	-5.087736
300965	6.082205
300966	5.533366
300967	9.051087
300968	12.178359
300969	4.3797474
300970	8.645449
300971	11.855073
300972	-20.582125
300973	5.5024114
300975	7.878462
300976	5.9446325
300977	0.0457464
300978	8.06953
300979	6.69877
300980	4.851386
300981	9.146075
300982	4.32135
300983	4.2808757
300984	5.5214334
300985	-12.7786045
300986	8.642488
300987	6.585544
300988	5.0971384
300989	4.425585
300990	7.182877
300991	8.117631
300992	11.38295
300993	8.463277
300994	7.1438684
300995	5.5190315
300996	8.198822
300997	6.5083833
300998	6.867947
300999	6.0000215
301000	5.309679
301001	8.613215
301002	11.120592
301003	4.113061
301004	5.3616605
301005	5.5033326
301006	8.782623
301007	7.067408
301008	8.450779
301009	9.6048
301010	11.204675
301011	10.837754
301012	6.8877163
301013	10.461005
301015	4.8282804
301016	11.157524
301017	8.1559305
301018	7.1641765
301019	5.6792617
301020	8.425508
301021	8.337804
301022	4.413071
301023	6.1277475
301024	10.580827
301025	7.1187496
301026	7.454668
301027	6.0956974
301028	8.499233
301029	6.5649543
301030	8.451533
301031	7.7499495
301032	10.043859
301033	-37.443146
301035	8.579614
301036	11.191278
301037	8.875671
301038	8.848191
301039	5.1612616
301040	-19.260567
301041	6.4543796
301042	9.358048
301043	9.640272
301045	6.613586
301046	7.110615
301047	3.7188144
301048	9.889213
301049	7.931147
301050	5.321117
301051	3.7858932
301052	7.1760464
301053	8.764765
301055	10.477603
301056	4.329444
301057	9.991737
301058	4.32135
301059	4.3395405
301060	0.87218225
301061	2.4005876
301062	5.216969
301063	7.7338223
301065	11.441858
301066	11.2716255
301067	8.3321905
301068	6.9144735
301069	7.094581
301070	6.138087
301071	3.723025
301072	7.0848694
301073	3.8079023
301075	8.621232
301076	5.466271
301077	3.7246354
301078	4.9341803
301079	9.297594
301080	5.0530725
301081	8.326733
301082	10.457546
301083	6.263737
301085	3.6963267
301086	-12.567891
301087	3.5064797
301088	8.560922
301089	9.008077
301090	4.3213534
301091	8.124209
301092	4.239932
301093	9.308347
301095	3.7331944
301096	5.8553953
301097	-3.021221
301098	9.438907
301099	5.803952
301100	10.518286
301101	-2.163438
301102	4.278548
301103	6.2559795
301105	9.114641
301106	-0.074830495
301107	5.4759865
301108	5.5412874
301109	10.074166
301110	2.6584382
301111	5.4390473
301112	7.3707438
301113	12.408795
301115	6.995784
301116	8.276275
301117	9.479786
301118	4.3262305
301119	6.760992
301120	7.2858386
301121	8.427197
301122	8.049344
301123	7.0473566
301125	7.388124
301126	5.1526523
301127	9.482127
301128	5.08067
301129	4.7274904
301130	9.683227
301131	5.916765
301132	7.075715
301133	8.04105
301135	5.8307276
301136	9.482158
301137	4.2066746
301138	5.621735
301139	7.04063
301141	3.7191195
301148	10.7906275
301149	10.379249
301150	7.113433
301151	9.656625
301152	11.256609
301153	3.9763436
301155	-8.670929
301156	6.4650035
301157	5.450413
301158	6.404387
301159	8.702501
301160	3.7192914
301161	4.733585
301162	3.8200781
301163	9.989933
301165	2.047955
301166	9.493531
301167	9.492769
301168	7.8931136
301169	7.07097
301170	4.3216467
301171	6.8608155
301172	7.083101
301175	6.3949385
301176	6.3300905
301177	7.101861
301178	8.069408
301179	3.5225327
301180	6.961252
301181	7.3489127
301182	6.994152
301183	3.857612
301185	9.43042
301186	6.4594517
301187	4.4899015
301188	6.586255
301189	12.334735
301190	10.388964
301191	7.2207146
301192	4.2745104
301193	8.340951
301195	4.8375854
301196	6.7906504
301197	8.068654
301198	9.513177
301199	8.013625
301200	4.5142746
301201	4.380828
301202	7.550833
301203	6.6339383
301205	3.71912
301206	2.5194285
301207	4.627991
301208	-22.721315
301209	9.507672
301210	12.198956
301211	9.481295
301212	5.3832107
301213	9.337635
301215	4.321358
301216	8.697998
301217	6.3564467
301218	10.668091
301219	3.7191927
301220	6.7765675
301221	4.972516
301222	7.060295
301223	5.1742945
301225	7.005957
301226	-8.9378395
301227	8.066318
301228	6.9193335
301229	5.497221
301230	3.5094662
301231	4.6462684
301232	-10.302055
301233	7.3076086
301234	5.0473576
301235	4.249535
301236	4.19201
301237	5.5348573
301238	11.798771
301239	4.7362566
301246	5.4659395
301248	4.3222356
301251	8.068402
301252	4.7405252
301255	-2.6715293
301256	7.600964
301257	5.109002
301258	8.069264
301259	-28.66151
301260	6.1718965
301261	2.9866946
301262	8.521009
301263	8.494676
301265	9.980903
301266	6.4846992
301267	5.497076
301268	5.462995
301269	7.585645
301270	2.860366
301272	6.475253
301273	11.382046
301276	4.32135
301277	10.222052
301278	4.629113
301279	7.2418594
301280	3.730979
301281	4.8633847
301282	7.0971355
301283	7.935296
301285	10.487942
301286	12.290445
301287	8.015561
301288	8.657883
301289	4.6726103
301290	4.6340065
301291	5.466271
301292	6.0752544
301293	3.7191203
301295	7.97565
301296	-14.040024
301297	4.32135
301298	11.421664
301299	3.7191484
301300	8.069915
301301	7.496386
301302	9.519313
301303	7.267803
301305	11.302246
301306	-1.2758679
301307	7.0711946
301308	4.7249713
301309	6.901614
301310	5.4641705
301311	4.3214564
301312	-0.80156475
301313	0.661633
301314	5.8622847
301315	9.165339
301316	-15.373974
301317	10.580887
301318	-3.6285746
301319	3.8981364
301320	9.439523
301321	-22.071539
301322	3.7232282
301323	5.4602838
301325	4.1001663
301326	6.321415
301327	-13.405596
301328	3.9309762
301329	7.0428886
301330	6.037837
301331	4.199971
301332	4.8659286
301333	4.5325856
301335	10.505201
301336	6.7168136
301337	-18.18157
301338	4.575939
301339	6.312524
301345	5.0181985
301348	10.375002
301349	7.7524176
301353	8.079045
301355	8.538208
301356	4.4948735
301357	4.486546
301358	4.3542066
301359	6.491
301360	-1.3428584
301361	6.063814
301362	4.7986884
301363	10.438214
301365	9.106798
301366	-41.51648
301367	3.4415672
301368	3.6193209
301369	1.9082001
301370	4.3294296
301371	5.816937
301372	4.3213825
301373	5.5165567
301376	4.3297467
301377	7.4036684
301378	3.5061364
301379	6.731148
301380	7.8000154
301381	5.0106344
301382	-4.772147
301383	-12.893915
301386	4.3222594
301387	0.37826192
301388	8.069897
301389	7.053626
301390	6.0948653
301391	3.7191203
301393	3.8112326
301395	5.5167503
301396	9.478698
301397	5.7637215
301398	3.721395
301399	8.617505
301408	7.049206
301413	3.5590963
301418	9.761283
301419	6.8637877
301421	3.505465
301428	7.344679
301429	5.5299797
301439	5.4882536
301446	11.191648
301448	5.126016
301456	8.437874
301459	3.724669
301468	4.324489
301469	8.06951
301486	-9.418276
301487	9.826582
301488	4.6904283
301489	-2.77575
301498	3.5999851
301499	7.8525596
301500	4.32253
301502	4.369787
301503	11.152051
301505	8.069557
301507	7.8853745
301508	5.398093
301509	4.600995
301510	8.707719
301511	10.904308
301512	4.322221
301515	8.533462
301516	5.4150147
301517	-1.2754309
301518	8.068092
301519	8.069397
301520	4.989672
301525	3.7191203
301526	4.327732
301528	3.9193773
301529	6.025909
301533	6.1195097
301536	-3.702735
301538	7.296079
301548	7.7665167
301550	-0.3060174
301555	5.4308186
301558	4.32629
301559	10.883753
301566	4.3214417
301567	-2.1967044
301568	9.471156
301577	3.508024
301578	-41.615578
301587	6.1081223
301588	4.32135
301589	5.28796
301591	7.8938746
600000	7.110391
600004	5.4967155
600006	8.076815
600007	8.355235
600008	10.3439045
600009	3.874076
600010	9.813264
600011	3.9640741
600012	3.304209
600015	10.681839
600016	8.181602
600017	7.211838
600018	-12.218084
600019	5.5007305
600020	-15.4566765
600021	6.4605513
600022	8.278672
600023	5.151516
600025	-41.934498
600026	8.090374
600027	7.2633305
600028	-37.205738
600029	9.391466
600030	6.415735
600031	3.5887094
600032	4.240913
600033	8.203358
600035	10.998675
600036	9.80764
600037	-1.4045895
600038	9.593013
600039	5.3098125
600048	6.1238265
600050	-26.725
600051	6.2163157
600052	5.4900923
600053	6.3739767
600054	3.9922802
600055	1.1586976
600056	8.555749
600057	3.528566
600058	5.83199
600059	6.113388
600060	3.719314
600061	10.262795
600062	5.1784806
600063	3.7192621
600064	8.942217
600066	6.477493
600067	-5.1446996
600070	-32.594707
600071	8.452735
600072	3.71912
600073	7.4014664
600075	6.8361073
600076	9.586519
600078	5.126237
600079	-10.301093
600080	5.587442
600081	3.760385
600082	8.254012
600083	4.8918004
600084	9.609278
600085	3.9387434
600088	3.7472434
600089	4.2313347
600094	7.7764664
600095	6.3255873
600096	-10.597123
600097	7.073954
600098	10.29063
600099	7.278167
600100	3.719271
600101	7.306255
600103	8.472463
600104	5.3098097
600105	1.9706343
600106	5.4970756
600107	11.159699
600108	8.188127
600109	2.2157784
600110	5.6173787
600111	7.219887
600113	-17.074654
600114	-0.9414821
600115	6.489756
600116	6.5424237
600117	8.038339
600118	9.161685
600119	7.545661
600120	8.038011
600121	9.178702
600123	3.7191572
600125	5.6729937
600126	6.5065875
600127	5.513182
600128	10.797846
600129	3.7191188
600130	11.014909
600131	-9.456942
600132	3.7191203
600133	4.854844
600135	10.0653925
600136	7.037307
600137	9.6574
600138	3.719122
600141	9.576745
600143	-10.499001
600148	3.849918
600149	4.176005
600150	4.832129
600151	9.482097
600152	8.729336
600153	4.906025
600155	9.966217
600156	11.29233
600157	-4.477912
600158	3.7192354
600159	9.395159
600160	6.080726
600161	7.28625
600162	8.830549
600163	5.371503
600165	6.1816387
600166	9.00472
600167	-10.185702
600168	4.700831
600169	8.901344
600170	10.07617
600171	-8.654959
600172	10.41925
600173	4.330355
600176	6.464515
600177	-15.077444
600178	8.069615
600179	7.983847
600180	4.3549337
600182	8.57665
600183	3.7193346
600184	10.45365
600185	6.4692206
600186	4.323058
600187	-34.215622
600188	3.9333153
600189	11.299059
600190	11.695159
600191	4.681285
600192	9.281704
600193	8.264917
600195	3.7191203
600196	2.0972
600197	3.7818592
600198	9.442677
600199	3.719121
600200	-4.8721495
600201	3.7191203
600202	8.576684
600203	7.1191525
600206	10.182782
600207	4.358049
600208	11.620486
600210	8.141193
600211	10.152051
600212	5.497076
600215	5.4883413
600216	-10.263421
600217	12.184267
600218	5.4892583
600219	9.438685
600221	8.153314
600222	9.969883
600223	10.596614
600225	4.3213577
600226	9.234126
600227	9.616374
600228	9.89065
600229	9.386127
600230	10.277507
600231	1.798227
600232	8.798745
600233	8.480121
600234	-3.2066066
600235	3.9311295
600236	6.252644
600237	4.3215165
600238	7.893112
600239	7.956255
600241	6.0203795
600243	8.413905
600246	-9.943577
600248	8.829891
600249	8.876235
600250	5.1471095
600251	3.7016797
600252	3.661216
600255	6.4711366
600256	4.321704
600257	9.200052
600258	5.5067024
600259	5.261048
600261	9.996492
600262	10.565116
600265	8.722658
600266	10.866097
600267	9.643902
600268	-5.885774
600269	9.289378
600271	6.3830814
600272	9.942246
600273	9.6901245
600276	-37.74088
600278	8.473303
600279	8.994682
600280	10.882363
600281	9.741511
600282	4.207643
600283	4.5580335
600284	7.9724035
600285	-33.91757
600287	8.889969
600288	10.971998
600289	7.023476
600292	5.4484587
600293	5.508579
600295	5.4493194
600298	8.3444195
600299	7.6430507
600300	9.080761
600301	6.035298
600302	9.396665
600303	7.0709324
600305	9.1391735
600307	9.863687
600308	4.7510257
600309	6.2754607
600310	6.612676
600312	5.009401
600313	6.705493
600315	3.556747
600316	-9.7137165
600318	4.3213162
600319	9.438587
600320	5.2470737
600322	9.482156
600323	7.540419
600325	5.337567
600326	-20.45583
600327	3.9381812
600328	7.139337
600329	5.3098993
600330	5.497393
600331	3.7205591
600332	9.51002
600333	9.456321
600335	5.7192345
600336	11.230953
600337	5.2979407
600338	9.826453
600339	9.482164
600340	11.035218
600343	7.6662335
600345	8.045799
600346	5.371754
600348	4.975056
600350	-21.497654
600351	5.7501516
600352	5.164222
600353	5.4253917
600354	6.5643425
600355	11.179405
600356	8.76787
600358	-18.467794
600359	8.95051
600360	6.712467
600361	5.1465693
600362	2.1012266
600363	3.7191248
600365	7.0113435
600366	10.729285
600367	3.726743
600368	7.0240836
600369	6.718183
600370	7.781085
600371	8.515123
600372	9.242672
600373	6.380104
600375	-2.1845334
600376	11.507992
600377	6.7943215
600378	10.156308
600379	9.344276
600380	6.194163
600381	9.818446
600382	9.533868
600383	-0.91549563
600386	9.738991
600387	10.84954
600388	5.4292655
600389	5.271967
600390	10.3882265
600391	2.4259264
600392	3.7198415
600395	9.706866
600396	7.088259
600397	10.8780985
600398	5.2428927
600399	5.613433
600400	10.12383
600403	7.6542983
600405	8.479843
600406	9.604392
600408	8.137785
600409	5.309904
600410	3.9199755
600415	-3.8154902
600416	1.7531433
600418	1.9087825
600419	7.23261
600420	5.3197227
600421	-0.017241146
600422	6.5961857
600423	6.756692
600425	7.834212
600426	3.9336796
600428	5.3512588
600429	8.421716
600433	4.171857
600435	7.9027357
600436	7.6844707
600438	3.0206141
600439	10.389247
600444	8.651368
600446	6.4071403
600448	9.339405
600449	3.9076133
600452	1.4351474
600455	9.767093
600456	-37.221077
600458	7.763675
600459	3.8935366
600460	-0.80081934
600461	10.172038
600462	12.201712
600463	13.450342
600467	11.144407
600468	5.879766
600469	5.4878097
600470	9.868742
600475	8.8887415
600476	11.392641
600477	6.9265065
600478	3.719136
600479	0.051433545
600480	5.497076
600481	3.7191203
600482	-0.19387998
600483	5.3099375
600486	3.71913
600487	3.7191203
600488	8.459266
600489	-9.4250765
600490	5.5130877
600491	9.031792
600493	9.62626
600495	10.486533
600496	8.22441
600497	3.773998
600498	3.7191637
600499	8.14301
600500	9.642108
600501	-10.304223
600502	9.163186
600503	6.572865
600505	8.656403
600506	4.26448
600507	7.197766
600508	6.9965124
600509	10.71934
600510	7.896764
600511	-11.894445
600512	7.274834
600513	9.4967785
600515	8.972166
600516	-1.3697057
600517	8.465442
600518	3.710714
600519	5.6400027
600520	-3.3402326
600521	8.4519825
600522	5.100369
600523	8.705145
600525	8.706316
600526	7.8910475
600527	6.197754
600528	8.21264
600529	3.7194078
600530	10.781155
600531	3.7034304
600533	9.372624
600535	2.7363594
600536	-3.1488993
600537	4.321785
600538	4.527886
600539	9.351472
600540	8.868964
600543	9.978107
600545	6.3174148
600546	5.309942
600547	-15.627589
600548	7.1402354
600549	3.8922906
600550	8.482477
600551	1.9081733
600552	-13.0622
600556	6.6782126
600557	3.7191126
600558	10.597077
600559	4.552112
600560	3.723192
600561	11.24008
600562	5.891475
600563	4.09699
600566	-6.17216
600567	10.668545
600568	9.700833
600569	8.125407
600570	3.7768629
600571	3.71912
600572	5.657188
600573	9.246323
600575	-2.0625556
600576	9.44354
600577	-10.301174
600578	8.04667
600579	9.4824295
600580	4.683537
600581	4.3175287
600582	3.1611867
600583	3.7910528
600584	-4.063099
600585	3.7191331
600586	3.719192
600587	3.4326673
600588	3.7191203
600589	9.907804
600590	9.439003
600592	9.836816
600593	4.330865
600594	10.069412
600595	7.2866697
600596	3.979084
600597	10.035802
600598	10.356202
600599	-16.618277
600600	3.7191203
600601	0.22018875
600602	3.7191432
600603	5.3134623
600604	5.6251674
600605	-8.854447
600606	5.340106
600608	-10.915431
600609	8.082503
600610	3.7191203
600611	-19.94015
600612	3.9200504
600613	1.9355286
600615	7.080094
600616	4.9164243
600617	5.2376328
600618	5.2926035
600619	3.9657934
600620	6.1770134
600621	3.2686498
600622	3.7327542
600623	8.795651
600624	3.9603689
600626	9.459909
600628	10.298291
600629	3.6862986
600630	7.027793
600633	5.1031303
600635	-10.37171
600636	1.0066086
600637	-1.4046279
600638	-8.7904625
600639	4.8797913
600640	3.9163737
600641	5.402702
600642	6.8278837
600643	10.293841
600644	4.74657
600645	4.908239
600648	7.8283043
600649	3.7699993
600650	-10.446964
600651	7.114559
600653	9.536177
600654	3.723177
600655	8.464994
600657	7.959209
600658	4.327644
600660	5.1912045
600661	-10.277712
600662	3.490993
600663	5.3249545
600664	4.774226
600665	9.917741
600666	8.660781
600667	5.561928
600668	-1.004637
600671	6.4668965
600673	6.3848653
600674	8.513266
600675	7.078897
600676	-12.566937
600678	7.5640206
600679	11.6404
600681	9.432143
600682	9.646169
600683	5.5476646
600684	4.0554304
600685	3.814066
600686	-11.524636
600688	8.049701
600689	10.698419
600690	7.757527
600691	6.35291
600692	4.498891
600693	9.739442
600694	3.7197046
600696	8.461141
600697	6.4509325
600698	10.226672
600699	7.80689
600702	3.6139352
600703	3.7191637
600704	-8.601037
600705	6.728201
600706	4.155613
600707	8.46239
600708	8.71302
600710	-0.7434586
600711	6.126537
600712	7.6750274
600713	9.721731
600714	4.1590786
600715	11.074293
600716	8.157857
600717	-0.70130134
600718	4.2434936
600719	5.9905934
600720	3.7227004
600721	8.188019
600722	6.3442936
600724	-2.9578984
600725	4.4466553
600726	7.7813935
600727	3.925707
600728	3.7006948
600729	3.7191203
600730	10.396705
600731	6.6732554
600732	4.7362523
600733	4.958355
600734	9.288698
600735	9.029313
600736	1.6067135
600737	3.7194185
600738	5.348764
600739	3.719212
600740	5.3182464
600741	3.7391632
600742	3.9967556
600743	9.799893
600744	5.46057
600745	3.7191203
600746	7.5370855
600748	7.562078
600749	8.04482
600750	3.580948
600751	6.4442983
600753	7.6104736
600754	0.3172672
600755	3.726325
600756	4.0562224
600757	2.1986513
600758	8.060883
600759	5.564205
600760	9.247974
600761	3.7225115
600763	2.2265341
600764	2.87103
600765	5.310015
600768	11.242036
600769	9.012088
600770	8.160503
600771	3.719223
600773	-5.4425874
600774	3.719177
600775	4.330988
600776	3.3990715
600777	2.1363451
600778	-0.35549673
600779	3.7192686
600780	10.023014
600782	3.7192693
600783	10.167187
600784	10.499843
600785	3.27623
600787	8.941738
600789	11.524691
600790	5.9554725
600791	10.76111
600792	9.822125
600793	6.5228653
600794	6.1908846
600795	4.143319
600796	3.73653
600797	1.7363429
600798	4.2653193
600800	7.460773
600801	3.5478888
600802	5.1295576
600803	5.2891097
600804	10.553998
600805	7.154525
600807	5.1446657
600808	6.146766
600809	5.3415427
600810	6.921194
600811	5.1205406
600812	9.354702
600814	4.826598
600815	1.9860039
600816	4.993374
600817	1.2070246
600818	8.076848
600819	10.047168
600820	6.986657
600821	1.2249935
600822	5.1526985
600824	9.397172
600825	-1.4043641
600826	7.412378
600827	4.363373
600828	10.510421
600829	4.5750885
600830	6.3516603
600831	7.0412583
600833	-3.5680323
600834	10.360214
600835	5.0302954
600837	4.716799
600838	6.8712134
600839	2.0056722
600841	8.627807
600843	5.105422
600844	9.484788
600845	6.58269
600846	3.2249427
600847	-22.056376
600848	9.985437
600850	3.7191746
600851	5.198699
600853	4.4327126
600854	7.6557493
600855	12.888157
600857	7.10273
600858	7.7312417
600859	4.253152
600860	5.501428
600861	3.6988578
600862	4.341454
600863	3.5493186
600864	5.022992
600865	7.3668838
600866	7.3040667
600867	-1.3402699
600868	8.328067
600869	-14.78359
600871	10.624805
600872	3.7331996
600873	5.064793
600874	8.757521
600875	3.9203975
600876	4.819857
600877	3.720619
600879	8.163056
600880	4.4028783
600881	6.3742785
600882	-0.7598345
600883	6.7551823
600884	4.180887
600885	3.9445724
600886	5.9078226
600887	3.7192814
600888	3.7628725
600889	8.00529
600892	9.477382
600893	2.2535927
600894	3.9214418
600895	3.5059628
600897	6.4660892
600898	-19.254776
600900	1.8059813
600901	4.3213496
600903	9.720143
600905	8.975935
600906	8.195923
600908	4.2031317
600909	6.953161
600916	6.2977643
600917	6.4864755
600918	10.036898
600919	-9.680343
600925	8.544447
600926	1.6695077
600927	6.9168615
600928	8.393938
600929	7.9930754
600933	4.819673
600935	8.163305
600936	8.599595
600938	4.02053
600939	8.614015
600941	7.8686414
600955	6.0125747
600956	5.497586
600958	9.482476
600959	9.482151
600960	7.8321514
600961	6.7615027
600962	11.27294
600963	9.46043
600965	5.8624554
600966	5.469019
600967	5.2025337
600968	7.0554547
600969	9.343389
600970	6.069223
600971	3.7191203
600973	9.197833
600975	3.7193446
600976	4.3436956
600977	4.4998198
600979	6.481325
600980	9.414087
600981	1.1499399
600982	6.6793804
600983	7.470811
600984	8.39499
600985	3.5788388
600986	8.723957
600987	3.7380602
600988	5.318092
600989	6.8465276
600990	4.4651046
600992	5.5109987
600993	8.911703
600995	9.522852
600996	11.163257
600997	4.9513054
600998	9.776672
600999	-29.164
601000	9.192492
601001	3.720911
601002	5.473661
601003	5.3907337
601005	10.105398
601006	10.445581
601007	8.50899
601008	8.50904
601009	-2.2642114
601010	6.4177017
601011	9.482158
601012	3.7191193
601015	11.1305485
601016	4.606718
601018	4.208508
601019	9.8202715
601020	11.292064
601021	4.795192
601022	5.5024114
601028	4.241058
601033	6.454224
601038	7.034396
601058	3.8919728
601059	5.399339
601061	6.7749944
601065	5.438723
601066	10.027333
601068	6.4821877
601069	8.415752
601077	9.36474
601083	5.5741878
601086	9.3618965
601088	8.870662
601089	10.6378975
601096	4.3213534
601098	4.6614356
601099	7.7918577
601100	10.067884
601101	5.345713
601106	10.850448
601107	-12.454232
601108	10.456247
601111	6.035482
601113	7.9928846
601116	4.333964
601117	6.390209
601118	8.207445
601121	6.568199
601126	10.35942
601127	5.663577
601128	8.809645
601133	7.1416984
601136	3.8279424
601137	5.5106974
601138	9.246543
601139	11.049937
601155	9.2848215
601156	6.7632174
601158	10.761308
601162	9.000686
601163	4.305676
601166	9.437164
601168	7.123332
601169	10.840153
601177	9.897078
601179	6.889987
601186	10.344861
601187	5.580489
601188	8.069529
601198	8.048318
601199	5.8539014
601200	0.53273505
601208	9.24455
601211	8.300926
601212	7.054797
601216	7.890616
601218	10.820989
601222	-34.234238
601225	9.519227
601226	11.168822
601228	3.8475273
601229	-16.150986
601231	5.9868746
601233	3.7191665
601236	4.9128413
601238	5.1611185
601279	4.3276997
601288	5.508702
601298	0.19283682
601311	6.5102787
601318	9.405343
601319	-15.024125
601326	9.47169
601328	-15.1154
601330	9.774816
601333	11.191391
601336	10.017665
601339	4.179477
601360	5.846869
601366	7.2151723
601368	8.460742
601369	6.529883
601375	7.756086
601377	10.929836
601388	9.007971
601390	10.152318
601398	-15.898008
601399	8.682085
601456	4.1329556
601500	6.444312
601512	10.452204
601515	5.0743937
601518	10.355833
601519	10.46439
601528	10.971977
601555	9.167187
601566	8.723503
601567	4.576843
601568	9.482147
601577	-15.363393
601579	4.241934
601588	7.8355637
601595	4.3213496
601598	6.516295
601599	12.290226
601600	6.921058
601601	8.846322
601606	9.124019
601607	7.817066
601608	7.2681265
601609	4.3214893
601611	9.652279
601615	4.332465
601616	10.697833
601618	8.724253
601619	4.321352
601628	4.923189
601633	9.057744
601636	4.32135
601658	-10.485315
601665	10.097658
601666	6.2874093
601668	11.952696
601669	8.902671
601677	6.805672
601678	4.6007595
601686	9.45074
601688	10.002788
601689	3.7191203
601696	6.5258293
601698	6.367557
601699	4.3713784
601700	5.4544353
601702	7.902019
601717	4.4708047
601718	11.191696
601727	8.63184
601728	11.428377
601766	-15.156566
601777	4.6591926
601778	9.927305
601788	10.154949
601789	6.44443
601798	8.53675
601799	7.222319
601800	4.0274334
601801	9.7743025
601808	5.4971166
601811	9.214931
601816	10.410677
601818	7.1441402
601825	-13.405296
601827	11.186578
601828	4.3217645
601838	-1.3353723
601857	-1.8856615
601858	4.336475
601860	11.702949
601865	4.32135
601866	8.042207
601868	8.500591
601869	7.4402018
601872	3.3421988
601877	5.3099437
601878	10.397997
601880	8.77938
601881	9.0071125
601882	8.066535
601886	5.4969807
601888	2.314786
601890	6.3973083
601898	5.044245
601899	-4.8149023
601900	8.440958
601901	4.322158
601908	6.4587145
601916	7.9154835
601918	8.644116
601919	8.250139
601921	-10.387062
601928	4.4648952
601929	11.013732
601933	8.674145
601939	-17.267326
601949	9.399671
601952	8.420346
601956	9.594947
601958	4.2816916
601963	11.787366
601965	4.595265
601966	4.321452
601968	8.941256
601969	6.9324584
601975	6.463332
601985	10.972204
601988	-12.85773
601989	11.049121
601990	8.242669
601991	4.3213534
601992	6.490492
601995	8.329796
601996	11.4491205
601997	11.041851
601998	-12.035496
601999	6.262104
603000	3.7191772
603001	8.447006
603002	5.148718
603003	7.052128
603004	7.915056
603005	4.626395
603006	9.056206
603007	11.27243
603008	6.0503674
603009	3.9339967
603010	5.3228083
603011	9.433826
603012	9.562962
603013	7.50334
603015	6.1610546
603016	9.830075
603017	5.337072
603018	3.6987467
603019	3.6563432
603020	4.5366836
603021	9.440592
603022	5.506092
603023	8.3354025
603025	5.3098197
603026	5.4968767
603027	5.6097727
603028	9.1782875
603029	4.3778367
603030	10.700686
603031	4.55862
603032	9.4822445
603033	5.259008
603035	5.4970236
603036	7.044536
603037	-3.002091
603038	8.893404
603039	3.7732592
603040	5.795665
603041	11.171503
603042	0.36074144
603043	5.0684977
603045	5.6367474
603048	7.702792
603050	-10.256962
603051	12.285478
603052	4.823642
603053	5.1264205
603055	10.61768
603056	5.8168397
603057	10.508948
603058	5.1581383
603059	11.198324
603060	7.0984216
603061	-0.27228078
603062	6.188347
603063	5.580414
603065	8.218277
603066	3.3232038
603067	9.523506
603068	4.324282
603069	9.282955
603070	6.5217853
603071	9.165232
603073	5.5129275
603075	5.4843264
603076	5.4488363
603077	7.963343
603078	3.7323985
603079	8.433087
603080	10.660929
603081	11.214681
603082	8.925433
603083	3.7193363
603085	7.0943866
603086	7.170882
603087	4.6296315
603088	4.766154
603089	8.076947
603090	5.502411
603093	8.270234
603095	9.336625
603096	5.5064397
603097	7.071102
603098	4.681522
603099	-26.40702
603100	8.814646
603101	4.97217
603102	10.848529
603103	6.4651628
603105	4.3213606
603106	9.164723
603107	6.652988
603108	3.7191515
603109	7.0593696
603110	7.9549127
603111	5.4259224
603112	7.0812826
603113	6.4672413
603115	4.4793334
603116	8.444809
603117	6.5214458
603118	4.8506365
603119	7.1292596
603121	10.937181
603122	8.087019
603123	4.407615
603125	5.4927163
603126	6.4628854
603127	3.9430342
603128	4.894345
603129	5.5285687
603130	8.022403
603131	2.0504167
603132	6.766171
603135	7.0857425
603136	7.7952514
603137	7.648275
603138	9.776405
603139	8.311606
603150	11.096537
603151	8.063181
603153	10.594717
603155	7.092956
603156	9.868992
603158	8.561509
603159	7.090275
603160	-1.3569986
603161	5.494479
603162	5.148493
603163	5.9837084
603165	5.50517
603166	11.608464
603167	6.008024
603168	5.5411105
603169	8.097974
603170	5.5032554
603171	8.069986
603172	-1.8659976
603173	8.084799
603176	6.9122453
603177	7.816652
603178	5.1615567
603179	3.71912
603180	7.730932
603181	7.934217
603182	10.264063
603183	10.369439
603185	4.751254
603186	4.7792187
603187	3.7189884
603188	8.213659
603189	9.479388
603190	4.3214526
603191	4.32135
603192	8.710605
603193	3.9489233
603195	8.476306
603196	9.332189
603197	4.600814
603198	-8.280513
603199	-40.857346
603200	6.616899
603201	4.9087806
603203	4.9376616
603206	6.46839
603208	4.0576463
603209	4.3731203
603211	8.965359
603212	4.3232646
603213	6.589232
603214	5.4970756
603215	11.031097
603216	9.188047
603217	6.3101063
603218	10.883352
603219	10.679667
603220	4.188922
603221	6.584091
603222	4.944136
603223	-31.586178
603225	4.3214245
603226	5.499539
603227	10.442681
603228	8.609472
603229	9.126397
603230	6.6796565
603231	5.4430704
603232	4.7356515
603233	3.0539432
603235	10.171978
603236	3.7368348
603237	5.3115373
603238	7.5570016
603239	5.3587294
603255	11.186772
603256	4.5927687
603258	9.702008
603259	6.62623
603260	9.0545025
603261	9.055633
603266	8.043065
603267	-7.5226755
603268	11.191827
603269	7.8984923
603270	4.3214245
603272	9.4453335
603273	5.466228
603275	5.4967513
603276	4.853402
603277	4.354521
603278	4.818619
603279	6.1343303
603280	4.2560987
603281	6.545308
603282	8.065178
603283	3.9358559
603286	7.9873567
603288	7.695271
603289	5.453354
603290	4.6574316
603291	8.122203
603296	4.500135
603297	2.3710585
603298	4.022835
603299	7.1597047
603300	5.495557
603301	5.30994
603303	4.471248
603305	4.321351
603306	3.7191203
603307	4.329317
603308	5.510354
603309	6.4461184
603311	11.2091
603312	8.658017
603313	7.071964
603315	8.661941
603316	11.488258
603317	5.169292
603318	6.4899383
603319	3.5725808
603320	8.1503525
603321	6.4276443
603322	3.7523017
603323	10.975192
603324	9.321469
603325	7.744177
603326	5.5578847
603327	5.0955906
603328	8.068876
603329	5.1747065
603330	9.446389
603331	7.287281
603332	7.7934766
603333	11.19839
603335	7.0711126
603336	9.496975
603337	5.32808
603338	3.7218404
603339	9.311583
603341	3.34798
603344	4.32135
603345	4.215036
603348	5.320165
603351	9.521315
603353	5.429734
603355	7.9032593
603356	11.94034
603357	4.268336
603358	-4.3078127
603359	8.685735
603360	-37.01692
603363	4.3213544
603365	4.247204
603366	11.314542
603367	7.358746
603368	3.7191973
603369	3.7191203
603373	10.829046
603375	-2.5729408
603377	10.669596
603378	10.56542
603379	6.6357975
603380	7.0911627
603383	3.7204733
603385	8.652686
603386	8.041951
603387	6.0107493
603388	11.159889
603389	4.6244745
603390	11.31442
603392	9.916288
603393	-0.2533683
603396	3.6857955
603398	-1.2199914
603399	7.0665693
603408	4.350978
603416	-4.5381556
603421	6.4643483
603429	6.9113355
603439	6.434744
603444	3.0135057
603456	3.7191396
603458	9.775343
603466	4.933685
603477	5.1586523
603486	3.719158
603488	9.493783
603489	3.8948236
603496	3.719135
603499	9.919052
603500	6.4653254
603501	1.8591037
603505	5.309818
603506	5.5086136
603507	5.478294
603508	3.9853706
603511	5.9670844
603515	9.037374
603516	5.3320193
603517	4.3427353
603518	5.4971657
603519	3.8202283
603520	5.49701
603527	6.0557857
603528	4.1976256
603529	8.18986
603530	6.4567704
603533	4.325413
603535	9.254737
603536	5.492717
603538	5.2145677
603551	7.5331163
603556	-24.050524
603557	0.0420762
603558	6.5997143
603559	-20.820202
603565	6.927944
603566	5.4892073
603567	6.8753386
603568	5.353975
603569	4.3277364
603577	9.679461
603578	6.4726095
603579	3.1741173
603580	-0.4520464
603583	3.521524
603585	6.704852
603586	0.8425425
603587	10.101794
603588	5.4927163
603589	5.6715684
603590	7.2935576
603595	5.4970994
603596	3.9708517
603598	6.474124
603599	5.3280807
603600	6.4886656
603601	4.974372
603602	3.4372065
603605	3.7456164
603606	4.462558
603607	11.575294
603608	-23.291956
603609	5.6781597
603610	5.472562
603611	8.284077
603612	7.074534
603613	0.08750336
603615	-21.45541
603616	9.351833
603617	6.7618484
603618	8.560011
603619	4.3619714
603626	11.538304
603628	9.228155
603629	6.4771495
603630	6.2135677
603633	4.7769237
603636	9.485141
603637	8.866985
603638	8.125983
603639	-10.5962105
603648	8.284595
603650	6.91174
603655	6.45945
603656	6.463307
603657	6.0935597
603658	7.754759
603659	3.7191203
603660	0.3281968
603661	8.970592
603662	1.9106743
603663	5.23763
603665	6.57078
603666	-35.284275
603667	4.332428
603668	4.334618
603669	7.7859054
603676	6.6049647
603677	5.4970756
603678	3.7249417
603679	7.7994413
603680	8.525677
603681	5.5740647
603682	6.7156787
603683	5.506144
603685	11.087425
603686	8.908672
603687	9.620932
603688	3.71912
603689	8.8627205
603690	5.497076
603693	6.4364934
603696	10.906845
603697	5.019629
603698	11.460376
603699	9.366195
603700	8.710872
603701	-10.942282
603703	-22.597366
603706	8.448207
603707	6.4065175
603708	5.3748226
603709	6.422136
603711	7.7681055
603712	7.1537
603713	4.7149053
603716	0.02660872
603717	5.206589
603718	11.212718
603719	4.321354
603721	8.646971
603722	3.7150085
603725	7.068461
603726	10.680126
603727	5.5740933
603728	3.5258636
603729	10.047343
603730	7.2136073
603733	6.466455
603737	5.3099837
603738	2.3033903
603739	8.06933
603755	-2.3048108
603757	5.322043
603758	6.4538674
603759	7.9291754
603766	11.540778
603767	4.3214183
603768	7.46347
603773	3.7191195
603776	7.897257
603777	6.4578414
603778	4.3835125
603779	5.4766726
603786	5.3097954
603787	6.5157647
603788	4.241487
603789	4.3216114
603790	8.069792
603797	10.631556
603798	6.647345
603799	4.001269
603800	4.3231487
603801	3.7200193
603803	9.298801
603806	3.8810337
603808	9.561927
603809	3.929652
603810	8.58916
603811	8.724002
603813	9.43893
603815	7.06078
603816	-3.8438468
603817	7.7575665
603818	6.2341013
603819	6.4602833
603822	4.8402667
603823	7.664791
603825	8.641667
603826	1.6966254
603828	11.242316
603829	7.7246404
603833	10.395718
603836	4.4154787
603838	4.4523764
603839	6.2970796
603843	8.74536
603848	5.1106024
603855	4.819667
603856	9.097427
603858	9.725108
603859	5.4927163
603860	4.3596168
603861	7.064164
603863	5.2641616
603866	8.726109
603867	6.4739804
603868	5.383101
603869	9.822782
603871	4.031262
603876	6.3823047
603877	4.4117985
603878	7.906466
603879	9.292027
603880	9.471596
603881	6.3228226
603882	5.358922
603883	3.6304934
603885	7.7897396
603886	5.5133324
603887	1.720934
603888	3.7191203
603889	-1.3677396
603890	7.725824
603893	3.5048134
603895	11.235464
603896	7.69618
603897	6.0931387
603898	8.040214
603899	4.958975
603900	9.538207
603901	5.488941
603903	8.507816
603906	5.49708
603908	-0.8842051
603909	4.32135
603912	4.438957
603915	5.500962
603916	11.137038
603917	11.389244
603918	5.4883423
603919	5.402849
603920	10.734861
603922	5.5017858
603926	6.9813266
603927	3.7193031
603928	9.133164
603929	7.0713124
603931	4.6297536
603933	3.9840517
603936	4.2853723
603937	11.18117
603938	4.3229012
603939	4.7341557
603948	6.610207
603949	5.4533124
603950	4.595716
603955	10.837999
603956	4.3287063
603958	11.159708
603959	9.155059
603960	4.7287726
603963	10.571418
603966	9.42748
603967	4.795189
603968	5.4971523
603969	6.5028462
603970	5.4690657
603976	10.733062
603977	6.867107
603978	10.444698
603979	-3.2362657
603980	11.202964
603982	5.1579957
603983	7.796209
603985	3.723619
603986	3.7189336
603987	10.410394
603988	-10.854842
603989	5.4242325
603990	6.9294534
603991	4.853935
603992	7.1080513
603993	6.9967394
603995	6.4826994
603997	9.14335
603998	9.324385
603999	9.482781
605001	8.747366
605003	7.61427
605005	9.641735
605006	6.841136
605007	5.336003
605008	6.6062255
605009	5.310001
605011	6.4873238
605016	5.5163226
605018	7.787813
605020	5.4900923
605028	4.2007766
605033	4.2586975
605050	6.465147
605055	11.028846
605056	6.373675
605058	4.125939
605060	5.4535384
605066	11.18679
605068	8.07006
605069	9.039107
605077	3.66829
605080	7.0886927
605081	5.179004
605086	4.32157
605088	7.1659584
605089	6.030642
605090	3.7146702
605098	1.4315767
605099	5.4988
605100	5.4098024
605108	7.874699
605111	4.7330513
605116	5.4609184
605117	-1.4047325
605118	7.1171503
605122	7.155961
605123	5.309848
605128	5.653631
605133	4.3272405
605136	8.727859
605138	11.128575
605151	6.2754135
605155	9.060058
605158	4.6658616
605162	7.0628633
605166	7.154538
605167	9.110853
605168	4.1902046
605169	9.311534
605177	-14.114319
605178	5.475854
605179	6.0781784
605180	7.0998044
605183	7.063954
605186	5.497086
605188	8.7365055
605189	8.05937
605196	6.4550705
605198	6.5313096
605199	9.3553
605208	8.068515
605218	2.964422
605222	8.504952
605228	4.428791
605255	-21.407858
605258	7.543887
605259	8.115516
605266	5.3100367
605268	7.8001127
605277	5.9428086
605286	5.507907
605287	11.063655
605288	7.28168
605289	5.4751396
605296	3.5252433
605298	6.918981
605299	7.472176
605300	7.787419
605303	9.058
605305	3.7191203
605318	6.8950872
605319	4.866005
605333	6.937754
605336	6.8261313
605337	5.482095
605338	4.7896338
605339	9.828812
605358	7.899763
605365	5.0444922
605366	8.559549
605368	-18.459
605369	8.391308
605376	8.066673
605377	5.502697
605378	6.091192
605388	4.241949
605389	4.3122196
605398	2.0569031
605399	4.9903297
605488	5.5024977
605499	9.845372
605500	5.8594646
605507	7.606944
605555	8.766999
605566	-12.610974
605567	8.12904
605577	5.4954762
605580	6.0041842
605588	5.0544853
605589	5.489162
605598	4.6839914
605599	4.510815
688001	7.7935038
688002	5.4900913
688003	7.7500577
688004	11.008986
688005	8.120719
688006	4.3103547
688007	5.5072136
688008	2.333761
688009	10.221343
688010	7.0771775
688011	5.3749766
688012	6.3113165
688013	7.614202
688015	7.8602023
688016	3.506158
688017	3.718382
688018	3.7195742
688019	3.7191203
688020	-1.5761886
688021	5.5024114
688022	6.80554
688023	1.8308557
688025	5.1883507
688026	9.30134
688027	3.7218773
688028	4.321904
688029	3.0148208
688030	7.3988433
688031	5.5024056
688032	-10.984991
688033	6.453586
688035	5.4927163
688036	-38.05452
688037	-1.8560812
688038	7.1380568
688039	5.4927163
688041	-18.906982
688045	5.4927135
688046	8.022761
688047	9.678632
688048	3.7191193
688049	6.5364385
688050	-10.745914
688051	4.679713
688052	6.133608
688053	7.58077
688055	7.0606203
688056	4.346853
688057	4.7962413
688058	3.7213638
688059	3.561984
688060	4.6505227
688061	5.3100324
688062	5.1144433
688063	3.8403442
688065	5.3098125
688066	4.3248663
688067	9.480967
688068	6.866249
688069	-2.837561
688070	7.7805886
688071	8.06958
688072	9.843309
688073	2.3358414
688075	7.9041023
688076	4.4469233
688077	9.53126
688078	11.114617
688079	4.042661
688080	7.790472
688081	5.362581
688082	10.251694
688083	-9.940825
688084	5.4787903
688085	10.2973
688087	8.936914
688088	5.4761686
688089	9.244381
688090	-62.027187
688091	-13.016222
688092	4.6522403
688093	4.6458573
688095	-8.925035
688096	9.218953
688097	8.584909
688098	6.8616195
688099	3.4827008
688100	9.011726
688101	11.301866
688102	5.5224814
688103	6.763568
688105	7.9877462
688106	4.3213162
688107	7.062694
688108	4.271735
688109	3.7203662
688110	7.2463875
688111	-14.054559
688112	3.15023
688113	7.7901425
688114	3.7632027
688115	10.522818
688116	6.0665946
688117	-28.86505
688118	4.22915
688119	8.957948
688120	-3.8644085
688121	8.856187
688122	6.7881365
688123	5.9686813
688125	8.029197
688126	8.463872
688127	7.9386973
688128	6.888911
688129	7.851471
688130	8.2333355
688131	4.7358537
688132	8.061178
688133	6.406809
688135	4.249259
688136	9.504763
688137	6.44477
688138	4.3591814
688139	5.9922905
688141	8.320071
688143	11.089376
688146	5.4832463
688147	5.148979
688148	6.6020455
688150	5.571133
688151	9.187801
688152	3.5297525
688153	5.4970765
688155	4.1352553
688156	6.573868
688157	-37.026405
688158	4.205849
688159	5.697508
688160	4.014442
688161	5.1121387
688162	5.4971743
688163	9.637664
688165	7.5544786
688166	6.202273
688167	3.7191203
688168	-12.739183
688169	-1.7961099
688170	10.9177885
688171	4.400787
688172	4.818485
688173	5.1490836
688175	6.461503
688176	4.328676
688177	5.4925604
688178	7.5073357
688179	5.4968705
688180	4.365791
688181	6.601641
688182	6.1707954
688183	7.7210674
688184	4.9722958
688185	4.1981564
688186	5.518589
688187	-36.994144
688188	-2.609806
688189	9.699805
688190	3.4115062
688191	11.164095
688192	4.0225034
688193	8.330319
688195	5.737504
688196	6.455564
688197	4.0027575
688198	6.1720905
688199	6.4808493
688200	4.545405
688201	5.5058455
688202	4.736255
688203	6.395977
688205	-11.352076
688206	6.818933
688207	4.332682
688208	5.4403434
688209	4.321427
688210	6.3987746
688211	8.937581
688212	3.721551
688213	3.7264287
688215	6.4655294
688216	7.675989
688217	7.7181716
688218	5.6552215
688219	9.069991
688220	4.477968
688221	4.628827
688222	4.3214583
688223	4.4608073
688225	5.197504
688226	5.8314857
688227	6.513404
688228	7.7897205
688229	0.90399504
688230	4.7398267
688231	7.0709267
688232	9.482162
688233	5.593278
688234	5.665286
688235	-36.550686
688236	8.427343
688237	8.351317
688238	8.366371
688239	8.369675
688244	4.288868
688246	4.3140755
688247	4.696162
688248	8.230129
688249	6.6752305
688251	12.634084
688252	10.977936
688253	2.0641134
688255	5.497076
688256	-22.100674
688257	5.4830737
688258	-32.57802
688259	-30.607868
688260	4.381721
688261	4.7362185
688262	8.078713
688265	8.04514
688266	-19.342203
688267	8.471018
688268	3.7191193
688269	8.453246
688270	4.692163
688271	7.573136
688272	5.4888105
688273	-19.886663
688275	3.7191527
688276	6.7368836
688277	7.928586
688278	5.852639
688279	-1.5755676
688280	6.470437
688281	3.7326896
688282	11.926709
688283	11.528203
688285	9.520377
688286	3.7191203
688287	5.2410145
688288	6.6656504
688289	10.803084
688290	8.713875
688291	5.497118
688292	5.4781494
688293	3.8719256
688295	4.029968
688296	6.4554906
688297	8.198533
688298	4.3510904
688299	6.1154222
688300	3.5012457
688301	4.2191825
688302	11.80243
688303	8.489163
688305	7.100115
688306	3.0429573
688307	6.44132
688308	5.488254
688309	6.8450737
688310	7.1810255
688311	8.692973
688312	7.3821373
688313	7.36559
688314	-38.74779
688315	6.6525064
688316	5.512447
688317	9.177254
688318	-12.628741
688319	5.9227147
688320	-20.203455
688321	9.53252
688322	10.25807
688323	10.480064
688325	1.6716295
688326	6.4948363
688327	5.139911
688328	6.447823
688329	5.47474
688330	4.914737
688331	7.060365
688332	0.91514844
688333	3.7218401
688334	5.5072365
688335	5.5536304
688336	8.521473
688337	4.7214465
688338	9.482135
688339	-9.622994
688343	5.4927154
688345	5.9765234
688347	7.893141
688348	3.9716156
688349	5.3964925
688350	5.4828296
688351	11.24565
688352	4.321572
688353	5.987362
688355	6.1623926
688356	3.5388324
688357	5.2845516
688358	5.3100467
688359	8.85494
688360	-18.225574
688361	9.686314
688362	4.32135
688363	3.7192552
688365	9.455608
688366	9.91648
688367	6.4837594
688368	3.721811
688369	4.32135
688370	7.036911
688371	9.921644
688372	1.446749
688373	5.1501846
688375	6.584168
688376	7.080911
688377	4.8196697
688378	5.083248
688379	5.4787397
688380	11.147556
688381	4.3213515
688382	9.280988
688383	5.369195
688385	7.8979845
688386	6.754267
688387	10.463891
688388	5.5056458
688389	5.497076
688390	3.5060697
688391	3.4386127
688392	3.9931893
688393	8.14716
688395	11.043704
688396	5.3098125
688398	5.4848003
688399	4.865207
688400	9.71
688401	5.491189
688403	4.7242064
688408	6.518359
688409	4.7362514
688410	5.480535
688416	5.556065
688418	9.523166
688419	8.070786
688420	5.5188622
688425	10.621915
688426	11.315955
688428	-15.529049
688429	7.7325797
688432	7.5642195
688433	6.136906
688435	6.4640794
688439	3.506126
688443	5.604565
688448	8.405377
688450	5.614157
688455	11.115125
688456	4.29865
688458	5.497076
688459	7.7304206
688466	5.877043
688468	4.3411674
688469	4.321359
688472	11.383341
688475	5.309943
688478	5.4927163
688479	5.502039
688480	9.356272
688484	4.2100964
688485	6.8403516
688486	1.2597897
688488	7.0288496
688489	3.7218404
688496	4.32135
688498	3.5075157
688499	9.155884
688500	7.219296
688501	7.086012
688502	3.7238023
688503	-20.876095
688505	11.133834
688506	4.9305735
688507	3.0214767
688508	6.774583
688509	10.922842
688510	5.9894915
688511	7.4656544
688512	4.327087
688513	-39.18598
688515	4.32722
688516	5.264292
688517	6.9878993
688518	7.296771
688519	9.4074545
688520	3.6935127
688521	8.555701
688522	3.7631025
688523	11.191685
688525	5.1963387
688526	4.6823235
688528	7.5161853
688529	6.4907393
688531	3.7543702
688533	6.5171905
688535	3.7191203
688536	3.7191212
688538	9.481345
688539	7.915498
688543	4.2037697
688548	8.069529
688549	4.321352
688550	3.7191272
688551	4.290079
688552	10.167487
688553	7.8100243
688556	3.71912
688557	9.544206
688558	4.8124843
688559	7.8933797
688560	7.116753
688561	6.416672
688562	5.334365
688563	5.4876585
688565	4.32135
688566	5.5006075
688567	7.070796
688568	3.719184
688569	9.390485
688570	4.32135
688571	6.456824
688573	11.990422
688575	6.604225
688576	4.838005
688577	3.7191203
688578	3.5060995
688579	6.4391856
688580	3.730468
688581	4.207098
688582	-37.941437
688584	4.2392416
688585	8.617639
688586	11.235228
688588	4.804387
688589	5.497094
688590	5.4975643
688591	6.5119376
688592	8.138977
688593	5.5024114
688595	3.7191203
688596	7.024921
688597	9.146711
688598	7.730334
688599	4.303573
688600	9.481727
688601	3.7163424
688602	4.3221703
688603	-39.726707
688606	-2.7890828
688607	4.32135
688608	2.2546468
688609	10.093805
688610	4.621953
688611	10.116823
688612	6.8044014
688613	-12.677615
688616	7.090616
688617	-42.610573
688618	5.32216
688619	6.46552
688620	4.3213515
688621	6.13469
688622	7.9264574
688623	3.7192757
688625	10.071839
688626	5.0704737
688627	4.0583167
688628	11.565793
688629	5.6484165
688630	3.7191699
688631	4.441637
688633	7.1201825
688636	1.9814879
688638	5.352494
688639	5.7765174
688646	8.790586
688648	4.31817
688651	12.087436
688652	4.736199
688653	5.163293
688655	6.4886374
688656	6.161783
688657	2.3120472
688658	11.182781
688659	4.3216667
688660	11.023834
688661	4.351331
688662	7.080927
688663	7.071221
688665	5.2682567
688667	7.7897215
688668	5.1246815
688669	6.1784964
688670	8.726497
688671	7.071003
688676	7.304092
688677	3.7191203
688678	6.1716633
688679	7.6817355
688680	5.492715
688681	4.4735727
688682	5.6144757
688683	4.3701057
688685	10.41248
688686	3.7191203
688687	5.4891877
688689	4.5301023
688690	6.7309456
688691	3.5693064
688693	8.066656
688695	5.272406
688696	3.7153995
688697	6.610376
688698	4.3213515
688699	6.6061177
688700	3.6556113
688701	4.8935523
688702	5.7083125
688707	7.083608
688709	6.218297
688711	7.8402615
688716	4.332743
688717	-10.902222
688718	8.186872
688719	5.4662337
688720	4.736255
688722	7.4997478
688728	5.4877634
688733	5.396386
688737	5.4976077
688739	6.771971
688766	5.5156975
688767	-23.671495
688768	6.291963
688772	7.0965037
688776	5.364447
688777	-32.922226
688778	5.309744
688779	9.705196
688786	6.436843
688787	3.8114264
688788	4.4556494
688789	6.4606915
688793	-11.373029
688798	1.8859464
688799	6.161962
688800	6.4652348
688819	5.073047
688981	6.6947007
689009	-28.493666
