1	-27.2546
2	3.7210207
4	-1.5401626
6	-22.032412
7	3.506052
8	-6.992075
9	5.3098125
10	6.7181845
11	-1.1363325
12	7.8990955
14	3.7188814
16	-10.708653
17	5.4719377
19	9.81908
20	-21.468164
21	3.7191894
25	1.8889351
26	9.553842
27	3.614184
28	3.7191267
29	3.3300962
30	5.487788
31	9.656044
32	3.7619576
34	10.436961
35	4.3213515
36	5.2101583
37	3.7191203
39	4.0645385
40	9.89958
42	4.3902183
45	11.332307
48	3.2258806
49	4.7360144
50	5.1859403
55	6.1541142
56	4.3902416
58	6.594679
59	8.94613
60	5.420785
61	8.028559
62	-49.894955
63	5.326625
65	5.309905
66	3.7488225
68	7.02676
69	3.7239544
70	5.5054975
78	3.9190767
88	5.602018
89	3.7175186
90	3.7240098
96	9.055021
99	6.4558425
100	6.006884
151	5.5009146
153	4.2365823
155	4.6509976
156	9.482084
157	5.409861
158	-21.429276
159	9.599595
166	10.253583
301	7.3086023
333	-21.115877
338	5.688561
400	4.6381693
401	9.196663
402	3.7236052
403	3.72519
404	7.058124
407	8.424802
408	7.391248
409	5.5061126
410	8.074961
411	6.897731
415	3.719121
417	10.346755
419	-18.017565
420	5.509236
421	5.098249
422	5.3601823
423	1.5660243
425	6.731104
426	3.9143999
428	4.2981725
429	-17.77739
430	5.497076
488	9.367482
498	10.022006
501	3.5368814
503	9.64749
504	8.069402
505	4.3253565
506	6.760513
507	4.9755187
509	9.739088
510	9.445518
513	1.0169988
514	10.408419
516	3.7195616
517	2.1008232
518	9.860723
519	3.719128
520	5.5117416
521	-1.5755879
523	10.669535
524	4.5455356
525	-13.041268
526	-3.223913
528	-2.999008
529	4.3213496
530	-13.700535
531	3.7185318
532	-12.928182
533	6.509315
534	6.485892
536	11.113361
537	6.4040003
538	7.03415
539	3.7191203
541	4.5834026
543	1.9000275
544	5.479763
545	-15.395173
546	-13.882332
547	-14.12882
548	9.171968
550	4.4297853
551	10.265745
552	7.0712285
553	4.2409587
554	9.146296
555	7.733305
557	-10.428973
558	9.497355
559	5.2555633
560	7.6042886
561	-19.263594
563	10.498947
564	6.144909
565	8.561983
566	10.220489
567	8.5860615
568	5.047243
570	4.335946
571	7.8795185
572	8.133098
573	4.9075656
576	3.7993138
581	8.477248
582	-0.03195329
584	7.014965
586	6.0396743
589	5.5110974
590	8.661688
591	3.7195685
592	11.13959
593	10.31211
595	4.968117
596	5.3103724
597	11.274087
598	4.0625434
599	8.494254
600	3.7191203
601	3.7191267
603	4.098711
605	5.7259355
607	8.627422
608	6.937046
609	4.6634355
610	7.7897205
612	3.5075753
615	7.1174436
617	8.526021
619	4.020935
620	8.069487
622	4.7813625
623	9.132369
625	3.506679
626	5.5841475
627	10.486211
628	5.2088494
629	4.321379
630	4.0191884
631	3.7497468
632	4.3339725
633	7.1028175
635	8.605352
636	6.846805
637	-12.830078
638	9.745256
639	8.079147
650	3.7209182
651	-37.788593
652	9.012639
655	5.3090997
656	9.486801
657	3.72366
659	9.774543
661	3.71912
663	6.3591886
665	7.45844
668	9.351871
669	8.72347
670	6.837859
672	6.0591316
676	2.237201
677	4.3075113
678	6.20795
679	6.588476
680	5.2184086
681	4.5923076
682	6.934443
683	3.7196171
685	9.797025
686	9.028421
688	6.4816236
690	3.7193043
691	11.269852
692	4.6524787
695	-21.443811
697	5.150192
698	6.891771
700	6.203839
701	7.801091
702	10.536567
703	3.984152
705	8.092667
707	4.32135
708	5.297964
709	5.960591
710	7.9370584
711	7.320746
712	-12.582716
713	5.645755
715	6.42019
716	6.6308956
717	7.8972936
718	9.177126
719	4.80883
720	4.5417943
721	8.07028
722	7.790438
723	5.4900923
725	10.939287
726	3.7247195
727	7.10195
728	9.379093
729	9.70211
731	6.9999266
733	5.3292766
735	8.867784
736	6.4897504
737	8.069549
738	9.851765
739	1.9080162
750	10.221493
751	5.335046
752	8.345903
753	5.8096514
755	-15.984823
756	8.482011
757	7.1903124
758	5.068506
759	5.1615243
761	6.4658556
762	-6.3731017
766	6.2712717
767	8.771226
768	6.7865844
776	6.6342626
777	5.49225
778	9.36748
779	9.115589
782	6.5132995
783	10.676571
785	9.362438
786	5.2066383
788	7.2306824
789	5.259502
790	5.6488886
791	5.498974
792	4.1330514
793	10.403021
795	7.9656477
796	5.497076
797	6.195274
798	11.300608
799	3.7191203
800	6.538483
801	3.5666451
802	5.428546
803	4.8306236
807	5.3182273
809	7.9945445
810	-40.84661
811	3.7198918
812	8.116898
813	5.529627
815	7.2690954
816	7.8817472
818	5.938434
819	-5.451392
820	9.430636
821	5.4883423
822	6.4651656
823	6.734609
825	4.691469
826	9.631306
828	6.3505807
829	11.078681
830	8.156248
831	3.7191203
833	9.281204
837	4.5520825
838	5.4969454
839	5.309904
848	0.47262082
850	3.2243853
851	5.675976
852	4.41616
856	4.0837874
858	5.2381845
859	8.876793
860	6.476066
862	5.498668
863	9.23064
868	8.0282
869	5.321468
875	5.497101
876	6.5840454
877	7.731932
878	5.309873
880	-10.782391
881	9.615828
882	11.151048
883	6.288512
885	4.268972
886	9.80896
887	3.7320387
888	-12.606971
889	-4.099705
890	5.761924
892	10.361001
893	-10.703005
895	11.29793
897	4.9231486
898	6.4557567
899	5.4973197
900	-12.963775
901	4.912094
902	8.468862
903	6.267683
905	8.620296
906	6.465166
908	-38.872612
909	-4.1137376
910	7.5120444
911	7.87756
912	9.449522
913	2.692631
915	3.719231
917	3.986905
919	8.678534
920	11.053406
921	5.427095
922	7.893119
923	5.497171
925	9.883737
926	6.6301193
927	8.221543
928	7.294982
929	9.677411
930	5.6384683
931	7.7276015
932	4.3214192
933	5.0180364
935	3.71917
936	6.547174
937	1.8204619
938	7.304078
948	-1.8561035
949	11.191688
950	9.324223
951	-2.225539
952	9.427048
953	9.482182
955	8.158468
957	7.3040824
958	8.729382
959	12.456517
960	2.3356123
962	3.9559243
963	-4.117059
965	6.677239
966	5.498473
967	7.1570525
968	10.721789
969	3.7192712
970	-1.4034033
972	6.337064
973	9.227507
975	7.7472215
977	3.7191126
978	4.3259106
980	11.18122
981	9.522767
983	7.7485886
985	5.4313927
987	9.165133
988	2.40241
989	6.6010437
990	6.4634795
993	5.497076
995	9.482032
997	7.608821
998	5.3670716
999	1.7926435
1201	4.26028
1202	5.481782
1203	5.4970765
1205	4.3213515
1206	4.5560503
1207	7.460073
1208	9.48943
1209	9.519617
1210	4.32135
1211	7.032358
1212	8.968712
1213	9.65208
1215	4.24351
1216	6.834147
1217	6.4666348
1218	4.327719
1219	11.501524
1222	5.4883413
1223	4.765369
1225	11.074453
1226	5.24171
1227	9.435242
1228	5.235586
1229	8.767411
1230	5.0355673
1231	4.9840317
1234	6.5027695
1236	10.111186
1238	10.375912
1239	6.778574
1255	4.5713964
1256	6.413896
1258	4.93108
1259	4.332837
1260	5.4913945
1266	7.9677663
1267	9.729952
1268	6.968432
1269	4.7352834
1270	4.2772284
1278	5.4751387
1282	5.4662714
1283	1.8608333
1286	6.4648385
1287	-17.385834
1288	7.295591
1289	4.840544
1296	6.674388
1298	-38.833767
1299	7.1677623
1300	5.149844
1301	6.6019664
1306	3.6825402
1308	3.981391
1309	5.180273
1311	3.6140995
1313	8.951409
1314	2.0099335
1316	9.282242
1317	4.711251
1318	0.81785184
1319	12.024752
1322	8.609152
1323	11.112026
1324	4.910041
1326	5.4662714
1328	9.406493
1330	4.3213563
1331	4.32135
1332	5.0312862
1333	8.189288
1336	6.9864845
1337	7.5690994
1338	5.22473
1339	2.8419135
1358	8.853599
1359	4.502796
1360	9.645777
1366	5.147264
1367	-7.875511
1368	4.321633
1373	10.606662
1376	4.54861
1378	8.069601
1379	9.492192
1380	7.8462815
1387	5.0948253
1389	3.7188754
1696	-5.330065
1872	-21.228348
1896	8.048097
1914	5.3101773
1965	2.1059036
1979	10.355576
2001	5.310027
2003	2.416953
2004	2.0075727
2005	10.835556
2006	3.719496
2007	5.3098536
2008	7.2320538
2009	5.886949
2010	6.9403086
2011	4.3035607
2012	8.431128
2014	3.614188
2015	5.186294
2016	7.2799053
2017	2.134621
2019	3.7191193
2020	-8.929968
2021	4.525658
2022	3.843743
2023	4.700435
2024	7.294482
2025	1.1932485
2026	6.8180466
2027	3.7308571
2028	-8.476427
2029	4.3272333
2030	1.7943332
2031	2.1181908
2032	7.0303125
2033	3.7540267
2034	8.356557
2035	10.016913
2036	3.750258
2037	9.775282
2038	9.6441345
2039	6.9268465
2040	-1.2709142
2041	5.322109
2042	6.46495
2043	8.32444
2044	4.1061683
2045	-5.177671
2046	5.8688483
2047	8.475435
2048	3.9968529
2049	3.7191203
2050	-8.68328
2051	4.391472
2052	-20.870045
2053	4.424144
2054	4.344751
2055	3.7191691
2056	8.787559
2057	3.7311099
2058	9.7781725
2059	8.658129
2060	4.945016
2061	7.3630733
2062	4.881657
2063	3.7235649
2064	7.0602155
2065	4.073647
2066	6.985095
2067	6.021112
2068	3.7191203
2069	-21.52969
2072	9.479211
2073	3.7191265
2074	6.898521
2075	8.331112
2076	4.5301685
2077	10.461174
2078	5.2590666
2079	3.8725603
2080	5.309904
2081	7.9641123
2082	8.848303
2083	10.658229
2084	-21.464964
2085	-5.794391
2086	11.455099
2088	5.3128023
2090	3.720069
2091	4.9516335
2092	10.162661
2093	7.5437374
2094	8.831655
2095	5.322108
2096	4.7677226
2097	5.5053473
2098	2.6316118
2099	8.31894
2100	3.7029877
2101	5.4215584
2102	9.482227
2103	-20.19752
2104	9.574038
2105	5.449017
2106	-3.4012935
2107	6.691641
2108	7.9181523
2109	4.321664
2110	6.454758
2111	4.7351093
2112	11.087038
2114	6.4050245
2115	9.951532
2116	3.898981
2117	3.7753346
2119	7.2891355
2120	6.1234703
2121	3.7240098
2122	5.497076
2123	3.7220914
2124	-10.407741
2125	3.7191203
2126	3.7195098
2127	7.326001
2128	6.3386784
2129	5.3099036
2130	3.7138126
2131	3.723457
2132	8.643224
2133	4.319039
2134	4.5057364
2135	6.4000726
2136	5.1467557
2137	-0.8506516
2138	5.309822
2139	7.7880025
2140	3.7253172
2141	11.168456
2142	5.096083
2144	7.709074
2145	10.114729
2146	4.3279333
2148	2.0772047
2149	8.122118
2150	5.3099303
2151	5.933798
2152	3.7387743
2153	3.7220078
2154	3.7191193
2155	-5.8770456
2156	5.310166
2157	3.72351
2158	-7.0508695
2159	5.378505
2160	7.061143
2161	7.390043
2162	11.191696
2163	7.7356634
2164	8.522377
2165	7.6091137
2166	3.7387462
2167	4.040274
2168	3.5730474
2169	3.8610692
2170	0.109216504
2171	5.4514656
2172	8.640963
2173	4.3318443
2174	7.771061
2175	6.6847715
2176	3.7191203
2177	10.48843
2178	11.194898
2179	7.30643
2180	1.5274178
2181	-3.9668086
2182	3.719175
2183	3.8022559
2184	6.3300304
2185	7.7517147
2186	4.327613
2187	5.94429
2188	4.3386574
2189	8.745378
2190	6.847966
2191	7.9707794
2192	3.7224758
2193	11.143204
2194	10.604898
2195	5.7161617
2196	7.119143
2197	7.3785124
2198	4.937597
2199	8.204234
2200	6.4652
2201	8.2895975
2202	-20.92879
2203	8.9641905
2204	5.4993167
2205	9.74954
2206	3.7220294
2207	6.4142942
2208	-0.5199056
2209	7.986848
2210	6.7599564
2211	9.516522
2212	5.5008435
2213	4.321283
2214	5.314135
2215	5.315237
2216	5.342118
2217	11.761743
2218	6.7380943
2219	6.1227527
2221	7.676555
2222	3.7191987
2223	3.7815742
2224	8.353555
2225	4.3213544
2226	5.158004
2227	9.2610855
2228	9.332049
2229	3.7191176
2230	3.71912
2231	-19.284975
2232	-10.832644
2233	6.4916983
2234	4.3213964
2235	4.2681413
2236	3.7191446
2237	3.7191203
2238	5.470851
2239	4.3251176
2240	4.32135
2241	4.660869
2242	9.8565235
2243	10.051143
2244	1.939405
2245	3.7191963
2246	9.116395
2247	10.846288
2248	9.451481
2249	3.8223236
2250	5.5120134
2251	7.635892
2252	5.3097935
2253	4.496905
2254	3.9089875
2255	8.069513
2256	9.482261
2258	3.7191563
2259	8.614421
2261	-0.78021646
2262	-7.804687
2263	8.524473
2264	4.6317053
2265	4.7820983
2266	9.493514
2267	5.5077643
2268	3.7206671
2269	9.1937895
2270	-13.113693
2271	8.184441
2272	9.482655
2273	2.293386
2274	6.981031
2275	8.473446
2276	5.4901876
2277	8.663776
2278	9.354413
2279	9.224283
2281	3.7191188
2282	6.49284
2283	5.1163883
2284	6.9845705
2285	9.587602
2286	4.3219447
2287	8.374954
2289	5.1312623
2290	6.885946
2291	7.235974
2292	3.719161
2293	5.2560425
2294	8.898943
2295	4.3214784
2296	7.2337956
2297	5.5769863
2298	4.194943
2299	5.093337
2300	3.7197943
2301	8.624838
2302	9.199669
2303	9.27557
2304	6.3905597
2305	4.910151
2306	5.3968873
2307	11.189971
2309	-19.260923
2310	8.212746
2311	5.3098207
2312	4.758037
2313	8.327762
2314	4.3217425
2315	3.7264502
2316	7.2001534
2317	4.5842443
2318	7.7500095
2319	5.9521837
2320	4.838878
2321	10.469882
2322	2.3600144
2323	3.6763961
2324	3.7191203
2326	3.7219357
2327	3.5789902
2328	5.4830227
2329	7.791017
2330	5.198702
2331	2.7749887
2332	-12.934229
2333	4.333567
2334	3.7190926
2335	6.8944254
2336	7.882256
2337	5.122763
2338	3.6892161
2339	4.664201
2340	3.7202268
2342	8.465966
2343	9.677163
2344	6.2863073
2345	3.719061
2346	4.3111
2347	8.921878
2348	6.685848
2349	9.938813
2350	7.775846
2351	3.5002408
2352	9.513256
2353	5.3104844
2354	-19.806911
2355	5.1567626
2356	4.5235424
2357	8.069631
2358	6.729559
2360	4.5260134
2361	8.367252
2362	5.4968467
2363	5.5153904
2364	4.013399
2365	6.4101443
2366	10.0186205
2367	3.732092
2368	3.7191203
2369	9.466565
2370	8.689656
2371	3.7191212
2372	7.574735
2373	4.5178747
2374	8.268117
2375	8.293053
2376	7.919404
2377	4.3143344
2378	7.072764
2379	5.6827517
2380	3.5078764
2381	7.811366
2382	9.799395
2383	8.351904
2384	4.4007854
2385	8.195375
2386	4.9731693
2387	11.536546
2388	-19.260029
2389	5.8610277
2390	3.735614
2391	9.341984
2392	7.089881
2393	8.725591
2394	7.411672
2395	4.0024395
2396	-22.167032
2397	10.2195635
2398	5.493304
2399	10.285402
2400	6.6616592
2401	3.7272205
2402	3.6832829
2403	2.6183023
2404	5.93931
2405	6.471457
2406	10.68704
2407	3.7191203
2408	4.0649476
2409	4.8762197
2410	6.694068
2412	4.4984655
2413	9.299629
2414	6.6131496
2415	5.2591023
2416	8.4607525
2418	10.959809
2419	4.5684543
2420	7.0716677
2421	0.98174447
2422	-17.10292
2423	7.313731
2424	2.0170927
2425	8.688344
2426	12.34669
2427	4.4838305
2428	5.733083
2429	4.908295
2430	4.101658
2431	10.022331
2432	7.1863327
2434	4.0403605
2436	5.1944265
2437	8.977324
2438	-0.7610141
2439	6.2810717
2440	-0.62844336
2441	3.7279
2442	4.325468
2443	4.3254123
2444	7.1854734
2445	7.517173
2446	9.998611
2448	7.799629
2449	8.566129
2451	10.592025
2452	6.3385053
2453	5.488385
2454	4.5687118
2455	3.71912
2456	-10.766595
2457	8.227103
2458	3.7191014
2459	5.5298023
2460	3.7875047
2461	10.595946
2462	6.154276
2463	0.12565272
2465	3.7182465
2466	3.719121
2467	-11.204035
2468	10.960948
2469	3.6735187
2470	6.924118
2471	9.682487
2472	5.3100095
2474	5.527977
2475	-1.8803433
2476	4.321376
2478	4.554233
2479	-18.831919
2480	9.364906
2481	5.7453227
2482	6.1832223
2483	5.4970756
2484	3.7192085
2485	11.589016
2486	8.723833
2487	3.72512
2488	-10.480409
2489	8.00223
2490	10.021643
2491	9.208909
2492	6.4439087
2493	8.519672
2494	6.3506517
2495	4.0164075
2496	6.8044276
2497	3.7191203
2498	6.186146
2500	8.541872
2501	11.519237
2506	4.3213525
2507	3.9189172
2508	3.7193346
2510	7.7730765
2511	9.97623
2512	9.480396
2513	7.5227747
2514	5.4927163
2515	1.9105014
2516	4.2199755
2517	6.815322
2518	3.71912
2519	3.9911087
2520	9.557947
2521	-6.6333213
2522	5.499066
2523	-4.2112293
2524	8.318616
2526	5.4788513
2527	9.349709
2528	9.775204
2529	11.25083
2530	4.32135
2531	3.6807249
2532	4.9349914
2533	5.1203704
2534	7.923603
2535	6.1743155
2536	3.7191195
2537	5.431962
2538	10.133034
2539	4.1018496
2540	5.310401
2541	3.7191203
2542	9.7893505
2543	2.4478333
2544	5.160606
2545	4.046759
2546	3.8688223
2547	0.20549461
2548	4.2676573
2549	4.3445473
2550	1.8537858
2551	4.7868
2552	4.5665917
2553	-1.2097743
2554	8.089183
2555	5.266789
2556	9.753087
2557	7.7649035
2558	9.681321
2559	3.7191288
2560	6.4007177
2561	7.8470893
2562	9.535146
2563	5.8722754
2564	4.32135
2565	11.0389385
2566	6.680183
2567	5.4883413
2568	5.6780043
2569	11.022637
2570	4.564646
2571	7.9518814
2572	3.7256014
2573	4.693502
2574	5.262738
2575	4.322402
2576	8.869215
2577	-30.513308
2578	6.5828447
2579	6.4571085
2580	5.11463
2581	5.489722
2582	5.5052047
2583	7.160795
2584	4.5404716
2585	4.32135
2586	10.692343
2587	6.9748983
2588	-1.8494451
2589	10.68539
2590	4.5983715
2591	9.281428
2592	11.191673
2593	6.505031
2594	0.68595403
2595	5.921029
2596	9.403146
2597	1.8189039
2598	4.7444663
2599	5.722204
2600	11.143987
2601	3.7237391
2602	5.695999
2603	8.94582
2605	-14.750223
2606	-14.095357
2607	9.482164
2608	6.1505756
2609	3.728539
2611	4.889118
2612	4.572474
2613	4.2458525
2614	7.9958234
2615	3.7207751
2616	4.2995358
2617	6.6071553
2620	11.182001
2622	12.175536
2623	5.462065
2624	10.440782
2625	3.7191868
2626	0.30060574
2627	7.1499147
2628	11.157119
2629	9.479327
2630	9.742904
2631	8.095767
2632	3.7191708
2633	5.067718
2634	5.1424437
2635	2.3658473
2636	8.143126
2637	5.590835
2638	10.279037
2639	8.887919
2640	7.864924
2641	4.604164
2642	-2.8126628
2643	3.71912
2644	7.137698
2645	7.8013606
2646	4.321724
2647	9.480734
2648	3.739395
2649	2.47878
2650	-20.515112
2651	6.023743
2652	9.482163
2653	-3.2888863
2654	6.329913
2655	6.086266
2656	9.759789
2657	5.330794
2658	11.11965
2659	8.751625
2660	4.309084
2661	9.416696
2662	5.4986153
2663	7.409346
2664	7.358847
2666	4.2408195
2667	9.506391
2668	7.255075
2669	4.5276337
2670	9.109381
2671	5.514486
2672	9.719594
2673	9.730329
2674	5.768131
2675	5.077003
2676	7.181351
2677	7.479073
2678	9.010427
2679	4.640165
2681	7.2978687
2682	5.0796485
2683	5.3276687
2685	9.860711
2686	4.3279905
2687	5.093797
2688	6.408778
2689	-19.845049
2690	3.719151
2691	-0.67219996
2692	8.966897
2693	9.473711
2694	5.272609
2695	10.616004
2696	5.639462
2697	3.8872085
2698	7.1120534
2700	2.8971186
2701	7.1442947
2702	5.4748335
2703	7.1037774
2705	6.9248
2706	3.7191203
2707	4.568958
2708	7.690768
2709	3.7191203
2712	4.1250625
2713	9.79557
2714	5.8038225
2715	7.8977594
2716	6.487261
2717	9.240426
2718	9.329801
2719	4.549921
2721	6.4675684
2722	7.495049
2723	5.4972215
2724	4.325405
2725	4.332806
2726	-1.4004854
2727	5.4927144
2728	2.6997924
2729	4.729158
2730	5.49151
2731	8.06934
2732	5.42841
2733	8.652275
2734	6.6227617
2735	8.068372
2737	5.0969324
2738	1.884573
2739	5.570243
2741	7.6690865
2742	6.6669745
2743	4.297929
2745	7.046284
2746	7.956792
2747	4.113925
2748	-10.704301
2749	5.3454366
2750	9.7539015
2752	5.198282
2753	4.3265953
2755	9.480312
2756	3.7211928
2757	9.061202
2758	4.9046326
2759	5.5052896
2760	-19.261015
2761	9.342147
2762	-20.74702
2763	6.264454
2765	0.78825283
2766	8.069495
2767	-3.3298466
2768	3.7197735
2769	5.4196205
2771	-1.629977
2772	8.63917
2773	3.6193316
2774	4.5743904
2775	-2.1437094
2777	7.3173714
2778	8.077988
2779	-10.896537
2780	11.357164
2782	5.609793
2783	5.106711
2785	8.089194
2786	4.32135
2787	5.47953
2788	6.479626
2789	10.012051
2790	5.4977775
2791	4.3278294
2792	9.008335
2793	5.66449
2795	5.4891267
2796	2.7002993
2797	7.1346774
2798	4.9514446
2799	-13.312277
2800	11.191692
2801	3.7203844
2802	0.80787116
2803	7.068942
2805	4.6542993
2806	10.802
2807	11.193872
2808	-0.7015629
2809	5.145772
2810	-35.913498
2811	8.932454
2812	3.7191203
2813	6.514115
2815	5.498631
2816	6.5414567
2817	4.6551547
2818	5.480951
2819	-17.491798
2820	5.4919376
2821	3.6786478
2822	5.505346
2823	8.090109
2824	11.37211
2825	4.3399158
2826	5.218552
2827	2.0014567
2828	7.889273
2829	-10.390335
2830	2.6200135
2831	6.4716635
2832	8.1305
2833	3.7315185
2835	7.748123
2836	5.1098
2837	3.725036
2838	3.7197466
2839	8.731311
2840	5.1204505
2841	9.750732
2842	7.052618
2843	9.247109
2845	5.1664295
2846	4.32135
2847	6.2844477
2848	9.482095
2849	4.32135
2850	4.8073244
2851	5.220595
2852	4.321423
2853	6.4341884
2855	10.165692
2856	4.3202233
2857	4.32544
2858	4.3213496
2859	5.309904
2860	4.268296
2861	9.720652
2862	10.671394
2863	4.3229856
2864	7.887207
2865	5.4645467
2866	6.970504
2867	5.7841554
2868	4.32176
2869	4.5335097
2870	9.573602
2871	8.069704
2872	6.0359654
2873	6.569284
2875	3.1834772
2876	3.7234483
2877	4.32759
2878	7.797452
2879	7.733389
2880	5.335038
2881	2.5486245
2882	6.644973
2883	6.4620514
2884	5.2228017
2885	5.6446104
2886	3.719124
2887	4.5980864
2888	-19.244038
2889	7.674383
2890	9.811759
2891	2.097347
2892	3.9072807
2893	5.497076
2895	9.540769
2896	3.8517287
2897	-0.11028485
2898	6.436456
2899	5.4970756
2900	4.5264063
2901	5.112634
2902	10.240688
2903	6.437426
2905	6.744837
2906	6.4774957
2907	8.52841
2908	7.0712457
2909	7.364313
2910	4.874879
2911	6.355519
2912	3.720275
2913	3.71912
2915	11.240846
2916	-13.946205
2917	4.0359626
2918	4.32135
2919	-7.149555
2920	-1.4603921
2921	8.576584
2922	8.022841
2923	9.071815
2925	5.4760137
2926	9.036392
2927	8.133306
2928	5.511384
2929	5.4968987
2930	7.0092263
2931	4.3253274
2932	2.3327367
2933	4.921546
2935	6.578081
2936	9.716562
2937	8.7302685
2938	6.2170105
2939	9.358971
2940	9.594107
2941	7.790064
2942	4.9081492
2943	5.4927163
2945	6.453808
2946	4.386487
2947	3.5304484
2948	9.425003
2949	4.6176367
2950	0.65244436
2951	-12.184419
2952	-12.915977
2953	4.428091
2955	-0.300901
2956	7.002143
2957	12.048055
2958	9.3360195
2959	3.1747916
2960	6.4651613
2961	7.426819
2962	5.140932
2963	5.312635
2965	5.497076
2966	10.624455
2967	11.0591
2968	4.4329157
2969	4.7738504
2970	3.7191203
2971	7.0712113
2972	4.9314604
2973	5.1532683
2975	4.003333
2976	6.7627983
2977	4.44246
2978	6.034502
2979	9.2275715
2980	9.241934
2981	10.964015
2982	9.214511
2983	11.189154
2984	7.011453
2985	4.631492
2986	-24.841076
2987	-30.549217
2988	6.455042
2989	8.601271
2990	5.6375284
2991	4.1878266
2992	5.7792435
2993	6.092244
2995	4.188283
2996	5.5024114
2997	7.205289
2998	4.327741
2999	4.3277445
3000	7.013153
3001	-21.053036
3002	6.835249
3003	-0.41406605
3004	7.1774173
3005	7.8965287
3006	6.911766
3007	4.4021363
3008	10.788075
3009	4.2223535
3010	12.179441
3011	4.4131656
3012	4.3277435
3013	5.139803
3015	10.372869
3016	6.4923954
3017	8.294123
3018	12.132302
3019	6.580142
3020	-5.7407494
3021	3.71979
3022	6.4566293
3023	7.015136
3025	6.495841
3026	5.0533156
3027	4.589725
3028	5.4927163
3029	11.199994
3030	5.4677114
3031	5.3099046
3032	11.320577
3033	9.36519
3035	4.321372
3036	4.4910927
3037	4.330116
3038	4.32135
3039	7.786284
3040	4.3213744
3041	4.3215714
3042	5.3809834
3043	1.8822924
3816	10.504486
300001	3.5060544
300002	10.466552
300003	3.7191203
300004	5.2761846
300005	-28.7917
300006	8.175239
300007	3.7245746
300008	3.865818
300009	5.8836827
300010	10.238803
300011	-10.300674
300012	6.0019426
300013	6.592267
300014	3.7192693
300015	5.3406487
300016	0.4719398
300017	7.7512107
300018	2.1092608
300019	3.7191203
300020	8.651081
300021	3.7192256
300022	4.239389
300024	3.730212
300025	-6.370107
300026	9.382313
300027	0.8348716
300029	4.623588
300030	10.707722
300031	2.3685968
300032	9.481354
300033	5.227735
300034	3.727678
300035	3.7191412
300036	9.479174
300037	4.476564
300039	-1.1272684
300040	5.124472
300041	-37.438145
300042	-5.0837607
300043	2.178125
300044	9.633343
300045	7.728405
300046	4.736255
300047	-33.050564
300048	5.015218
300049	5.471643
300050	-49.712425
300051	3.6661503
300052	8.645049
300053	-16.293308
300054	5.3099785
300055	5.476927
300056	5.54024
300057	6.038188
300058	4.5729694
300059	6.6446753
300061	1.7937956
300062	3.9872983
300063	-17.019964
300065	3.9894285
300066	1.914492
300067	6.0309567
300068	4.3731823
300069	-15.421573
300070	3.719444
300071	9.482105
300072	4.4040565
300073	5.2303553
300074	5.874919
300075	3.9224122
300076	9.788166
300077	-7.0276847
300078	6.885851
300079	-12.3654375
300080	4.2472167
300081	2.661502
300082	-11.457318
300083	7.9401665
300084	7.937611
300085	0.8064747
300086	10.216726
300087	5.526125
300088	-6.389305
300091	8.817977
300092	8.0194025
300093	5.147065
300094	-15.525681
300095	4.2012525
300096	9.773947
300097	12.76812
300098	3.7170098
300099	3.7024348
300100	-2.051019
300101	3.9342237
300102	8.112625
300103	-21.455
300105	3.8219168
300106	-18.215673
300107	3.9342873
300108	9.821778
300109	3.9118068
300110	10.776724
300111	12.357051
300112	9.370872
300113	-10.298813
300114	7.0888433
300115	7.269552
300117	9.771429
300118	3.7191188
300119	5.327447
300120	5.4062295
300121	3.719184
300122	3.698697
300123	8.733269
300124	5.3649755
300125	9.236671
300126	-0.40518183
300127	3.5713735
300128	-11.304335
300129	5.876426
300130	8.954171
300131	-1.4686123
300132	11.922728
300133	3.71912
300134	11.109063
300135	11.682435
300136	3.4368079
300137	7.096506
300138	5.310113
300139	-6.2035728
300140	4.3214355
300141	3.564025
300142	3.7190375
300143	5.4514933
300144	5.879118
300145	3.7306445
300146	4.7581034
300147	-11.230786
300148	9.751265
300149	9.29599
300150	9.482493
300151	3.702162
300152	8.347659
300153	8.232035
300154	5.495397
300155	9.482199
300157	9.482159
300158	9.736128
300159	-13.878879
300160	3.7218947
300161	-2.5142038
300162	7.893246
300163	9.1610155
300164	8.116925
300165	9.469907
300166	-0.07838675
300167	9.407789
300168	4.901048
300169	9.081741
300170	1.903065
300171	3.7234604
300172	-14.074165
300173	5.1529074
300174	5.227543
300175	7.8989124
300176	10.643917
300177	4.494851
300179	4.7363033
300180	9.481958
300181	2.0035813
300182	1.6906632
300183	-3.3292518
300184	-49.459755
300185	9.457211
300187	6.377897
300188	3.7191195
300189	11.001619
300190	6.9903264
300191	4.51758
300192	3.8908122
300193	3.9493766
300194	11.439414
300195	8.536319
300196	10.141083
300197	3.943618
300198	9.077846
300199	3.9558752
300200	5.1029925
300201	5.188855
300203	4.9989624
300204	-8.562658
300205	4.2865434
300206	4.612213
300207	9.460969
300208	9.4564905
300209	1.6703861
300210	3.7191203
300211	1.4324559
300212	3.6945884
300213	-27.108215
300214	4.3754272
300215	4.6116524
300217	4.575708
300218	7.6401515
300219	11.302014
300220	4.6044455
300221	6.975374
300222	6.469412
300223	3.6308434
300224	3.7195737
300225	3.7487555
300226	4.060268
300227	7.0329857
300228	-29.246033
300229	3.71912
300230	8.0798855
300231	-1.5748724
300232	-0.5796067
300233	6.465283
300234	5.5132456
300235	9.643906
300236	3.8652027
300237	9.463017
300238	7.536716
300239	6.5389805
300240	5.061395
300241	8.581723
300242	9.775291
300243	4.4247227
300244	3.7191796
300245	10.216172
300246	2.0564137
300247	10.653602
300248	1.90824
300249	5.6524935
300250	1.9183897
300251	3.719204
300252	9.929935
300253	6.5637026
300254	7.344911
300255	6.9013004
300256	10.348108
300257	3.7191203
300258	3.7193122
300259	2.196414
300260	3.7185652
300261	2.3211179
300263	3.7015934
300264	10.043803
300265	10.824724
300266	7.968295
300267	9.438626
300268	9.684929
300269	8.791599
300270	3.7175996
300271	4.018521
300272	10.586705
300274	-4.646284
300275	5.1790705
300276	6.6948385
300277	-13.016575
300278	8.762494
300279	11.073744
300280	8.0707655
300281	9.480953
300283	8.75945
300284	8.069572
300285	3.728087
300286	3.7191203
300287	8.788846
300288	2.952407
300289	9.209918
300290	3.6322083
300291	9.365008
300292	-22.077534
300293	5.8535323
300294	3.6854546
300295	1.4881347
300296	-29.222338
300298	6.0907993
300299	-10.896449
300300	9.702757
300301	7.194415
300302	10.215904
300303	4.388853
300304	3.7191236
300305	4.3216286
300306	-13.450573
300307	7.0934854
300308	4.1009936
300310	-17.048916
300311	8.730729
300313	8.833062
300314	4.773104
300315	6.476186
300316	3.6776576
300317	4.321349
300318	5.1303797
300319	3.6580367
300320	3.7205596
300321	8.077387
300322	1.9082314
300323	9.364385
300324	1.9394871
300326	7.806714
300327	3.7191203
300328	-43.13679
300329	7.040789
300331	3.1537364
300332	5.5051923
300333	-16.24628
300334	11.255683
300335	10.424803
300337	-2.839589
300338	-0.5692066
300339	-4.7850137
300340	8.641001
300341	4.014438
300342	6.6802034
300343	3.7192662
300344	11.304616
300345	8.972551
300346	4.735074
300347	8.816966
300348	6.3241534
300349	-37.19848
300350	4.9082866
300351	3.7191901
300352	1.9651709
300353	-11.772195
300354	3.7191203
300355	10.628283
300357	3.7106047
300358	4.3458624
300359	-10.293729
300360	3.7234457
300363	4.73747
300364	3.71912
300365	1.9081775
300366	-1.5285345
300368	9.705462
300369	1.9085355
300370	7.7700386
300371	-10.215412
300373	3.7191203
300374	8.119085
300375	5.6543255
300376	5.90572
300377	-10.366463
300378	1.1015694
300379	-43.594036
300380	4.345231
300381	3.8052201
300382	3.721884
300383	5.437282
300384	3.9339147
300385	10.32725
300386	4.022751
300387	-14.232709
300388	8.97045
300389	5.647547
300390	3.721025
300391	7.9486003
300393	3.56366
300394	3.916821
300395	6.459046
300396	3.8118918
300397	5.073417
300398	3.6588156
300399	10.832147
300400	-32.615215
300401	4.389042
300402	12.083614
300403	5.7570357
300404	3.8727953
300405	9.442653
300406	3.9318955
300407	9.228307
300408	9.085811
300409	4.5768027
300410	8.834985
300411	4.4668937
300412	9.484437
300413	3.7264636
300414	8.660382
300415	3.7268407
300416	2.0472627
300417	10.257905
300418	3.7193162
300419	0.71659577
300420	1.0617064
300421	8.673304
300422	4.324377
300423	0.6913225
300424	12.300352
300425	4.796012
300426	6.6702957
300427	10.534429
300428	3.71912
300429	6.0075417
300430	8.819486
300432	-8.269814
300433	-0.69203055
300434	8.381737
300435	4.3405786
300436	-14.603018
300437	5.4543853
300438	-33.476524
300439	4.3551025
300440	0.88699734
300441	3.8475747
300442	7.154376
300443	-12.41732
300444	6.5182343
300445	3.7191558
300446	-4.682536
300447	1.947117
300448	-43.395126
300449	9.407456
300450	3.7192278
300451	4.3275766
300452	3.843292
300453	3.7239783
300454	7.785217
300455	4.0964856
300456	-1.1830134
300457	3.720103
300458	4.708828
300459	9.333941
300460	11.053222
300461	-21.95594
300462	5.14705
300463	2.075002
300464	10.6861
300465	9.29629
300466	4.028813
300467	3.9523127
300468	4.0490646
300469	-3.0455647
300470	5.316441
300471	-26.700533
300472	9.482164
300473	9.793545
300474	3.6951227
300475	3.5083582
300476	1.9695956
300477	9.707406
300478	9.3928385
300479	11.269445
300480	3.7195704
300481	3.7191203
300482	4.7387233
300483	6.485876
300484	-5.3936896
300485	8.658501
300486	9.351197
300487	5.404498
300488	5.342233
300489	5.1405215
300490	8.741611
300491	6.9003987
300492	6.226367
300493	4.5631723
300494	4.775441
300496	3.7224681
300497	3.7191195
300498	5.3649745
300499	3.8813326
300500	5.541763
300501	-32.661587
300502	-0.81284964
300503	8.726909
300504	6.426706
300505	5.4751387
300506	8.478823
300507	6.829186
300508	2.3273673
300509	-4.129539
300510	4.3381853
300511	9.589804
300512	11.615235
300513	9.908083
300514	7.0264277
300515	4.324876
300516	-1.6936828
300517	10.535043
300518	8.652946
300519	7.365066
300520	3.726015
300521	4.3254333
300522	3.7191737
300523	3.9835818
300525	4.4052005
300527	9.369665
300528	5.1484065
300529	5.309885
300530	1.3138864
300531	-42.96241
300532	-36.326805
300533	-13.997874
300534	5.529683
300535	4.3198056
300536	7.0243907
300537	6.4373784
300538	4.876297
300539	6.638148
300540	6.8293815
300541	11.201442
300542	9.067061
300543	-4.4343414
300545	3.7205086
300546	4.655801
300547	8.090923
300548	4.969718
300549	6.4834805
300550	9.326957
300551	9.481261
300552	4.4607606
300553	8.138115
300554	4.7301755
300555	9.482146
300556	7.0631967
300557	7.9525065
300558	1.9146279
300559	4.076443
300560	9.482163
300561	3.9246979
300562	9.0860815
300563	-9.122065
300564	10.566552
300565	9.204611
300566	-10.88919
300567	6.6437483
300568	3.7261577
300569	-4.3237605
300570	7.9785557
300571	2.79995
300572	-30.140991
300573	5.9016848
300575	3.8937867
300576	4.7542925
300577	5.2586246
300578	8.488484
300579	5.3065805
300580	3.9452877
300581	4.933597
300582	6.514855
300583	5.290579
300584	9.482163
300585	8.57944
300586	8.870415
300587	5.497165
300588	-21.119549
300589	4.1094213
300590	3.5056367
300591	10.26025
300592	8.723998
300593	9.558262
300594	8.110321
300595	3.7191195
300596	5.3186865
300597	9.481524
300598	-0.40665737
300599	6.7157974
300600	9.250907
300601	3.7191446
300602	-11.294126
300603	10.908773
300604	3.7194917
300605	10.552
300606	6.48446
300607	3.8122184
300608	1.626112
300609	-13.643979
300610	4.3323183
300611	9.464441
300612	-12.017839
300613	4.731764
300614	4.334916
300615	9.125803
300616	4.3277407
300617	3.7191598
300618	3.7191267
300619	-12.39954
300620	-14.5619135
300621	7.27479
300622	-11.487039
300623	6.3670516
300624	3.7191203
300625	10.273973
300626	8.744032
300627	3.719424
300628	5.092947
300629	4.560194
300630	-4.3015294
300631	5.4970765
300632	6.1727076
300633	7.7899227
300634	7.0794373
300635	6.756034
300636	8.118719
300637	9.979497
300638	6.073768
300639	-10.185515
300640	8.6788845
300641	5.1645074
300642	5.0407853
300643	6.4370565
300644	8.075357
300645	9.5402775
300647	9.570418
300648	-17.280998
300649	4.3289456
300650	7.0083265
300651	8.069618
300652	4.328657
300653	7.150969
300654	6.553111
300655	3.71912
300656	-14.094639
300657	8.514734
300658	8.350193
300659	7.0078993
300660	5.322159
300661	2.257004
300662	5.483259
300663	5.288133
300664	4.4905963
300665	9.747446
300666	3.7156851
300667	9.573978
300668	4.447073
300669	4.6273637
300670	4.4541655
300671	4.4434776
300672	3.7191193
300673	4.736255
300674	7.109324
300675	7.045685
300676	9.702897
300677	3.4030247
300678	3.7191203
300679	3.907918
300680	4.735
300681	2.8984792
300682	7.0036044
300683	7.2737308
300684	4.8113303
300685	3.699437
300686	8.607762
300687	3.7375467
300688	-10.264114
300689	9.489921
300690	3.7953398
300691	1.8974285
300692	8.318686
300693	4.4364276
300694	4.3343678
300695	4.4930544
300696	3.6830685
300697	6.7819443
300698	7.2577662
300699	8.202577
300700	4.321412
300701	5.6194687
300702	3.7191203
300703	4.3318505
300705	5.353637
300706	4.264824
300707	4.3231707
300708	6.049139
300709	-37.552914
300710	9.470795
300711	6.703759
300712	5.289634
300713	4.6011424
300715	7.8772507
300716	7.745943
300717	7.8091593
300718	-7.4939866
300719	8.069449
300720	-13.38904
300721	5.213329
300722	4.1541824
300723	1.3743722
300724	3.719123
300725	4.747017
300726	-14.79092
300727	6.45975
300729	2.4487379
300730	7.869193
300731	4.307088
300732	4.589347
300733	4.5672655
300735	7.689944
300736	4.3275657
300737	6.479139
300738	3.719169
300739	6.7612033
300740	5.479929
300741	8.616728
300743	5.263522
300745	5.4927163
300746	7.4128094
300747	3.7191665
300748	5.497075
300749	5.940317
300750	-0.7559319
300751	3.5061264
300752	3.6928148
300753	10.777259
300755	4.315165
300756	3.7191203
300757	3.7062747
300758	5.80538
300759	3.5085268
300760	3.7193272
300761	5.3098636
300762	4.4571724
300763	1.9342277
300765	5.1177363
300766	6.476007
300767	5.479546
300768	11.115444
300769	3.7191203
300770	-14.2225895
300771	7.8431273
300772	8.9025345
300773	5.4711084
300774	10.086304
300775	8.083864
300776	4.743891
300777	6.5958223
300778	5.167831
300779	-1.8568968
300780	10.506588
300781	3.5035295
300782	3.7191203
300783	10.036279
300785	3.721271
300786	6.766302
300787	-2.9571025
300788	9.300266
300789	4.272072
300790	5.3728704
300791	-3.5752342
300792	4.1127357
300793	10.839092
300795	3.7191203
300796	8.4279995
300797	5.163978
300798	4.321375
300800	6.4835186
300801	6.465166
300802	5.40688
300803	5.7702737
300804	2.97073
300805	6.830841
300806	6.9026237
300807	8.069621
300808	6.698424
300809	8.304166
300810	9.211328
300811	6.107826
300812	-4.265297
300813	4.3819804
300814	8.069688
300815	3.748091
300816	4.323094
300817	8.690572
300818	3.7317483
300819	4.32135
300820	4.2460933
300821	6.4770513
300822	5.534102
300823	4.2710133
300824	8.525865
300825	8.069677
300826	10.793623
300827	-19.613737
300828	11.314475
300829	4.3213515
300830	-12.47348
300831	4.3255024
300832	-1.5739008
300833	3.7192795
300834	4.3315516
300835	3.749728
300836	0.7780562
300837	4.3213515
300838	4.9297457
300839	8.461154
300840	6.7620296
300841	4.495932
300842	3.7191203
300843	7.954274
300844	5.125149
300845	10.770594
300846	7.3206344
300847	9.443809
300848	5.3098464
300849	8.544503
300850	4.347678
300851	9.473497
300852	3.506536
300853	9.482183
300854	4.890622
300855	5.310038
300856	4.563829
300857	4.717208
300858	2.7016966
300859	11.115816
300860	-20.30105
300861	5.567412
300862	5.4851656
300863	11.279157
300864	3.763433
300865	7.042747
300866	1.2669845
300867	11.260638
300868	10.112616
300869	6.733067
300870	3.7282877
300871	5.497076
300872	5.518571
300873	7.4528584
300875	9.482271
300876	5.4900923
300877	6.800319
300878	8.130808
300879	8.9628525
300880	9.480473
300881	7.1871157
300882	9.711885
300883	0.670901
300884	9.774979
300885	10.184681
300886	-1.5070268
300887	4.0295267
300888	5.3100343
300889	9.482131
300890	9.908993
300891	10.975176
300892	7.8931127
300893	3.5346484
300894	9.485862
300895	7.744204
300896	3.5033946
300897	-19.270536
300898	6.476899
300899	4.764782
300900	7.854397
300901	6.068799
300902	5.268952
300903	4.2678413
300904	3.8272939
300905	3.7191203
300906	5.4492984
300907	4.32135
300908	3.7032893
300909	5.4983807
300910	3.7482939
300911	7.1998363
300912	4.431937
300913	3.71912
300915	4.2494116
300916	2.8463025
300917	3.5247178
300918	6.9440465
300919	5.3713264
300920	6.5698
300921	-10.896716
300922	5.1470075
300923	7.158085
300925	11.514726
300926	8.78868
300927	11.28283
300928	8.069892
300929	8.515817
300930	5.1654243
300931	4.8117585
300932	9.482155
300933	6.2488146
300935	9.511186
300936	4.539235
300937	8.069618
300938	3.7185743
300939	4.7311144
300940	10.862037
300941	9.57146
300942	8.056805
300943	10.612002
300945	4.5056853
300946	4.8648014
300947	4.7110767
300948	5.9892926
300949	-47.764927
300950	4.338734
300951	4.601143
300952	9.482164
300953	4.0185843
300955	4.2292223
300956	5.146026
300957	3.885513
300958	-0.45435563
300959	9.478541
300960	7.6938763
300961	4.2437925
300962	5.084099
300963	7.290437
300964	4.339162
300965	10.1546545
300966	5.4931645
300967	5.392514
300968	7.8716598
300969	6.6733932
300970	7.3911595
300971	10.432248
300972	0.012378804
300973	5.4944105
300975	8.069327
300976	1.9355366
300977	5.0392475
300978	5.161552
300979	3.8001337
300980	4.2972565
300981	9.226995
300982	4.32135
300983	3.439428
300984	5.5138383
300985	-12.639731
300986	4.7245226
300987	8.641121
300988	8.068954
300989	4.6007624
300990	4.689075
300991	8.893358
300992	8.9755535
300993	4.1496015
300994	6.5277
300995	4.476645
300996	4.731075
300997	4.3086853
300998	6.2461762
300999	8.468394
301000	4.6281667
301001	5.0378246
301002	4.771284
301003	4.7425866
301004	5.031327
301005	3.6610656
301006	6.5883594
301007	7.530142
301008	7.9190946
301009	1.9541914
301010	8.469849
301011	9.514407
301012	5.4886227
301013	11.17115
301015	6.96752
301016	9.625746
301017	5.155619
301018	6.4273334
301019	4.6331267
301020	5.155536
301021	7.9200406
301022	6.4507074
301023	0.7798043
301024	8.080715
301025	4.597172
301026	7.131103
301027	8.723989
301028	7.349912
301029	5.9474416
301030	6.6400886
301031	3.7191663
301032	5.431767
301033	-32.04033
301035	5.5688796
301036	9.110657
301037	4.336119
301038	5.3607035
301039	7.057925
301040	9.514979
301041	4.3222055
301042	8.455218
301043	6.822574
301045	7.3782144
301046	5.1896744
301047	4.836768
301048	9.750283
301049	11.190676
301050	3.7210164
301051	4.015306
301052	6.4745455
301053	5.1488247
301055	9.46229
301056	4.32135
301057	8.648709
301058	4.32135
301059	4.32135
301060	10.618251
301061	-16.502666
301062	4.9265614
301063	8.069684
301065	8.653967
301066	9.247041
301067	2.432568
301068	5.496947
301069	7.058539
301070	-8.308178
301071	5.7892413
301072	4.32476
301073	4.736257
301075	8.941131
301076	5.475139
301077	3.8393924
301078	5.106067
301079	8.875881
301080	4.730484
301081	11.191482
301082	9.506117
301083	5.4257107
301085	4.7731857
301086	4.345457
301087	3.505946
301088	6.1108227
301089	8.2998495
301090	4.3213534
301091	3.6356816
301092	4.3213496
301093	10.178998
301095	6.115008
301096	5.854912
301097	5.058441
301098	6.602174
301099	-4.455283
301100	9.501532
301101	1.9544027
301102	4.571681
301103	6.0706253
301105	9.144884
301106	-17.747797
301107	4.32135
301108	5.496674
301109	5.5629916
301110	7.449069
301111	7.860954
301112	4.895656
301113	7.3082566
301115	7.701876
301116	5.3140535
301117	5.7332087
301118	4.3217173
301119	5.4867783
301120	5.466266
301121	-4.1416144
301122	5.962363
301123	4.3192477
301125	5.014169
301126	5.1605954
301127	8.179002
301128	1.9086812
301129	5.4085665
301130	8.0762005
301131	5.4438696
301132	8.442646
301133	5.165263
301135	4.4474964
301136	9.108891
301137	6.768671
301138	4.237327
301139	6.0147266
301141	4.7352386
301148	4.6435003
301149	-20.87594
301150	5.450725
301151	9.36517
301152	11.238376
301153	5.313558
301155	5.565325
301156	5.147271
301157	6.496668
301158	8.048002
301159	6.094259
301160	3.719121
301161	6.767271
301162	3.71912
301163	4.95656
301165	8.448964
301166	7.5064244
301167	7.550273
301168	8.068947
301169	7.070743
301170	4.322051
301171	7.176709
301172	5.0071845
301175	5.5353184
301176	5.344621
301177	4.2070785
301178	8.069687
301179	3.7191195
301180	8.575017
301181	5.4994593
301182	10.610108
301183	3.8938208
301185	0.25344157
301186	6.4131775
301187	4.324956
301188	6.761273
301189	11.1225605
301190	8.3910055
301191	-1.7729746
301192	4.239807
301193	4.584635
301195	7.7565713
301196	4.49208
301197	8.074872
301198	9.047864
301199	7.064221
301200	6.468258
301201	4.8134923
301202	4.241875
301203	6.8014584
301205	3.71912
301206	3.4879863
301207	8.0751915
301208	-22.03273
301209	9.172892
301210	4.254878
301211	6.691633
301212	4.32135
301213	8.109096
301215	7.978681
301216	8.066119
301217	5.1727514
301218	6.842836
301219	3.7495792
301220	6.7615623
301221	8.060149
301222	4.259492
301223	5.5758104
301225	6.7904863
301226	8.642989
301227	9.748967
301228	4.0407777
301229	6.480006
301230	4.743704
301231	8.069602
301232	-12.323281
301233	1.6658511
301234	7.606312
301235	4.7503257
301236	0.6007055
301237	8.073032
301238	7.1622667
301239	5.099168
301246	5.4795413
301248	4.3213863
301251	8.069528
301252	4.749505
301255	3.5433028
301256	4.308911
301257	7.893141
301258	7.9028563
301259	2.5593462
301260	6.7617764
301261	3.5595367
301262	4.613952
301263	9.065617
301265	10.850476
301266	8.069684
301267	5.4900923
301268	7.886567
301269	6.976476
301270	6.169986
301272	5.4970756
301273	7.546085
301276	4.32135
301277	4.39105
301278	4.7362514
301279	4.20178
301280	3.7314725
301281	7.8809175
301282	7.0414057
301283	5.1543155
301285	8.600006
301286	9.294076
301287	4.24035
301288	8.6575775
301289	3.7202806
301290	4.334473
301291	5.4483724
301292	5.492428
301293	4.736255
301295	7.8716836
301296	-0.66927785
301297	5.154063
301298	6.4652953
301299	3.7191195
301300	7.612045
301301	9.887458
301302	7.663227
301303	5.3171782
301305	9.812072
301306	9.544046
301307	4.3246126
301308	5.952044
301309	5.2316604
301310	5.492715
301311	4.6357317
301312	-14.913799
301313	4.495593
301314	3.9995522
301315	8.233343
301316	4.9518695
301317	11.191698
301318	3.9227505
301319	4.479848
301320	10.868557
301321	-15.501966
301322	3.7191203
301323	5.497076
301325	3.5167794
301326	2.4887362
301327	-6.051087
301328	4.6833444
301329	4.3317347
301330	5.616554
301331	7.078819
301332	7.7235003
301333	3.9715912
301335	9.466833
301336	4.5467095
301337	-42.78821
301338	4.6201444
301339	5.3474216
301345	3.7191968
301348	8.545534
301349	3.7191203
301353	8.068984
301355	9.661019
301356	4.550768
301357	4.7463326
301358	5.4839544
301359	4.3217287
301360	1.9809883
301361	6.817856
301362	4.278029
301363	9.502288
301365	10.454929
301366	2.8047078
301367	3.511565
301368	5.580971
301369	5.0427527
301370	5.148761
301371	5.738938
301372	5.1467853
301373	4.3213534
301376	5.14644
301377	6.436172
301378	3.7189589
301379	6.4176717
301380	8.75599
301381	4.384936
301382	-12.65362
301383	-2.5286095
301386	5.2036395
301387	2.97229
301388	5.1506076
301389	6.667469
301390	5.527689
301391	3.717664
301393	4.5471025
301395	5.5056243
301396	8.318974
301397	8.076129
301398	3.510551
301399	7.6557302
301408	5.1479406
301413	9.068506
301418	8.069512
301419	4.6712055
301421	4.010549
301428	8.123807
301429	5.4965196
301439	5.4857974
301446	8.736069
301448	5.488342
301456	7.069887
301459	3.7191203
301468	4.321462
301469	8.069618
301486	-6.1497755
301487	7.858467
301488	4.563199
301489	-1.2426481
301498	-3.600686
301499	5.1682034
301500	5.944355
301502	3.31388
301503	7.018067
301505	8.068698
301507	7.908841
301508	5.3980923
301509	4.600728
301510	8.249872
301511	5.408284
301512	3.8377175
301515	5.1682053
301516	7.864685
301517	-1.597807
301518	7.8934817
301519	9.654404
301520	4.7362547
301525	3.7061114
301526	4.326839
301528	4.7358947
301529	6.4441233
301533	7.893203
301536	4.0402856
301538	4.6643734
301548	3.50606
301550	-8.348644
301555	7.1701865
301558	5.157336
301559	8.67382
301566	8.069615
301567	3.833358
301568	8.857893
301577	3.7190835
301578	5.9198313
301587	5.351072
301588	4.3213525
301589	6.6158977
301591	5.5182285
600000	6.8586693
600004	7.748318
600006	7.9885955
600007	11.082075
600008	8.519244
600009	5.3308043
600010	11.143006
600011	5.30983
600012	6.7696476
600015	7.707814
600016	5.435547
600017	9.362415
600018	3.6976058
600019	6.9996815
600020	0.14599276
600021	4.321352
600022	9.7640085
600023	8.398917
600025	9.481821
600026	0.25757346
600027	6.755193
600028	-15.312665
600029	7.864558
600030	8.661743
600031	7.9057264
600032	4.244738
600033	7.0531693
600035	10.4892
600036	9.240241
600037	3.3958356
600038	5.93512
600039	5.3100233
600048	2.3172822
600050	-22.23856
600051	7.1411695
600052	5.4900923
600053	5.5767694
600054	3.971047
600055	8.845837
600056	6.031853
600057	2.0251472
600058	5.0831842
600059	8.029599
600060	7.7360916
600061	9.48875
600062	-33.59236
600063	5.321705
600064	9.735966
600066	6.8942313
600067	2.1527185
600070	-35.019184
600071	7.8574805
600072	3.7191195
600073	9.757141
600075	-17.129335
600076	6.812169
600078	4.491871
600079	-13.218735
600080	5.3482456
600081	4.504198
600082	8.999704
600083	11.190055
600084	9.401587
600085	5.851599
600088	3.719123
600089	6.031282
600094	7.057523
600095	8.035493
600096	8.490631
600097	5.824829
600098	7.0199904
600099	12.350141
600100	7.7802854
600101	4.723525
600103	6.68189
600104	6.589144
600105	-4.6781206
600106	5.4926066
600107	10.181495
600108	9.193375
600109	7.803917
600110	3.7238207
600111	7.294637
600113	4.084595
600114	7.751145
600115	7.0974984
600116	5.2001023
600117	8.292907
600118	7.542754
600119	5.2482543
600120	8.40071
600121	7.83775
600123	1.6756328
600125	-2.2151964
600126	6.816164
600127	5.431406
600128	7.2996345
600129	6.2929454
600130	12.078705
600131	-14.070601
600132	3.7195616
600133	8.5219
600135	8.340808
600136	7.088378
600137	6.678785
600138	5.309985
600141	6.839816
600143	1.9062145
600148	3.7027311
600149	4.7575994
600150	5.2965403
600151	6.166353
600152	7.2402606
600153	3.7213295
600155	6.0317554
600156	9.070833
600157	3.6536837
600158	3.719169
600159	4.386459
600160	5.3772535
600161	9.026801
600162	7.727697
600163	5.930288
600165	10.855325
600166	7.1813545
600167	-10.302489
600168	4.7321105
600169	8.97024
600170	4.007945
600171	-10.3012295
600172	3.1398525
600173	4.327714
600176	10.165962
600177	4.084564
600178	8.06924
600179	7.18121
600180	5.349394
600182	8.869849
600183	5.3668404
600184	9.653502
600185	4.528103
600186	4.6035833
600187	-33.515507
600188	5.213476
600189	7.844506
600190	8.921422
600191	5.2833056
600192	9.110717
600193	11.168513
600195	4.878256
600196	10.13604
600197	5.3221693
600198	9.582735
600199	5.309903
600200	3.890268
600201	3.7191212
600202	6.4227757
600203	6.505161
600206	4.709611
600207	5.1632147
600208	3.7416725
600210	6.3377085
600211	5.8797927
600212	5.4751396
600215	5.475139
600216	1.9077195
600217	8.573294
600218	5.4901557
600219	8.588944
600221	6.3593063
600222	6.049966
600223	8.962366
600225	4.321367
600226	9.510536
600227	8.650042
600228	0.8376016
600229	8.533687
600230	8.299132
600231	-2.861572
600232	10.461159
600233	-11.9925
600234	-0.40178153
600235	4.467156
600236	5.334217
600237	4.3254323
600238	7.8934035
600239	3.7284815
600241	5.503814
600243	11.142462
600246	2.2142355
600248	7.5149236
600249	6.8112683
600250	5.233571
600251	7.485509
600252	-17.656336
600255	5.5115647
600256	5.9907055
600257	7.983513
600258	5.945086
600259	4.3113227
600261	2.1283379
600262	10.947398
600265	8.432605
600266	8.638315
600267	9.644294
600268	2.3617315
600269	3.9924757
600271	5.3742676
600272	8.982379
600273	9.104694
600276	-38.594124
600278	7.3636084
600279	9.910559
600280	8.730209
600281	9.687585
600282	6.2445
600283	4.3217645
600284	7.8806105
600285	-36.0341
600287	8.0454035
600288	9.438975
600289	5.3639007
600292	6.929358
600293	5.5034056
600295	5.3754435
600298	8.3805
600299	8.31159
600300	5.134002
600301	6.4217257
600302	8.618909
600303	5.4970756
600305	6.702887
600307	8.646823
600308	2.2176378
600309	5.1858416
600310	3.7310193
600312	6.5102754
600313	8.192887
600315	5.309925
600316	-11.146927
600318	4.3213167
600319	0.6862982
600320	3.5848858
600322	8.377281
600323	6.60447
600325	3.7191203
600326	1.9062371
600327	4.3728843
600328	2.1792243
600329	4.832115
600330	5.4916606
600331	5.3097954
600332	10.444326
600333	8.630767
600335	7.8354535
600336	10.389339
600337	5.294705
600338	5.153092
600339	8.762717
600340	10.873168
600343	9.7970085
600345	8.069586
600346	5.3127875
600348	4.786146
600350	7.354329
600351	4.851497
600352	5.105364
600353	3.7219722
600354	6.5127654
600355	7.242987
600356	9.138022
600358	8.652749
600359	11.85768
600360	7.302679
600361	5.1568723
600362	3.9302344
600363	7.4339023
600365	10.109571
600366	3.7315295
600367	3.7222257
600368	9.458437
600369	8.770386
600370	6.4483137
600371	4.4743414
600372	8.916127
600373	-0.49730718
600375	9.696002
600376	10.228133
600377	-2.1344855
600378	7.632821
600379	8.517679
600380	5.6742387
600381	9.320822
600382	5.447047
600383	-5.427971
600386	9.644273
600387	5.8431134
600388	5.3103385
600389	5.4291124
600390	8.598882
600391	-1.3867995
600392	3.7220979
600395	9.844209
600396	5.510083
600397	6.7128773
600398	4.560499
600399	6.467482
600400	9.56703
600403	9.925941
600405	7.1352253
600406	9.983948
600408	4.383173
600409	3.7191203
600410	5.069644
600415	-34.353325
600416	7.8058724
600418	1.9083216
600419	7.5890584
600420	4.677366
600421	1.7814828
600422	3.9267104
600423	9.059556
600425	10.547208
600426	5.242333
600428	4.015485
600429	4.694293
600433	4.2175035
600435	9.539568
600436	9.481727
600438	8.293186
600439	5.295097
600444	8.93327
600446	2.1180744
600448	7.781553
600449	4.775868
600452	-0.95298374
600455	9.078985
600456	-7.5628037
600458	4.1659245
600459	5.30975
600460	5.886723
600461	4.448136
600462	7.8688574
600463	9.858677
600467	9.809349
600468	3.7996163
600469	5.4618363
600470	8.641289
600475	7.3126802
600476	8.875234
600477	3.7246144
600478	4.9221506
600479	9.786514
600480	5.4971185
600481	3.7191212
600482	-1.2246252
600483	5.3112154
600486	7.873165
600487	3.71912
600488	8.824865
600489	-8.160333
600490	5.497229
600491	9.10992
600493	8.147335
600495	8.795241
600496	7.142971
600497	6.998823
600498	7.7963066
600499	3.7193992
600500	6.652938
600501	-11.122205
600502	-1.4124571
600503	4.448016
600505	7.876117
600506	5.4883423
600507	6.9904222
600508	5.258999
600509	7.076867
600510	6.145908
600511	5.518429
600512	9.464349
600513	5.1886287
600515	8.6849785
600516	8.167502
600517	10.374937
600518	4.061837
600519	8.583488
600520	-10.519273
600521	11.026996
600522	3.7191195
600523	7.3020883
600525	-7.1575828
600526	8.068903
600527	3.769144
600528	9.605039
600529	2.2570596
600530	9.412904
600531	3.5077431
600533	4.856863
600535	-7.712107
600536	10.126333
600537	4.32135
600538	7.105278
600539	6.4005017
600540	9.399523
600543	3.2200553
600545	4.52686
600546	5.3100333
600547	-14.652829
600548	-17.546629
600549	8.216002
600550	3.9021568
600551	2.6713202
600552	-23.334217
600556	7.3033395
600557	3.7191768
600558	8.353549
600559	3.704221
600560	3.7191203
600561	9.051931
600562	3.903208
600563	3.710788
600566	3.968369
600567	9.0541315
600568	8.292914
600569	7.502292
600570	4.100431
600571	3.7191195
600572	2.956999
600573	8.552791
600575	-5.159586
600576	10.053649
600577	-6.211267
600578	7.545736
600579	8.169904
600580	4.725602
600581	12.011509
600582	6.236951
600583	5.4741154
600584	6.3695383
600585	5.517735
600586	7.634903
600587	-2.1525185
600588	4.035681
600589	5.490522
600590	10.039602
600592	11.184722
600593	5.4883413
600594	6.348719
600595	6.8243685
600596	3.6406806
600597	4.7821293
600598	10.479925
600599	-15.268034
600600	5.365143
600601	3.507153
600602	3.71945
600603	1.0841668
600604	6.8581076
600605	-4.2266774
600606	5.210967
600608	-10.30143
600609	5.377134
600610	3.7191203
600611	4.685717
600612	5.318898
600613	1.5657301
600615	2.1208665
600616	3.8510213
600617	6.346456
600618	5.3127723
600619	3.8921869
600620	4.168785
600621	5.855899
600622	3.7193418
600623	6.065264
600624	5.166991
600626	8.0020075
600628	9.794787
600629	3.909337
600630	5.3962703
600633	8.344725
600635	-9.758216
600636	8.025929
600637	9.653437
600638	5.689623
600639	6.673417
600640	4.7344155
600641	3.71962
600642	8.687482
600643	1.804303
600644	4.7478733
600645	10.492983
600648	8.380504
600649	4.379069
600650	-13.023206
600651	9.884521
600653	-2.212477
600654	5.3103676
600655	8.930696
600657	3.8203897
600658	4.3213515
600660	7.4854584
600661	2.432337
600662	5.8286004
600663	5.380822
600664	6.376774
600665	5.4730277
600666	8.946026
600667	5.529466
600668	-0.5723856
600671	4.348227
600673	5.1611123
600674	5.4266305
600675	5.470763
600676	5.5615067
600678	10.996702
600679	8.178684
600681	8.549315
600682	2.3090904
600683	5.493654
600684	8.864475
600685	3.71912
600686	-11.524926
600688	8.076741
600689	6.9323645
600690	5.308654
600691	5.4974627
600692	4.705819
600693	8.711402
600694	5.33952
600696	8.458861
600697	6.872145
600698	11.1593895
600699	3.9985487
600702	3.5060961
600703	5.30982
600704	5.4248867
600705	6.7855086
600706	4.3213496
600707	10.199387
600708	9.082064
600710	7.580801
600711	4.621697
600712	4.3235927
600713	9.075318
600714	4.2461386
600715	9.393646
600716	6.2948127
600717	9.499236
600718	2.539181
600719	7.4880114
600720	5.313672
600721	7.3733163
600722	7.0009665
600724	4.551472
600725	4.630822
600726	4.903305
600727	6.5271225
600728	6.631166
600729	3.7192388
600730	11.200995
600731	4.6438046
600732	4.736205
600733	4.803774
600734	9.012891
600735	4.507691
600736	6.3741083
600737	7.8255982
600738	5.172718
600739	3.7191203
600740	5.4455247
600741	5.9215503
600742	5.2201223
600743	11.271401
600744	5.497076
600745	3.71912
600746	5.424468
600748	6.205372
600749	7.810599
600750	3.711074
600751	7.9701204
600753	9.589297
600754	6.749954
600755	3.7233872
600756	6.868079
600757	3.555005
600758	11.267128
600759	6.453586
600760	10.204786
600761	3.3916075
600763	9.179799
600764	7.2972584
600765	2.3098757
600768	9.213383
600769	7.7986045
600770	3.8953145
600771	7.787996
600773	3.721028
600774	3.9176877
600775	7.922335
600776	3.585952
600778	-0.5219395
600779	5.309782
600780	-13.8774805
600782	5.309809
600783	8.719236
600784	10.424093
600785	6.092161
600787	3.6454108
600789	7.556968
600790	6.64172
600791	8.121193
600792	9.076142
600793	8.375286
600794	4.5784526
600795	3.7235186
600796	3.7467363
600797	-1.4044822
600798	7.445523
600800	4.6120734
600801	3.5061266
600802	4.900412
600803	6.5767207
600804	8.798162
600805	2.2946012
600807	8.069568
600808	6.4537387
600809	5.258621
600810	10.975087
600811	4.8569827
600812	9.499206
600814	3.7238152
600815	7.852845
600816	5.3211555
600817	5.717964
600818	10.040775
600819	6.4921913
600820	10.267126
600821	6.797502
600822	7.952944
600824	9.338737
600825	6.5859966
600826	8.122118
600827	7.696597
600828	4.203012
600829	3.7206085
600830	-0.8555843
600831	8.23758
600833	7.5514545
600834	9.483737
600835	-3.532772
600837	9.527223
600838	5.226542
600839	4.0657334
600841	7.8841147
600843	9.492031
600844	8.237141
600845	8.327612
600846	9.643766
600847	-1.1972306
600848	7.9716635
600850	4.1105037
600851	1.3463781
600853	10.311689
600854	10.698066
600855	7.5866685
600857	8.116734
600858	6.544074
600859	5.7509713
600860	4.7451835
600861	6.296897
600862	6.6222672
600863	5.2113004
600864	6.300243
600865	5.0851545
600866	4.737283
600867	10.230118
600868	8.789951
600869	2.8778796
600871	10.521704
600872	3.7376084
600873	8.527962
600874	8.725821
600875	3.7191274
600876	4.3152895
600877	6.511642
600879	7.866566
600880	5.1534963
600881	2.2917736
600882	5.5118475
600883	5.499996
600884	3.71912
600885	4.333604
600886	5.204825
600887	5.3099046
600888	5.155126
600889	10.258402
600892	9.00626
600893	7.8464913
600894	4.0269985
600895	4.761089
600897	5.240013
600898	4.573498
600900	10.203007
600901	5.5128903
600903	8.591521
600905	9.482956
600906	11.297131
600908	0.6132102
600909	9.198319
600916	6.4844866
600917	5.8331995
600918	8.129634
600919	-11.589656
600925	8.305468
600926	-2.2932925
600927	6.289888
600928	9.196886
600929	7.4033017
600933	5.4001055
600935	5.1523905
600936	8.749521
600938	4.694474
600939	11.14593
600941	6.329436
600955	5.5788155
600956	7.1625857
600958	9.482166
600959	11.273734
600960	7.5705395
600961	4.259238
600962	10.56522
600963	9.43879
600965	4.704687
600966	4.5363793
600967	6.3895516
600968	9.016829
600969	9.625397
600970	3.8662558
600971	3.71912
600973	8.723955
600975	3.665977
600976	5.3102403
600977	6.469137
600979	4.326483
600980	11.278718
600981	4.1933126
600982	4.769855
600983	6.730386
600984	8.613466
600985	3.014976
600986	10.116471
600987	5.337962
600988	-4.06886
600989	10.177434
600990	3.427755
600992	4.32135
600993	4.112517
600995	2.090608
600996	10.868075
600997	4.354429
600998	-4.228966
600999	6.2806344
601000	1.9752529
601001	3.7218428
601002	9.215868
601003	5.4075527
601005	8.489493
601006	9.659764
601007	1.1029874
601008	8.226028
601009	-5.5529666
601010	5.460952
601011	9.469872
601012	3.7191637
601015	9.41118
601016	4.8130193
601018	10.271334
601019	8.493704
601020	10.343809
601021	6.1216245
601022	4.32135
601028	8.071375
601033	5.4883423
601038	9.455898
601058	3.9277582
601059	5.4659314
601061	5.1330996
601065	4.753762
601066	7.931986
601068	6.663694
601069	7.8333983
601077	9.497766
601083	6.6537604
601086	4.2444043
601088	9.062069
601089	9.480543
601096	4.3213534
601098	9.474186
601099	5.141889
601100	10.198261
601101	5.3543725
601106	9.476747
601107	-15.572164
601108	4.454725
601111	4.9989567
601113	5.75531
601116	4.7626405
601117	5.487078
601118	5.5126843
601121	4.32136
601126	7.6588454
601127	2.1020257
601128	4.024345
601133	4.325343
601136	5.2806973
601137	5.500406
601138	8.273054
601139	10.219887
601155	7.640072
601156	6.9993834
601158	10.405436
601162	9.486941
601163	4.3250127
601166	-1.4134693
601168	8.567764
601169	11.942741
601177	9.355918
601179	8.181047
601186	0.3714693
601187	10.961416
601188	5.1537256
601198	7.7219877
601199	6.8312354
601200	10.727279
601208	7.2052584
601211	10.794492
601212	6.882514
601216	8.739359
601218	4.138667
601222	-34.260456
601225	8.649658
601226	6.6366754
601228	9.469353
601229	-10.591495
601231	5.1683836
601233	2.7680404
601236	7.7728257
601238	7.828433
601279	8.06803
601288	2.613805
601298	-33.003185
601311	5.604027
601318	-21.55083
601319	-15.859929
601326	9.481993
601328	4.5456715
601330	6.4115543
601333	9.479515
601336	2.155913
601339	7.7402034
601360	5.447578
601366	7.0155272
601368	6.027084
601369	4.246492
601375	9.323814
601377	11.2487335
601388	8.111884
601390	11.019716
601398	-19.894949
601399	9.517025
601456	7.468792
601500	4.2627325
601512	8.102857
601515	4.453704
601518	9.362391
601519	8.795802
601528	10.844524
601555	8.732809
601566	7.9446454
601567	4.4334173
601568	9.38842
601577	-0.06381981
601579	4.329374
601588	9.018664
601595	8.084302
601598	6.4538903
601599	-11.533948
601600	7.134783
601601	-1.8030229
601606	9.319355
601607	7.831951
601608	8.416502
601609	8.145898
601611	6.123656
601615	4.321351
601616	4.7998857
601618	9.557776
601619	6.465097
601628	9.52407
601633	6.323706
601636	6.3408527
601658	-10.834269
601665	9.78201
601666	6.152143
601668	6.809381
601669	9.143989
601677	7.138339
601678	5.29109
601686	10.90176
601688	9.871162
601689	5.3101516
601696	9.285767
601698	11.0046
601699	1.1829952
601700	5.5032077
601702	4.5429606
601717	4.995704
601718	8.723793
601727	7.9140058
601728	10.475917
601766	-15.456771
601777	7.6870675
601778	8.648623
601788	9.776361
601789	4.5704193
601798	6.7580686
601799	5.1673512
601800	-34.415848
601801	8.353019
601808	5.4788194
601811	9.346063
601816	9.413969
601818	-13.92929
601825	-13.4966755
601827	8.733623
601828	4.321637
601838	0.612248
601857	-1.9553287
601858	4.321362
601860	9.793845
601865	4.321349
601866	7.692984
601868	10.040523
601869	6.8671165
601872	-40.38776
601877	5.3097625
601878	8.76127
601880	9.392109
601881	7.8749795
601882	9.299918
601886	5.4829326
601888	4.5130725
601890	6.410474
601898	6.3194695
601899	1.081066
601900	10.456167
601901	4.32135
601908	4.3213544
601916	8.4511385
601918	9.367896
601919	5.356173
601921	8.71171
601928	9.143288
601929	12.266649
601933	11.810688
601939	-15.941636
601949	8.441127
601952	8.755301
601956	4.3299804
601958	5.5201106
601963	8.634634
601965	4.8764467
601966	5.507054
601968	8.231102
601969	6.461433
601975	6.464953
601985	11.1916895
601988	-13.364747
601989	12.260996
601990	9.5845375
601991	5.4970765
601992	4.331781
601995	7.4914603
601996	4.197779
601997	9.282625
601998	6.6586885
601999	7.295375
603000	3.7191248
603001	6.2133827
603002	8.068761
603003	8.741425
603004	8.066386
603005	4.481068
603006	1.1686031
603007	7.8869433
603008	7.0303144
603009	5.8553047
603010	5.311409
603011	4.613252
603012	8.72292
603013	5.3019547
603015	4.7815943
603016	8.068003
603017	4.7403264
603018	8.651506
603019	3.7192972
603020	5.401736
603021	10.434003
603022	4.2629366
603023	8.427304
603025	5.3100305
603026	5.4900923
603027	8.322399
603028	11.152525
603029	4.3214636
603030	4.324733
603031	3.7148812
603032	4.8407826
603033	5.3098097
603035	5.901759
603036	4.035403
603037	3.4590056
603038	-15.546437
603039	5.317703
603040	5.180147
603041	7.149251
603042	7.584334
603043	4.579509
603045	4.3516765
603048	5.483954
603050	-10.302029
603051	4.3178916
603052	6.164617
603053	6.4649377
603055	9.655871
603056	5.2643294
603057	10.406471
603058	5.154116
603059	9.629114
603060	5.8108716
603061	6.0543995
603062	7.8858113
603063	5.493872
603065	5.43279
603066	4.689386
603067	8.725957
603068	4.322222
603069	8.06953
603070	6.2933445
603071	5.4995894
603073	5.474989
603075	5.6483717
603076	5.4773793
603077	6.9044952
603078	5.3100863
603079	8.264589
603080	5.831899
603081	5.1650066
603082	8.63016
603083	3.7191195
603085	4.6087246
603086	7.1995425
603087	3.7190795
603088	3.500662
603089	4.3293443
603090	5.497076
603093	4.7539754
603095	9.482223
603096	4.722877
603097	4.32135
603098	4.3223977
603099	9.405453
603100	5.885703
603101	4.559869
603102	8.310369
603103	6.756956
603105	4.3214316
603106	9.473212
603107	8.08527
603108	3.7191226
603109	4.3466797
603110	5.502792
603111	4.830899
603112	6.6833506
603113	6.4707456
603115	5.0857797
603116	9.059221
603117	7.092098
603118	-20.42173
603119	6.46335
603121	11.016298
603122	8.656845
603123	8.179881
603125	5.4883423
603126	5.5613446
603127	4.4639397
603128	6.6521306
603129	2.3588645
603130	7.037662
603131	-1.0389562
603132	6.457894
603135	5.44371
603136	5.5036616
603137	9.547623
603138	6.771387
603139	7.8393807
603150	4.543857
603151	6.681715
603153	6.378351
603155	7.76929
603156	7.897824
603158	6.7998857
603159	8.651286
603160	-1.239736
603161	5.504303
603162	7.8922896
603163	7.0073776
603165	5.421746
603166	7.165273
603167	5.516331
603168	8.05386
603169	5.1583705
603170	5.488045
603171	6.974172
603172	10.226817
603173	5.4707294
603176	0.77742326
603177	4.32135
603178	6.488551
603179	5.3097486
603180	6.681961
603181	8.577656
603182	8.609907
603183	8.752425
603185	4.7521386
603186	8.690187
603187	4.8380375
603188	9.704468
603189	6.7960057
603190	4.32135
603191	4.3213496
603192	10.38303
603193	4.3213925
603195	8.2919235
603196	-19.281818
603197	5.2905936
603198	-0.39976138
603199	-16.82945
603200	4.333488
603201	5.4927163
603203	3.739163
603206	10.732532
603208	9.043237
603209	9.464822
603211	7.7589984
603212	5.1474385
603213	4.327741
603214	5.479484
603215	11.132316
603216	7.4165454
603217	7.791583
603218	4.383985
603219	10.817314
603220	6.4543757
603221	4.3415656
603222	5.489429
603223	-30.651392
603225	6.4728646
603226	5.497076
603227	11.232323
603228	4.5528865
603229	4.6094446
603230	8.642193
603231	8.074034
603232	6.096585
603233	4.1599374
603235	9.851411
603236	3.7236478
603237	6.9285345
603238	9.039018
603239	3.7198737
603255	9.290292
603256	7.7226543
603258	6.6614223
603259	4.8595443
603260	10.116084
603261	9.026776
603266	5.4972243
603267	6.872641
603268	9.5958185
603269	7.87775
603270	5.146986
603272	8.914856
603273	5.448342
603275	5.497024
603276	4.3213477
603277	5.2059674
603278	5.3642898
603279	4.282112
603280	7.3697157
603281	9.391625
603282	8.0668545
603283	7.0882263
603286	8.014343
603288	10.266126
603289	4.323912
603290	4.7352867
603291	5.1510124
603296	7.302635
603297	-4.0237813
603298	-5.4631777
603299	4.254521
603300	5.496924
603301	5.3098164
603303	4.961535
603305	6.45883
603306	3.7191203
603307	8.069599
603308	6.4402204
603309	5.4858236
603311	5.1142254
603312	10.184214
603313	6.4638114
603315	4.372229
603316	6.8054605
603317	4.2900825
603318	4.3494396
603319	6.9410706
603320	4.3244066
603321	4.885332
603322	3.5061219
603323	9.189398
603324	9.286037
603325	3.722925
603326	7.15982
603327	5.5189624
603328	6.4508066
603329	7.415095
603330	8.116477
603331	5.5051274
603332	5.5055866
603333	6.6996684
603335	10.640168
603336	9.481082
603337	2.3167584
603338	4.0776777
603339	5.854785
603341	1.9586109
603344	4.321349
603345	3.8911932
603348	6.464287
603351	5.546932
603353	5.4980087
603355	4.9698696
603356	5.8851624
603357	4.363278
603358	-0.15076125
603359	2.905801
603360	-3.7162163
603363	6.4381638
603365	3.758772
603366	11.271035
603367	9.671777
603368	5.310027
603369	3.71912
603373	7.958677
603375	3.8019125
603377	5.7863216
603378	10.927464
603379	7.7014823
603380	4.322365
603383	3.7094326
603385	4.685829
603386	8.064646
603387	1.7119039
603388	-0.69349396
603389	9.480661
603390	11.053827
603392	10.241406
603393	-6.6620727
603396	3.5131278
603398	1.505322
603399	4.321868
603408	4.657072
603416	1.3364378
603421	4.322352
603429	6.0973687
603439	6.46654
603444	6.42541
603456	4.7377577
603458	9.482163
603466	5.554894
603477	8.623723
603486	5.353686
603488	9.00648
603489	4.441877
603496	8.145822
603499	9.610291
603500	4.32135
603501	5.6001425
603505	5.314393
603506	4.32135
603507	5.4927163
603508	9.158221
603511	4.5359793
603515	4.4487724
603516	5.655845
603517	4.322232
603518	4.32135
603519	3.7541351
603520	6.4651623
603527	5.5059257
603528	7.718499
603529	6.479506
603530	4.321352
603533	5.496752
603535	4.3059483
603536	7.867768
603538	4.3315268
603551	4.849439
603556	-37.918446
603557	8.665304
603558	6.513067
603559	-19.260952
603565	7.8831
603566	5.412717
603567	6.910896
603568	6.410222
603569	5.2535124
603577	7.549539
603578	4.328494
603579	3.719549
603580	3.8647335
603583	3.7191203
603585	9.687594
603586	9.689853
603587	9.319942
603588	7.080623
603589	6.1450195
603590	5.637815
603595	5.479701
603596	7.1563587
603598	4.2376275
603599	5.6985955
603600	5.3977
603601	4.8361144
603602	6.843647
603605	5.4324512
603606	3.3886142
603607	7.783565
603608	9.661002
603609	8.511532
603610	5.3441
603611	3.7445257
603612	6.480811
603613	7.663032
603615	4.005915
603616	6.9155955
603617	6.7067404
603618	4.4540377
603619	4.468476
603626	7.0996504
603628	7.6859517
603629	5.503104
603630	5.482203
603633	6.3983555
603636	-1.0622835
603637	9.983443
603638	9.513424
603639	-23.953703
603648	6.9741488
603650	5.2076464
603655	5.499225
603656	4.3192663
603657	7.855709
603658	5.1549144
603659	3.7191203
603660	8.210241
603661	3.7191203
603662	-4.648938
603663	-7.569581
603665	8.027414
603666	-3.2656138
603667	8.068427
603668	4.32135
603669	7.7073274
603676	8.178725
603677	5.498072
603678	4.7208133
603679	8.265724
603680	8.620473
603681	5.507831
603682	4.321466
603683	5.50377
603685	7.20502
603686	7.996277
603687	7.1266274
603688	3.719071
603689	6.621893
603690	5.497076
603693	5.234036
603696	8.666957
603697	8.992837
603698	11.12206
603699	7.872505
603700	9.245758
603701	9.146645
603703	5.5353665
603706	4.321469
603707	7.5747385
603708	5.103089
603709	6.5649643
603711	4.9493375
603712	7.2380085
603713	5.4223766
603716	9.533071
603717	5.227548
603718	10.561267
603719	4.32135
603721	7.227296
603722	3.7155554
603725	6.5829077
603726	9.889246
603727	5.2384076
603728	5.5519924
603729	4.5641255
603730	8.075901
603733	7.0934167
603737	3.503138
603738	3.8585389
603739	8.067441
603755	-14.058395
603757	5.309811
603758	4.325437
603759	4.304287
603766	9.446902
603767	4.32135
603768	11.131525
603773	3.718299
603776	8.027812
603777	7.142274
603778	7.7848864
603779	5.4473853
603786	5.364322
603787	4.24434
603788	4.327739
603789	5.1505685
603790	8.06607
603797	4.1363854
603798	4.3263855
603799	3.7192452
603800	4.3213515
603801	3.721699
603803	11.403294
603806	3.8792624
603808	8.5653105
603809	3.8966544
603810	7.5902557
603811	8.642509
603813	4.144123
603815	4.208408
603816	6.565618
603817	10.887507
603818	4.433251
603819	6.4542036
603822	7.0515137
603823	4.3259983
603825	4.2326646
603826	-28.49158
603828	10.102876
603829	7.5875235
603833	6.048215
603836	4.3114767
603838	4.3220067
603839	11.371714
603843	9.71816
603848	8.076883
603855	7.7894764
603856	8.140852
603858	4.982561
603859	6.4651623
603860	7.853859
603861	4.3346577
603863	5.264774
603866	9.329713
603867	5.396323
603868	5.3205104
603869	11.388996
603871	5.9046516
603876	5.2342725
603877	4.2036395
603878	4.32135
603879	8.886835
603880	6.752364
603881	5.549122
603882	5.5057807
603883	5.313554
603885	6.7258606
603886	4.321665
603887	10.8082285
603888	5.309917
603889	-2.8533645
603890	9.313503
603893	4.6984353
603895	9.482894
603896	5.4957185
603897	4.0667505
603898	8.068422
603899	7.7465863
603900	9.515109
603901	5.4786825
603903	7.7680902
603906	5.497076
603908	4.5733676
603909	4.32135
603912	4.322965
603915	5.497076
603916	11.15273
603917	9.4458
603918	5.4972706
603919	5.729631
603920	8.726521
603922	6.465122
603926	5.889768
603927	5.3100247
603928	8.417923
603929	5.4971657
603931	4.767022
603933	4.343365
603936	4.2397375
603937	9.578468
603938	5.4402766
603939	7.178122
603948	4.335905
603949	5.497076
603950	4.6012197
603955	5.083874
603956	4.3221197
603958	11.287965
603959	11.318961
603960	4.4413385
603963	9.7564945
603966	11.119957
603967	7.173352
603968	4.3214154
603969	6.115522
603970	5.1727614
603976	5.717978
603977	9.627281
603978	11.294202
603979	-8.054307
603980	0.7853349
603982	5.1499476
603983	5.1475673
603985	3.7188063
603986	5.491746
603987	6.440211
603988	-15.172126
603989	5.234119
603990	6.848881
603991	-2.6993632
603992	6.9502873
603993	9.430324
603995	5.6886497
603997	11.27177
603998	2.5293353
603999	8.664166
605001	7.493988
605003	6.673016
605005	9.299327
605006	10.252872
605007	5.337094
605008	6.614044
605009	5.310916
605011	5.146304
605016	5.5141063
605018	6.4565544
605020	5.7266645
605028	9.008308
605033	4.2411466
605050	5.4970775
605055	8.125914
605056	6.1943007
605058	7.028991
605060	4.454849
605066	-3.5832722
605068	7.070822
605069	4.4021406
605077	5.3098116
605080	4.322557
605081	8.069598
605086	4.321358
605088	4.8758974
605089	5.2292013
605090	3.7134945
605098	-8.411559
605099	4.245711
605100	5.242766
605108	7.8662806
605111	4.7324266
605116	4.317042
605117	3.9233081
605118	5.784556
605122	8.0666275
605123	3.719307
605128	5.645851
605133	5.1483884
605136	5.1212
605138	7.3058405
605151	6.4466085
605155	9.348298
605158	9.993038
605162	4.3213515
605166	4.3742423
605167	9.479637
605168	3.757451
605169	7.085489
605177	9.062644
605178	9.749618
605179	4.3216386
605180	4.3276415
605183	-14.452672
605186	5.147672
605188	5.4795985
605189	8.633215
605196	4.32135
605198	5.13362
605199	6.259949
605208	8.157379
605218	8.919773
605222	8.1326885
605228	4.322277
605255	9.614059
605258	6.4653583
605259	8.407894
605266	3.7191203
605268	6.468026
605277	6.9552436
605286	4.3213515
605287	6.5067225
605288	7.301465
605289	5.4751396
605296	4.695531
605298	7.2290077
605299	8.026045
605300	5.11414
605303	4.528918
605305	3.7191203
605318	9.007266
605319	4.7378006
605333	7.0697117
605336	7.273411
605337	5.4302077
605338	4.87942
605339	7.8804464
605358	7.398415
605365	6.0171437
605366	4.293016
605368	-0.65799695
605369	9.620423
605376	8.069613
605377	5.4969687
605378	4.3213563
605388	4.3277373
605389	4.4114037
605398	2.445101
605399	4.32135
605488	7.003465
605499	8.420948
605500	5.3257065
605507	8.337655
605555	7.2034454
605566	8.676017
605567	5.150254
605577	4.4257946
605580	4.5340548
605588	4.478593
605589	5.2874036
605598	5.250295
605599	5.420083
688001	7.7957134
688002	5.4900923
688003	5.1172953
688004	8.605908
688005	4.325474
688006	4.3137765
688007	8.148485
688008	3.9241748
688009	11.766886
688010	4.6543937
688011	5.5055523
688012	3.634406
688013	9.733302
688015	5.162313
688016	3.5788763
688017	3.6851468
688018	6.9765086
688019	3.7191203
688020	5.081579
688021	4.32135
688022	6.7617507
688023	1.9000841
688025	7.789638
688026	8.412055
688027	6.4588203
688028	4.321351
688029	3.7232046
688030	8.614596
688031	5.497075
688032	-8.844836
688033	4.321364
688035	5.4883423
688036	-21.71888
688037	3.7170887
688038	10.751452
688039	5.4927163
688041	2.0471165
688045	5.488359
688046	6.22036
688047	5.5670233
688048	3.7191002
688049	7.907215
688050	8.181702
688051	5.49559
688052	8.364052
688053	4.3214436
688055	6.4410715
688056	6.4654536
688057	9.677802
688058	3.7196672
688059	3.5074925
688060	5.440365
688061	3.7191203
688062	8.063245
688063	6.5318046
688065	6.2968063
688066	5.1471863
688067	6.2011933
688068	10.485977
688069	6.9124646
688070	8.066479
688071	5.1566987
688072	3.7207465
688073	5.325036
688075	-3.6168694
688076	1.6047639
688077	4.3397217
688078	8.441687
688079	4.168322
688080	4.6974664
688081	5.5009484
688082	6.4249997
688083	-13.369501
688084	3.8023922
688085	7.9650383
688087	10.975644
688088	7.0806437
688089	9.460456
688090	-15.617213
688091	0.660204
688092	5.4900923
688093	5.502841
688095	6.166932
688096	11.028038
688097	7.360051
688098	4.326228
688099	5.534569
688100	9.162551
688101	9.681814
688102	7.9707136
688103	6.0937533
688105	4.5926456
688106	4.32217
688107	5.006358
688108	4.32135
688109	3.549877
688110	10.037855
688111	9.631482
688112	4.5919385
688113	4.2820063
688114	4.915539
688115	9.969924
688116	4.9882674
688117	-28.039444
688118	5.798641
688119	7.591893
688120	3.7191308
688121	4.321408
688122	4.2325253
688123	4.897684
688125	4.2398686
688126	1.8038937
688127	8.597567
688128	6.453783
688129	2.2605767
688130	4.353555
688131	4.7341547
688132	5.4943676
688133	7.8819914
688135	7.0906286
688136	6.5326257
688137	5.9660115
688138	4.3220835
688139	5.479554
688141	7.915263
688143	8.893763
688146	5.4830637
688147	8.064369
688148	4.3284655
688150	4.271743
688151	9.799818
688152	-1.900588
688153	5.4970756
688155	5.3604693
688156	6.4650736
688157	-37.258167
688158	7.099162
688159	5.1453667
688160	3.715964
688161	5.111619
688162	5.5077357
688163	9.271139
688165	10.099767
688166	5.4971685
688167	3.71912
688168	-6.180817
688169	7.6883125
688170	11.159251
688171	5.497084
688172	4.879115
688173	6.7618675
688175	4.6401224
688176	4.3278217
688177	7.0572276
688178	4.5225024
688179	5.3963313
688180	7.0727468
688181	5.4977894
688182	5.6288157
688183	6.4421
688184	4.3238597
688185	3.720444
688186	4.32135
688187	-38.98757
688188	0.07326959
688189	9.486314
688190	6.331694
688191	7.6595035
688192	4.0301867
688193	5.4893494
688195	4.241562
688196	5.172432
688197	3.9510849
688198	9.289178
688199	4.322262
688200	7.823152
688201	5.500343
688202	4.736255
688203	4.3526983
688205	-6.048907
688206	5.494378
688207	4.577328
688208	7.680883
688209	4.321421
688210	5.2768507
688211	10.028651
688212	3.7192266
688213	5.309846
688215	4.321354
688216	7.745605
688217	7.172729
688218	5.4927487
688219	7.926264
688220	5.497076
688221	4.6287327
688222	4.321352
688223	4.3217635
688225	8.93067
688226	5.4970746
688227	4.338378
688228	6.465309
688229	9.481686
688230	4.5746193
688231	5.497076
688232	9.482159
688233	5.4934382
688234	4.618178
688235	-13.611958
688236	4.866599
688237	4.3253493
688238	5.146966
688239	8.0527315
688244	4.7330203
688246	8.0724
688247	5.0663214
688248	6.469709
688249	4.771828
688251	7.5333905
688252	7.9148126
688253	2.4077797
688255	5.497076
688256	-10.490465
688257	5.490086
688258	0.8797588
688259	-20.4992
688260	5.4929037
688261	4.7362547
688262	8.023409
688265	8.216074
688266	-1.5298456
688267	9.866844
688268	8.705207
688269	9.916687
688270	4.7359734
688271	9.094373
688272	4.428905
688273	1.3574814
688275	3.7191203
688276	8.072081
688277	4.2458005
688278	-10.671418
688279	1.908859
688280	4.3214583
688281	5.3108225
688282	11.16899
688283	7.5973625
688285	5.0373287
688286	3.7191195
688287	5.146878
688288	5.4751396
688289	10.493913
688290	4.533655
688291	5.994111
688292	4.9443817
688293	7.3090396
688295	4.3214164
688296	5.4988413
688297	9.686985
688298	1.908596
688299	6.9320264
688300	7.758576
688301	3.7213423
688302	6.971285
688303	10.621732
688305	3.7299201
688306	4.5136833
688307	4.3216677
688308	5.506694
688309	5.4165263
688310	4.2401752
688311	6.760203
688312	8.009047
688313	4.3212647
688314	8.855838
688315	4.321362
688316	5.488338
688317	10.627045
688318	9.894758
688319	5.618094
688320	9.343973
688321	9.815379
688322	9.870856
688323	10.350258
688325	3.00992
688326	6.50916
688327	5.2528996
688328	4.276604
688329	5.862324
688330	4.376088
688331	6.4495444
688332	5.4782143
688333	7.489001
688334	5.551079
688335	6.4664187
688336	6.4651613
688337	6.5084968
688338	11.202421
688339	-12.229943
688343	5.5630736
688345	5.4184403
688347	9.407428
688348	4.7252793
688349	6.8325505
688350	5.4968905
688351	5.6760073
688352	5.0425205
688353	5.4879785
688355	4.332498
688356	3.7191203
688357	4.4946337
688358	7.264555
688359	8.391711
688360	-21.469015
688361	4.002456
688362	6.4547076
688363	3.7191265
688365	8.701388
688366	10.19794
688367	8.958336
688368	5.3097568
688369	4.32135
688370	8.744729
688371	8.478144
688372	2.047177
688373	5.149011
688375	5.2172446
688376	7.107788
688377	5.468578
688378	6.709804
688379	5.492671
688380	5.910065
688381	8.06725
688382	4.769858
688383	3.9237702
688385	7.9724207
688386	8.077533
688387	9.39842
688388	5.4970756
688389	6.4511366
688390	4.736255
688391	8.211648
688392	3.7213295
688393	4.7598634
688395	6.6192
688396	5.3164325
688398	7.670407
688399	-10.8485985
688400	8.387438
688401	5.4927163
688403	8.069726
688408	3.9822807
688409	6.819481
688410	8.069615
688416	5.466271
688418	9.517474
688419	5.4835167
688420	6.0632176
688425	6.173523
688426	12.5271225
688428	-15.562034
688429	5.497073
688432	6.640948
688433	5.6351533
688435	4.32135
688439	3.7191176
688443	8.068076
688448	6.920286
688450	5.3388915
688455	6.8077035
688456	7.677029
688458	5.4970746
688459	7.1360435
688466	4.473451
688468	4.3294635
688469	4.3223834
688472	5.2247686
688475	3.7382362
688478	5.4971714
688479	5.4964876
688480	8.968482
688484	6.725074
688485	6.674261
688486	4.857572
688488	4.3233685
688489	3.7191203
688496	5.4971666
688498	4.777388
688499	5.1911187
688500	-38.293755
688501	5.497077
688502	3.6988037
688503	-7.9261665
688505	8.723991
688506	-29.030771
688507	7.1335616
688508	5.145886
688509	6.970183
688510	5.492351
688511	5.497077
688512	4.32135
688513	-19.99625
688515	4.477716
688516	5.42053
688517	6.4944544
688518	5.1272726
688519	7.175827
688520	3.7148132
688521	8.427293
688522	3.7190375
688523	9.482223
688525	5.8539186
688526	4.311466
688528	4.3344073
688529	5.44749
688531	3.7206428
688533	6.4430056
688535	3.7190952
688536	3.7059178
688538	10.338194
688539	8.666907
688543	6.77836
688548	8.852803
688549	4.3214836
688550	5.3099113
688551	5.716171
688552	8.553425
688553	4.323836
688556	3.71912
688557	-1.1720669
688558	4.3213544
688559	8.129072
688560	7.082282
688561	8.502799
688562	8.06904
688563	5.0232797
688565	4.3213496
688566	4.3213696
688567	4.327861
688568	3.7191062
688569	9.82454
688570	4.32135
688571	5.5082445
688573	5.0748243
688575	5.770419
688576	3.7191195
688577	3.7191203
688578	8.518951
688579	6.857288
688580	3.7200034
688581	4.7082376
688582	-23.947607
688584	4.2402205
688585	10.691421
688586	6.5333467
688588	6.463881
688589	5.4927163
688590	5.507941
688591	5.4971647
688592	8.0683975
688593	4.3246484
688595	7.798922
688596	5.4707017
688597	9.45892
688598	4.2125936
688599	9.599221
688600	8.504065
688601	3.5000865
688602	5.146322
688603	-37.10726
688606	5.562873
688607	4.32135
688608	3.789688
688609	11.052024
688610	5.497076
688611	6.547149
688612	5.178921
688613	-12.718514
688616	4.5305967
688617	-32.411068
688618	3.7194543
688619	4.3213553
688620	4.321352
688621	6.096452
688622	8.848983
688623	5.309904
688625	5.403702
688626	7.521825
688627	4.700649
688628	7.565554
688629	7.5059924
688630	5.2563553
688631	4.594184
688633	6.8697114
688636	0.6382665
688638	3.7192686
688639	5.967925
688646	8.210742
688648	5.2142653
688651	10.9947605
688652	3.8428543
688653	9.203196
688655	5.502056
688656	6.4624805
688657	3.719055
688658	11.317657
688659	4.3277044
688660	9.323578
688661	5.4883423
688662	5.4999657
688663	4.3213162
688665	5.310158
688667	4.595135
688668	2.515839
688669	7.5904174
688670	6.4631557
688671	5.4888654
688676	3.5027504
688677	3.7191203
688678	5.6393046
688679	4.3234396
688680	5.498159
688681	4.32135
688682	3.2003846
688683	5.2342005
688685	8.781871
688686	5.309904
688687	4.321387
688689	4.3213515
688690	6.8447485
688691	7.3531713
688693	8.069481
688695	6.067651
688696	3.7191203
688697	4.435035
688698	4.321514
688699	3.7285407
688700	3.9257035
688701	8.069538
688702	-5.172016
688707	4.321353
688709	5.5322037
688711	5.4939117
688716	4.32135
688717	-14.977973
688718	8.534388
688719	4.2643633
688720	4.7262745
688722	10.585571
688728	6.654952
688733	5.441681
688737	4.32135
688739	5.892913
688766	5.511654
688767	8.741501
688768	4.1964583
688772	6.9424405
688776	3.7121072
688777	-34.446556
688778	5.3128533
688779	4.9537263
688786	6.067047
688787	3.5063653
688788	8.057278
688789	8.722131
688793	-1.3899937
688798	5.563058
688799	9.2024145
688800	5.7072515
688819	5.017977
688981	2.378936
689009	-31.5814
