1	-3.6496117
2	3.7258596
4	5.8602076
6	-1.3956143
7	7.3040795
8	6.544475
9	3.7279267
10	9.03327
11	8.217874
12	9.916815
14	3.900566
16	-10.3040905
17	7.102889
19	8.961896
20	-12.122548
21	3.5571644
25	-3.7029445
26	4.7396283
27	5.7821813
28	3.7191203
29	1.2937566
30	4.325606
31	9.759831
32	3.7192478
34	-7.611878
35	4.321352
36	7.5281153
37	3.7190742
39	4.028822
40	8.74041
42	3.8293183
45	-17.26317
48	3.733013
49	4.982472
50	3.9822903
55	9.6050005
56	8.863177
58	11.489926
59	10.289536
60	5.3527503
61	9.875791
62	-42.818916
63	6.9764585
65	3.7191203
66	5.3250446
68	11.121016
69	5.2427197
70	4.241874
78	-12.861653
88	7.546777
89	3.7218325
90	3.7194176
96	11.105198
99	3.8989944
100	10.204975
151	7.000471
153	7.45155
155	5.461912
156	9.964512
157	-3.821749
158	12.290839
159	7.3280373
166	4.63707
301	6.457616
333	-10.381824
338	4.8021436
400	2.2564247
401	7.4012237
402	4.4058146
403	5.3162103
404	10.871211
407	9.481413
408	6.955576
409	7.9929185
410	10.9257555
411	9.354603
415	3.909725
417	5.1705747
419	-6.9672885
420	4.94783
421	4.5955644
422	0.47143114
423	5.183238
425	7.5028944
426	1.8394734
428	-4.7768607
429	0.322836
430	6.3084583
488	2.0950716
498	9.6828785
501	5.662001
503	8.934601
504	8.157688
505	5.534235
506	9.77534
507	10.756222
509	10.459728
510	10.949969
513	-10.929178
514	9.850743
516	3.7191203
517	-11.932575
518	7.2551756
519	5.1466966
520	8.6337385
521	6.4561257
523	9.073061
524	0.51481724
525	-43.250443
526	-7.4345984
528	-2.319908
529	4.3213544
530	9.86552
531	9.169282
532	-21.619345
533	7.925624
534	9.209636
536	9.388146
537	8.412983
538	9.091984
539	3.779302
541	-1.2884687
543	7.5745554
544	5.5020175
545	-13.3752365
546	9.021911
547	-12.796129
548	10.828737
550	-1.3750945
551	9.706939
552	4.32135
553	8.65526
554	9.138882
555	6.3191814
557	10.445753
558	9.012926
559	5.7514367
560	9.482158
561	8.463374
563	8.988764
564	6.033814
565	9.433802
566	11.102122
567	1.9670414
568	5.310124
570	9.009831
571	10.363097
572	9.502866
573	6.7361436
576	5.1552944
581	5.4254527
582	5.2669635
584	10.579909
586	7.2411385
589	7.7433133
590	8.724037
591	3.7851985
592	8.456038
593	7.651146
595	11.157194
596	5.3329043
597	7.4638743
598	4.0787754
599	7.0994506
600	3.5060904
601	3.7325718
603	0.7938134
605	7.2809825
607	9.38687
608	10.33918
609	7.01657
610	7.8135037
612	3.7054942
615	7.8777876
617	6.824753
619	4.022726
620	7.957411
622	10.418189
623	8.391649
625	3.5061398
626	5.6144047
627	5.4329457
628	4.93458
629	7.066105
630	5.6612654
631	9.123998
632	6.384542
633	6.9552393
635	10.36455
636	7.880803
637	1.4693438
638	8.523509
639	7.4059577
650	3.736193
651	-39.57484
652	9.064737
655	8.597948
656	11.230235
657	4.3222437
659	-10.141107
661	3.7191203
663	-1.6117913
665	9.806448
668	11.3018675
669	8.731793
670	1.8687083
672	-7.976579
676	-1.7797418
677	5.430209
678	-21.424847
679	8.6996565
680	5.1943674
681	-8.812791
682	3.9579291
683	3.7191203
685	9.863396
686	9.631141
688	6.1755676
690	3.7191203
691	5.5927615
692	9.571719
695	-2.6692052
697	8.270111
698	5.4910607
700	9.7077875
701	10.608563
702	9.108448
703	5.0158787
705	9.472067
707	4.439942
708	5.3098125
709	8.476998
710	7.2365246
711	10.308638
712	-7.2180862
713	5.6352215
715	10.809893
716	7.1574955
717	8.385357
718	10.410052
719	-9.232501
720	9.175785
721	8.047039
722	7.150969
723	5.069546
725	6.9161773
726	4.4677505
727	7.568093
728	8.550104
729	7.796732
731	6.4326878
733	5.000031
735	9.479862
736	5.501849
737	8.112517
738	6.7839155
739	6.5925407
750	4.2367344
751	7.918067
752	7.422666
753	6.6154237
755	-19.281363
756	10.4220705
757	8.354765
758	3.5054417
759	9.289106
761	6.8825526
762	-3.1695263
766	3.71919
767	10.557952
768	4.619131
776	9.05259
777	1.4872361
778	5.502727
779	6.1808934
782	4.9638624
783	8.311786
785	9.3727255
786	4.030782
788	11.1413355
789	9.492258
790	9.720282
791	5.4900913
792	3.7191718
793	8.553746
795	7.08439
796	3.8198698
797	8.297366
798	9.7472315
799	5.622002
800	8.263626
801	5.9036136
802	9.102081
803	9.481194
807	3.7685564
809	8.8301
810	1.006568
811	3.7225206
812	8.972527
813	7.5197353
815	8.705028
816	9.361113
818	5.3098826
819	1.1441462
820	9.927668
821	5.4970756
822	7.0965014
823	7.126078
825	5.224592
826	9.773164
828	6.177439
829	1.6802003
830	3.9003873
831	6.9880805
833	-0.460456
837	8.374379
838	6.9859567
839	3.7191203
848	7.919742
850	7.0663323
851	9.51797
852	5.2297783
856	10.697962
858	9.153864
859	11.130577
860	3.7139652
862	6.4542565
863	6.917679
868	9.482286
869	9.467421
875	6.3948503
876	6.330783
877	4.219203
878	5.2455935
880	-10.03242
881	11.244034
882	10.760096
883	4.494003
885	10.806959
886	7.9812303
887	3.7226567
888	-7.342871
889	6.693816
890	11.103795
892	8.997939
893	-27.653955
895	8.927797
897	8.218411
898	6.5081487
899	6.3538356
900	9.724937
901	3.3800428
902	-13.643534
903	9.111315
905	8.896231
906	3.723319
908	-40.72413
909	9.481962
910	2.5599706
911	10.251491
912	10.050605
913	0.736065
915	3.719686
917	-14.332985
919	9.642436
920	5.050763
921	3.7191195
922	6.4652863
923	6.792499
925	4.5925965
926	9.595778
927	8.357836
928	9.146937
929	8.373138
930	8.932628
931	8.556506
932	4.3218026
933	3.7195103
935	5.309839
936	-12.980259
937	4.0037007
938	7.2863703
948	9.819536
949	4.8203435
950	9.467631
951	-1.4274005
952	9.365171
953	9.620484
955	9.466608
957	4.557425
958	9.365416
959	6.9181113
960	4.28901
962	9.823472
963	-17.478308
965	7.6866508
966	4.3456182
967	2.7640066
968	11.189406
969	9.090999
970	9.038436
972	10.250514
973	10.843417
975	-1.5401224
977	5.4730616
978	7.814721
980	11.071445
981	7.1415343
983	3.7191203
985	11.263908
987	8.394557
988	10.699693
989	4.99684
990	4.341095
993	5.497076
995	8.4625
997	6.5143476
998	3.743131
999	9.655222
1201	8.974976
1202	6.8133235
1203	6.456517
1205	4.32135
1206	6.338261
1207	5.476146
1208	10.937414
1209	7.808632
1210	4.3214173
1211	6.985313
1212	11.323257
1213	9.776395
1215	6.462566
1216	6.9129586
1217	8.5416155
1218	5.671095
1219	9.335272
1222	5.4969177
1223	7.4519176
1225	4.232378
1226	7.0744996
1227	9.344805
1228	5.215365
1229	10.64417
1230	6.667252
1231	9.820543
1234	4.319189
1236	8.933131
1238	8.472267
1239	9.588906
1255	8.345779
1256	11.944496
1258	4.3548098
1259	7.6665654
1260	4.3221054
1266	10.972064
1267	6.842292
1268	9.950459
1269	2.961219
1270	-1.7364032
1278	6.454711
1282	4.3104467
1283	5.3319764
1286	4.3260083
1287	-13.610141
1288	6.5029106
1289	6.878454
1296	9.001059
1298	-41.164806
1299	10.678452
1300	8.069252
1301	3.7193017
1306	8.937557
1308	4.439059
1309	5.399994
1311	3.719841
1313	10.781723
1314	-6.774227
1316	10.464279
1317	8.461357
1318	-0.93059665
1319	7.28994
1322	8.1239195
1323	9.345421
1324	7.0150704
1326	5.340744
1328	8.956014
1330	4.07354
1331	4.915597
1332	-0.8683671
1333	7.061167
1336	6.9869227
1337	9.977091
1338	4.218544
1339	9.482061
1358	-18.530098
1359	7.4845567
1360	8.53305
1366	9.790366
1367	-2.31696
1368	4.333728
1373	7.0605392
1376	4.3270383
1378	8.070199
1379	9.616228
1380	7.9412575
1387	9.281167
1389	3.5564606
1696	2.1332824
1872	-1.7434958
1896	6.4659996
1914	3.7190967
1965	-15.46758
1979	11.138804
2001	4.7841935
2003	-1.0699903
2004	-12.761482
2005	9.473363
2006	5.309891
2007	8.178486
2008	3.7191203
2009	-9.965704
2010	9.391345
2011	6.0636764
2012	-17.513098
2014	6.090474
2015	4.7627535
2016	-1.3036883
2017	9.869412
2019	3.7264736
2020	2.6188323
2021	9.04284
2022	4.7733636
2023	3.6599164
2024	5.1407537
2025	9.702257
2026	6.438416
2027	7.925051
2028	5.672962
2029	8.663987
2030	-32.484833
2031	1.2263985
2032	-8.102168
2033	3.9320366
2034	8.530213
2035	0.16955139
2036	3.8298945
2037	9.3787985
2038	-7.1221743
2039	0.95521903
2040	8.178361
2041	4.444807
2042	6.7669296
2043	2.0509667
2044	8.138152
2045	0.061735243
2046	-9.408293
2047	6.235209
2048	5.308945
2049	3.719122
2050	8.182193
2051	2.0544674
2052	-19.272146
2053	5.073311
2054	7.089521
2055	5.121316
2056	9.759846
2057	5.355332
2058	9.090913
2059	10.993228
2060	8.660388
2061	9.811972
2062	7.057983
2063	4.0390296
2064	5.6686487
2065	-12.996428
2066	7.052592
2067	-14.40108
2068	5.3099217
2069	8.507072
2072	8.574313
2073	3.7219303
2074	6.9950147
2075	8.735429
2076	7.4025664
2077	9.848134
2078	5.1235332
2079	7.5109653
2080	3.7191267
2081	6.309313
2082	8.475911
2083	9.365202
2084	11.094696
2085	5.6465664
2086	9.571563
2088	5.310008
2090	5.310048
2091	5.3205967
2092	5.0634956
2093	8.05859
2094	8.652968
2095	4.5903606
2096	-9.154522
2097	6.659452
2098	-17.396875
2099	9.056501
2100	3.7193017
2101	6.0865517
2102	9.482163
2103	10.258847
2104	5.3263254
2105	10.3581505
2106	-3.9288423
2107	7.6635637
2108	6.2557898
2109	4.321635
2110	6.4560194
2111	3.6805627
2112	10.720001
2114	11.055483
2115	8.29797
2116	10.678659
2117	-17.073812
2119	3.5332067
2120	5.3099756
2121	3.7333264
2122	5.2291727
2123	3.9137797
2124	-10.307187
2125	3.72193
2126	5.378442
2127	8.052385
2128	4.0262036
2129	3.7191203
2130	4.1148105
2131	6.6435585
2132	9.358478
2133	5.8971143
2134	8.108163
2135	11.2921295
2136	6.495839
2137	-12.807369
2138	4.648889
2139	3.527107
2140	4.010672
2141	11.156549
2142	4.9280715
2144	7.386061
2145	8.647165
2146	4.939049
2148	-15.559305
2149	6.274415
2150	6.313305
2151	9.445402
2152	3.7207828
2153	3.8987248
2154	3.7190046
2155	3.2251093
2156	3.7191203
2157	5.1600866
2158	-1.2344471
2159	10.975918
2160	9.474798
2161	3.5020146
2162	2.101323
2163	9.763679
2164	9.746502
2165	10.8031645
2166	6.5339847
2167	5.260869
2168	2.9182758
2169	7.1478496
2170	4.1013365
2171	5.4699936
2172	7.529758
2173	4.948066
2174	3.6901538
2175	10.666312
2176	3.7218943
2177	9.82045
2178	9.994315
2179	4.789875
2180	5.3773255
2181	1.1483527
2182	5.3602867
2183	6.332329
2184	11.3532915
2185	3.7411754
2186	8.253603
2187	9.359161
2188	7.439283
2189	9.378094
2190	7.197677
2191	11.265749
2192	-10.769048
2193	9.227422
2194	9.158371
2195	4.4987226
2196	13.00948
2197	7.4156375
2198	7.092474
2199	-20.662943
2200	8.859422
2201	5.1722364
2202	-3.3041112
2203	5.8843775
2204	4.3282313
2205	8.689946
2206	5.3098392
2207	9.296252
2208	9.638853
2209	10.597502
2210	9.277993
2211	9.851623
2212	5.6126804
2213	6.4610934
2214	3.8829832
2215	3.7193017
2216	5.087633
2217	8.120864
2218	8.498064
2219	0.26318237
2221	9.687363
2222	4.645468
2223	5.311178
2224	6.9975696
2225	4.321405
2226	4.038916
2227	7.6610293
2228	7.34992
2229	7.8007765
2230	5.3134513
2231	10.728814
2232	-12.378542
2233	5.492651
2234	4.640641
2235	8.719939
2236	3.7191203
2237	3.71912
2238	7.6696687
2239	5.278601
2240	5.5096927
2241	5.32055
2242	6.950483
2243	8.6457815
2244	7.053023
2245	9.341799
2246	-5.1381044
2247	11.284553
2248	9.725719
2249	5.436813
2250	7.879557
2251	9.850819
2252	6.3456693
2253	6.648179
2254	4.010443
2255	4.3334084
2256	10.257107
2258	4.742229
2259	9.011823
2261	3.7192316
2262	-7.8050876
2263	7.0651746
2264	5.5057445
2265	7.64053
2266	9.821216
2267	4.325331
2268	3.7192695
2269	11.184889
2270	-7.237137
2271	3.5061576
2272	4.6026826
2273	-0.65491915
2274	7.031662
2275	8.971339
2276	5.4902906
2277	9.351909
2278	10.5507145
2279	-1.7278138
2281	3.5143607
2282	10.045892
2283	6.9205966
2284	7.2755013
2285	11.1552515
2286	4.9127793
2287	9.937178
2289	9.476187
2290	10.335133
2291	10.702891
2292	3.6693594
2293	5.352791
2294	8.28821
2295	5.285475
2296	9.366491
2297	10.259583
2298	9.492481
2299	6.193288
2300	5.437621
2301	9.482098
2302	9.379099
2303	-19.278345
2304	7.6965585
2305	8.540318
2306	4.3632464
2307	8.92407
2308	5.0347085
2309	-19.260853
2310	5.3793416
2311	5.3098125
2312	3.71912
2313	8.329442
2314	4.1422358
2315	4.089783
2316	4.310794
2317	4.7585287
2318	3.726214
2319	11.008254
2320	6.3632026
2321	7.7959046
2322	7.8921413
2323	8.5063505
2324	3.7191203
2326	6.5690722
2327	3.7191195
2328	6.468587
2329	10.98888
2330	7.3968277
2331	8.913837
2332	5.9200783
2333	4.3338413
2334	3.720332
2335	5.58183
2336	8.960272
2337	11.233938
2338	4.736255
2339	4.967328
2340	3.720365
2342	11.570944
2343	9.48229
2344	8.723967
2345	5.420782
2346	4.5500603
2347	10.51357
2348	10.419619
2349	8.941611
2350	8.889959
2351	-4.937832
2352	10.2118225
2353	3.5949216
2354	10.678537
2355	8.712425
2356	7.755259
2357	11.490162
2358	7.0539765
2360	6.86593
2361	9.151904
2362	6.0650992
2363	8.4084015
2364	7.94686
2365	11.343146
2366	9.045685
2367	4.273653
2368	5.9492793
2369	9.4721985
2370	5.207751
2371	5.443634
2372	5.309904
2373	2.6504028
2374	9.356857
2375	6.659316
2376	9.439597
2377	4.1066136
2378	6.150304
2379	6.330359
2380	3.7275064
2381	5.158418
2382	9.468535
2383	7.205405
2384	5.5359225
2385	1.6374863
2386	2.527519
2387	7.8979
2388	8.689483
2389	-4.721839
2390	3.994036
2391	9.4551
2392	10.218196
2393	11.269001
2394	7.874037
2395	-0.7424289
2396	-26.871233
2397	8.501941
2398	5.565622
2399	8.766455
2400	6.2817745
2401	6.9171534
2402	3.7217405
2403	-15.969526
2404	5.6840506
2405	11.089728
2406	10.818469
2407	3.7191203
2408	6.316474
2409	5.190741
2410	9.644378
2412	4.224938
2413	8.623249
2414	10.360343
2415	5.515284
2416	9.446654
2418	10.682419
2419	10.226808
2420	7.9910655
2421	9.731674
2422	7.023768
2423	8.466049
2424	1.9063946
2425	2.4855886
2426	11.28584
2427	8.869171
2428	4.588153
2429	6.313685
2430	5.3098135
2431	9.767987
2432	-35.232613
2434	6.2098355
2436	-1.4312594
2437	11.511492
2438	2.6910338
2439	3.7191203
2440	4.249919
2441	6.5309563
2442	6.4522004
2443	6.6382627
2444	5.3058467
2445	9.701134
2446	9.432853
2448	5.421722
2449	10.175656
2451	8.801465
2452	7.1528
2453	5.4970727
2454	8.46046
2455	7.7524176
2456	2.9200666
2457	-14.367612
2458	5.9811544
2459	5.8890166
2460	7.8182507
2461	9.347226
2462	6.838553
2463	0.15851864
2465	3.7213583
2466	3.9246502
2467	3.3773105
2468	11.191334
2469	6.30408
2470	7.3503475
2471	7.8454437
2472	3.71912
2474	11.303903
2475	5.008508
2476	4.3304605
2478	5.6001363
2479	10.413422
2480	11.302254
2481	-4.142074
2482	4.917504
2483	4.245545
2484	3.2036636
2485	8.236209
2486	6.0485845
2487	7.067002
2488	-10.952799
2489	-14.621092
2490	4.15086
2491	11.290417
2492	8.690584
2493	5.3098197
2494	11.798023
2495	9.352255
2496	10.402667
2497	3.7245922
2498	7.381857
2500	11.293416
2501	7.037019
2506	4.241396
2507	6.327877
2508	3.7257638
2510	8.821122
2511	5.161475
2512	9.351614
2513	12.0937395
2514	6.7373476
2515	-13.80014
2516	4.579279
2517	7.9077086
2518	5.310948
2519	-5.0626206
2520	5.3959246
2521	6.6310835
2522	7.073303
2523	11.309736
2524	10.676027
2526	7.061631
2527	5.777778
2528	9.581835
2529	9.530694
2530	4.321814
2531	4.971229
2532	5.1762643
2533	5.3099046
2534	8.9737425
2535	7.209609
2536	3.5377624
2537	4.0376053
2538	11.302122
2539	5.4187922
2540	4.0322294
2541	3.7157843
2542	8.1961565
2543	5.3478804
2544	3.719353
2545	5.430364
2546	9.506299
2547	1.4515535
2548	4.3024216
2549	3.919714
2550	1.1855991
2551	6.704448
2552	6.510553
2553	-30.553179
2554	9.247307
2555	10.220897
2556	9.23355
2557	3.6318269
2558	1.908171
2559	6.964884
2560	8.117875
2561	9.388713
2562	9.9793625
2563	5.234118
2564	5.1488366
2565	6.649349
2566	6.3322496
2567	5.55333
2568	-1.1906018
2569	8.79915
2570	4.945981
2571	9.223597
2572	4.052985
2573	2.4662147
2574	9.28152
2575	11.239891
2576	11.231638
2577	-43.550568
2578	8.172613
2579	7.466892
2580	6.4932365
2581	5.506832
2582	5.4968543
2583	7.058513
2584	9.46644
2585	4.32135
2586	11.17449
2587	4.35831
2588	3.6377542
2589	9.482
2590	6.3569937
2591	9.480863
2592	7.878894
2593	7.2314963
2594	5.1829624
2595	-6.4491963
2596	8.741045
2597	4.9824452
2598	6.408908
2599	-21.674814
2600	9.561776
2601	3.985176
2602	7.0590343
2603	1.908188
2605	-9.214046
2606	7.862548
2607	9.293935
2608	6.4537315
2609	4.553963
2611	-9.858733
2612	7.790738
2613	12.30575
2614	8.969988
2615	6.0703125
2616	8.839141
2617	4.7613573
2620	9.631123
2622	9.481814
2623	4.710455
2624	6.8882823
2625	5.5178623
2626	1.954704
2627	9.040494
2628	8.877817
2629	8.4612255
2630	0.73162055
2631	-13.378426
2632	1.9833438
2633	10.9218855
2634	5.184481
2635	-2.601583
2636	9.369063
2637	8.184847
2638	6.3698025
2639	-13.30073
2640	9.170217
2641	4.758742
2642	-21.45604
2643	3.7222764
2644	6.7186456
2645	5.4364276
2646	4.3214707
2647	-16.788479
2648	4.7064776
2649	8.028828
2650	9.984798
2651	7.5812144
2652	1.7960502
2653	4.7110505
2654	3.521041
2655	5.9364834
2656	7.057919
2657	3.7198894
2658	9.482168
2659	11.158554
2660	8.439111
2661	11.290408
2662	6.5491385
2663	9.186192
2664	4.8725843
2666	7.20147
2667	-16.88276
2668	-2.213042
2669	6.4305367
2670	9.1302805
2671	7.187981
2672	7.787246
2673	10.775285
2674	6.4447055
2675	3.9006343
2676	11.124352
2677	5.39913
2678	10.876993
2679	9.177515
2681	5.1312857
2682	10.545376
2683	5.3113694
2685	10.250304
2686	7.1764407
2687	6.7782655
2688	10.288492
2689	-18.559944
2690	3.7191453
2691	-0.25255677
2692	9.365387
2693	10.270864
2694	5.971634
2695	8.409359
2696	6.214832
2697	3.7215612
2698	-4.6828127
2700	-12.4892435
2701	-12.645638
2702	5.475139
2703	8.389733
2705	5.239174
2706	3.694661
2707	4.0942483
2708	7.746834
2709	4.1093407
2712	9.486694
2713	-27.038414
2714	3.7192824
2715	8.073791
2716	8.087828
2717	9.77462
2718	10.681416
2719	7.812868
2721	5.15403
2722	9.792404
2723	5.4795537
2724	7.077146
2725	8.992174
2726	-15.395723
2727	5.4927163
2728	2.0387325
2729	9.155753
2730	10.718519
2731	6.514071
2732	4.5957246
2733	10.755148
2734	7.0902543
2735	6.060221
2736	-28.284336
2737	5.1784773
2738	-33.865402
2739	6.453819
2741	7.7039905
2742	9.2804785
2743	7.590252
2745	8.639444
2746	8.852399
2747	-0.09756684
2748	-21.47395
2749	5.1644683
2750	9.556203
2752	7.078811
2753	5.192169
2755	2.6468515
2756	8.20132
2757	11.105913
2758	6.482256
2759	5.503152
2760	4.731556
2761	8.317753
2762	8.654384
2763	7.228175
2765	9.084923
2766	8.531873
2767	5.6291614
2768	5.421325
2769	7.8659143
2771	4.9336348
2772	8.831593
2773	6.759606
2774	9.735443
2775	-12.788125
2777	4.5705237
2778	6.9921956
2779	1.736013
2780	6.565838
2782	5.524737
2783	11.542339
2785	8.343717
2786	6.461832
2787	7.873674
2788	6.6781497
2789	11.755752
2790	5.4980135
2791	5.4899135
2792	-3.0841944
2793	7.93418
2795	4.2530637
2796	5.408919
2797	10.575948
2798	9.222552
2799	9.3679695
2800	10.439528
2801	3.7300706
2802	9.291748
2803	9.384316
2805	11.169821
2806	9.382847
2807	8.830716
2808	8.727773
2809	8.27059
2810	-37.2376
2811	9.477743
2812	5.3099084
2813	8.4872
2815	4.326636
2816	8.740515
2817	8.181685
2818	4.339877
2819	4.234794
2820	6.4833236
2821	4.569768
2822	10.903533
2823	5.064698
2824	5.2271595
2825	7.2923512
2826	7.3097596
2827	-32.72056
2828	9.366415
2829	-10.639145
2830	11.0640335
2831	5.3333883
2832	3.7191203
2833	5.1788607
2835	6.438068
2836	11.397089
2837	6.4108934
2838	5.429911
2839	-2.1682143
2840	6.439283
2841	8.393313
2842	11.904542
2843	8.252553
2845	4.0928726
2846	6.86799
2847	0.81949675
2848	9.483777
2849	4.32135
2850	3.7191203
2851	5.3955173
2852	4.3252053
2853	8.580412
2855	6.924559
2856	9.429509
2857	7.606642
2858	4.2961946
2859	5.3099027
2860	5.249521
2861	4.590609
2862	10.671089
2863	7.039022
2864	4.201806
2865	4.045461
2866	5.5964155
2867	5.497076
2868	4.4431505
2869	6.5219965
2870	8.761103
2871	8.066675
2872	9.12013
2873	7.0980554
2875	2.9903977
2876	1.414733
2877	4.824588
2878	4.0301814
2879	5.3317456
2880	5.3403864
2881	-41.417793
2882	6.906195
2883	9.277361
2884	5.2223697
2885	6.5278125
2886	3.717665
2887	8.873088
2888	8.979575
2889	8.14714
2890	9.482085
2891	-1.7277054
2892	5.6328044
2893	6.4536853
2895	4.1494594
2896	-1.5734
2897	-2.4838185
2898	3.3219087
2899	5.4830747
2900	10.590894
2901	5.162101
2902	7.2228303
2903	8.724807
2905	8.585512
2906	8.040934
2907	9.650431
2908	4.6718297
2909	8.959629
2910	8.741081
2911	7.2428355
2912	3.9716856
2913	5.159806
2915	2.8879747
2916	5.837712
2917	7.8877387
2918	5.5001683
2919	-30.621403
2920	6.6719885
2921	10.996099
2922	6.762088
2923	3.923665
2925	5.469252
2926	9.283211
2927	7.019763
2928	8.577267
2929	5.4883413
2930	6.457375
2931	10.237145
2932	5.8582344
2933	10.376113
2935	6.1745796
2936	9.49127
2937	8.518862
2938	4.9470387
2939	8.964471
2940	6.9751506
2941	7.0990276
2942	10.157992
2943	6.0167565
2945	9.737284
2946	9.717254
2947	3.7614648
2948	8.591134
2949	7.301049
2950	11.497008
2951	8.655293
2952	-13.794076
2953	4.5526257
2955	0.44459516
2956	3.248771
2957	10.504463
2958	3.9358375
2959	3.7198246
2960	5.3965087
2961	10.87717
2962	7.034208
2963	8.415871
2965	5.9284015
2966	9.475134
2967	3.812306
2968	4.027368
2969	7.6711574
2970	7.150969
2971	4.3213553
2972	9.467636
2973	9.277669
2975	7.4218416
2976	7.421092
2977	0.93410665
2978	5.522704
2979	-12.584669
2980	7.9121566
2981	8.864947
2982	7.802763
2983	7.163379
2984	8.438521
2985	3.7066503
2986	7.022306
2987	-31.924664
2988	4.3277125
2989	6.967296
2990	3.7285242
2991	3.7191195
2992	4.9778495
2993	5.8548846
2995	-11.699106
2996	5.511874
2997	4.657909
2998	4.3278604
2999	4.410718
3000	7.0323095
3001	-18.575693
3002	9.952809
3003	11.247747
3004	7.1148467
3005	8.005289
3006	6.857408
3007	6.6248837
3008	10.303665
3009	9.429345
3010	3.9470983
3011	4.5029225
3012	4.4606695
3013	5.0695686
3015	7.014991
3016	8.427629
3017	9.790862
3018	10.258609
3019	8.671603
3020	-12.371258
3021	3.9308043
3022	5.497192
3023	6.485634
3025	4.213435
3026	-12.799198
3027	9.119786
3028	3.8154817
3029	6.8290744
3030	5.5415406
3031	3.721859
3032	9.201378
3033	5.9077516
3035	4.334797
3036	7.0715384
3037	7.042464
3038	4.3218484
3039	7.7902083
3040	6.529324
3041	4.321483
3042	7.9770656
3043	3.6173735
3816	8.595999
300001	3.719197
300002	-0.18186505
300003	3.7191203
300004	9.759724
300005	-29.42992
300006	11.75868
300007	-15.389069
300008	6.354821
300009	8.518164
300010	11.082203
300011	7.9480515
300012	6.2477465
300013	-20.179276
300014	3.7191203
300015	5.600551
300016	3.7839496
300017	3.7204144
300018	-12.651993
300019	3.7191203
300020	9.483162
300021	6.7739286
300022	8.045506
300024	-5.8143163
300025	-2.9270375
300026	4.353966
300027	-49.520493
300029	9.511551
300030	8.462969
300031	5.4573383
300032	8.84507
300033	5.251036
300034	7.028166
300035	3.7253342
300036	-7.075929
300037	-1.1331735
300039	4.4471545
300040	7.4009123
300041	-16.163889
300042	7.4853163
300043	4.0010896
300044	-4.3731747
300045	1.4898294
300046	4.736255
300047	4.1371703
300048	3.2625227
300049	2.2558026
300050	-21.17531
300051	-5.0827184
300052	7.086438
300053	3.6553533
300054	2.313851
300055	5.737517
300056	4.9076977
300057	9.280952
300058	0.26950622
300059	7.111469
300061	-29.561207
300062	9.202942
300063	2.5800507
300065	6.819732
300066	1.941864
300067	6.642939
300068	6.4577804
300069	11.189142
300070	5.30985
300071	9.734913
300072	1.9863102
300073	3.698194
300074	1.9079353
300075	0.93558174
300076	9.296216
300077	-4.277026
300078	1.7578552
300079	-30.597727
300080	6.374152
300081	-0.966651
300082	-30.511011
300083	-39.120705
300084	10.526977
300085	2.024268
300086	12.176889
300087	8.024956
300088	6.168752
300091	9.473829
300092	9.300208
300093	5.149972
300094	11.014476
300095	10.0130825
300096	7.6850867
300097	6.980208
300098	-2.4570763
300099	-2.5811527
300100	5.8477235
300101	5.7155104
300102	1.9087923
300103	-21.221874
300105	3.7191942
300106	7.3954964
300107	5.1586385
300108	9.120909
300109	6.4240327
300110	11.368384
300111	12.50286
300112	7.3550043
300113	-30.548397
300114	4.64741
300115	-1.502379
300117	9.447837
300118	6.9765778
300119	3.7254562
300120	10.102114
300121	5.3382277
300122	3.7191203
300123	9.668158
300124	3.7257612
300125	11.1701145
300126	9.4840145
300127	7.1969743
300128	9.154198
300129	5.623598
300130	3.4646897
300131	-38.220917
300132	9.366131
300133	3.9949818
300134	9.666318
300135	3.6582673
300136	6.3468833
300137	4.0326967
300138	3.719122
300139	-11.467823
300140	4.3213844
300141	6.1061397
300142	3.7191803
300143	6.678109
300144	1.5782161
300145	3.8945138
300146	7.640872
300147	-11.524651
300148	9.302723
300149	7.131177
300150	8.652962
300151	10.474873
300152	8.327553
300153	6.4371624
300154	8.601937
300155	9.73393
300157	7.673125
300158	11.149019
300159	2.834015
300160	5.162048
300161	-4.7925797
300162	7.8078446
300163	11.16907
300164	11.265153
300165	9.571122
300166	2.038176
300167	9.901929
300168	-6.782236
300169	8.603673
300170	-0.24515598
300171	3.827532
300172	4.041195
300173	10.903412
300174	6.1784463
300175	7.924668
300176	10.3389
300177	5.862555
300179	4.7362556
300180	9.72633
300181	-7.863604
300182	7.267518
300183	-0.3784153
300184	-26.711094
300185	6.698598
300187	4.302445
300188	3.7248404
300189	9.669136
300190	0.11833848
300191	5.2182083
300192	-10.303667
300193	9.351138
300194	8.893556
300195	11.441856
300196	4.022642
300197	6.406129
300198	8.63182
300199	-3.4601152
300200	7.055678
300201	5.3111243
300203	7.9535055
300204	-11.127404
300205	5.054488
300206	10.505079
300207	-6.464305
300208	11.153684
300209	-20.462206
300210	4.1960077
300211	5.889846
300212	3.7191193
300213	4.9822645
300214	7.8169613
300215	5.635722
300217	7.839913
300218	9.643081
300219	5.3123307
300220	10.608416
300221	6.9965353
300222	-5.47942
300223	3.7190835
300224	5.320438
300225	7.447426
300226	6.2830076
300227	9.515926
300228	-37.097027
300229	3.7197225
300230	7.032543
300231	-10.029845
300232	7.980348
300233	6.4653063
300234	6.4932933
300235	-7.052339
300236	8.202727
300237	9.482164
300238	2.1552656
300239	9.965635
300240	9.175871
300241	-17.987705
300242	8.869217
300243	3.7234745
300244	3.723444
300245	7.1507907
300246	3.1752667
300247	9.442651
300248	-6.607898
300249	5.133126
300250	8.562489
300251	5.367958
300252	1.7321649
300253	3.9529824
300254	9.468147
300255	-8.965285
300256	8.919855
300257	3.7257612
300258	4.0308514
300259	4.426903
300260	3.614096
300261	-0.52117527
300263	9.697318
300264	9.545361
300265	7.778614
300266	9.482158
300267	9.662655
300268	5.2647386
300269	8.660238
300270	6.517942
300271	5.6743646
300272	8.4617195
300274	-7.3599195
300275	-1.5269632
300276	-37.026493
300277	7.76435
300278	-21.53594
300279	10.411324
300280	8.489083
300281	8.462171
300283	8.764852
300284	6.4803357
300285	3.719123
300286	5.374576
300287	5.6939273
300288	3.7421923
300289	11.371994
300290	4.6881948
300291	2.2518153
300292	9.377521
300293	5.791331
300294	4.63735
300295	-19.906094
300296	-4.2360883
300298	10.398559
300299	0.5887301
300300	9.775271
300301	4.245755
300302	9.481648
300303	-0.03988815
300304	5.3099732
300305	4.370055
300306	-32.388412
300307	6.980957
300308	1.2934368
300310	-15.848151
300311	10.154674
300313	8.534795
300314	3.6830082
300315	4.680999
300316	3.7191203
300317	4.3252892
300318	-14.0920725
300319	3.8557777
300320	3.7191203
300321	7.8904486
300322	1.9094669
300323	9.692653
300324	4.1037254
300326	6.061427
300327	3.707754
300328	-20.232183
300329	8.785378
300331	5.645511
300332	4.3213663
300333	9.657905
300334	9.469073
300335	10.30709
300337	5.132396
300338	-3.4645665
300339	4.058501
300340	-12.762566
300341	7.6603894
300342	-1.2612998
300343	3.7196834
300344	8.987915
300345	10.041618
300346	3.7596924
300347	9.705894
300348	5.096063
300349	6.267841
300350	6.6830735
300351	3.7191947
300352	6.1903057
300353	-25.34586
300354	3.719123
300355	9.035748
300357	4.241778
300358	2.6803308
300359	-10.303794
300360	4.4393945
300363	0.00831424
300364	3.7193158
300365	-27.832718
300366	4.6684766
300368	9.47746
300369	-10.749401
300370	9.142084
300371	-6.677067
300373	3.7191203
300374	4.292962
300375	9.208
300376	-11.524579
300377	2.5229921
300378	-20.372492
300379	-33.056873
300380	-3.5924456
300381	4.027838
300382	8.192489
300383	3.842386
300384	5.4215302
300385	8.916691
300386	3.9807367
300387	8.467935
300388	8.044103
300389	3.7111518
300390	4.0313106
300391	8.085577
300393	5.231722
300394	5.548608
300395	3.7844949
300396	4.0294
300397	6.832133
300398	3.614149
300399	11.227625
300400	-28.76719
300401	4.721281
300402	9.426883
300403	-39.295506
300404	7.6205177
300405	9.063071
300406	6.4580793
300407	1.9081804
300408	8.939544
300409	-9.043646
300410	6.877337
300411	3.7099478
300412	7.608706
300413	8.397865
300414	9.612114
300415	7.6843243
300416	-1.5897168
300417	10.182715
300418	1.9985939
300419	7.3441176
300420	8.450683
300421	-21.18334
300422	7.2790728
300423	11.541824
300424	10.931727
300425	6.237743
300426	-2.921098
300427	7.0986047
300428	3.7191203
300429	4.7362547
300430	2.3601906
300432	-1.30506
300433	5.121864
300434	11.225524
300435	5.317705
300436	1.3905805
300437	8.974543
300438	-0.5099667
300439	9.18472
300440	10.6240635
300441	4.1610055
300442	7.213964
300443	-1.9436841
300444	8.695991
300445	3.7229824
300446	4.756185
300447	-8.982486
300448	-30.155651
300449	10.24384
300450	3.719529
300451	6.8243566
300452	9.585678
300453	5.4036446
300454	3.7249763
300455	4.3276305
300456	-37.122585
300457	5.144182
300458	3.6253088
300459	2.7945628
300460	5.5579543
300461	-10.36928
300462	5.1490183
300463	8.30791
300464	9.674414
300465	-20.783766
300466	-18.44859
300467	0.11392656
300468	-35.896812
300469	5.380373
300470	3.7233477
300471	-19.619722
300472	8.741132
300473	-0.34428087
300474	4.327623
300475	5.66839
300476	5.1064086
300477	9.3066635
300478	1.910373
300479	8.920298
300480	5.4419127
300481	3.7191195
300482	3.7190862
300483	10.718666
300484	5.0580053
300485	9.767426
300486	11.209053
300487	6.494172
300488	-0.54072213
300489	0.8611006
300490	10.612576
300491	8.109676
300492	2.8558047
300493	-14.740963
300494	9.32994
300496	5.18596
300497	3.7857075
300498	3.743606
300499	4.4358587
300500	9.40057
300501	-17.063019
300502	-5.11558
300503	-4.7739487
300504	5.6709094
300505	6.764878
300506	0.6282129
300507	7.6773877
300508	-4.9971323
300509	10.817812
300510	5.7762136
300511	9.504394
300512	10.606429
300513	7.036854
300514	7.625874
300515	7.03575
300516	5.616205
300517	8.398234
300518	-18.865665
300519	8.44575
300520	5.423653
300521	8.378113
300522	7.7346773
300523	3.5022025
300525	0.36272457
300527	9.090556
300528	9.770905
300529	3.7919614
300530	7.9699984
300531	-25.478977
300532	-2.3319547
300533	-10.291008
300534	9.554158
300535	12.6881
300536	7.065643
300537	8.385943
300538	5.1170206
300539	-20.472301
300540	7.6180105
300541	9.051427
300542	1.960804
300543	-35.922066
300545	6.420173
300546	6.6219397
300547	7.386116
300548	3.0145347
300549	10.181278
300550	4.125897
300551	10.678578
300552	-0.68246245
300553	6.450747
300554	6.452673
300555	6.1105037
300556	-18.585117
300557	7.801957
300558	10.094348
300559	5.6206503
300560	9.570233
300561	7.5158176
300562	10.273369
300563	1.9082236
300564	11.48759
300565	2.297018
300566	-4.334346
300567	7.8999977
300568	3.7203856
300569	7.1459923
300570	5.3405333
300571	2.1788168
300572	-3.6389222
300573	5.8551974
300575	3.5945776
300576	4.599583
300577	7.641285
300578	9.494259
300579	5.3058467
300580	5.588037
300581	7.1912446
300582	9.639087
300583	8.763704
300584	-2.109395
300585	-2.3552625
300586	5.0684247
300587	7.7144203
300588	9.889398
300589	7.74881
300590	3.5104797
300591	9.247997
300592	9.48196
300593	2.522785
300594	9.377278
300595	3.7191203
300596	2.3182263
300597	11.855521
300598	2.2492154
300599	9.77502
300600	9.123609
300601	3.7265592
300602	-38.17204
300603	11.270451
300604	4.5938854
300605	9.351863
300606	7.5644684
300607	5.3269453
300608	7.9859586
300609	-20.795877
300610	7.3565173
300611	8.662149
300612	2.8600883
300613	1.8921868
300614	3.9446256
300615	8.652439
300616	6.4622297
300617	5.3649755
300618	3.7393444
300619	11.177797
300620	-3.02134
300621	11.1966095
300622	-13.318242
300623	4.6025224
300624	3.7191267
300625	11.892155
300626	11.07223
300627	6.096591
300628	4.0750966
300629	8.352395
300630	-13.120952
300631	7.954546
300632	7.7577257
300633	8.056223
300634	6.0647635
300635	10.347211
300636	7.988222
300637	8.056878
300638	3.7907581
300639	2.8622146
300640	11.321612
300641	4.0919957
300642	1.3775858
300643	7.176214
300644	7.769848
300645	8.945737
300647	-20.663897
300648	7.5324683
300649	6.4141426
300650	8.002431
300651	8.103617
300652	8.269813
300653	4.6159453
300654	11.167113
300655	3.719082
300656	-4.429504
300657	-2.2681026
300658	11.292162
300659	9.215193
300660	4.0312605
300661	3.720003
300662	5.479557
300663	8.537577
300664	10.171705
300665	-0.3553891
300666	7.083661
300667	10.010679
300668	6.3732524
300669	11.380775
300670	6.7190795
300671	7.2758646
300672	3.7191176
300673	7.7616367
300674	4.0754356
300675	11.391589
300676	2.0894814
300677	5.9065566
300678	3.7191203
300679	7.7506094
300680	3.7182055
300681	3.7236233
300682	7.745952
300683	11.222842
300684	5.416174
300685	5.050451
300686	6.9578156
300687	3.7191195
300688	2.5216637
300689	5.2952476
300690	5.681516
300691	-1.4113127
300692	10.831872
300693	7.2189784
300694	10.7038145
300695	-5.36788
300696	7.30405
300697	8.011716
300698	7.041814
300699	9.488217
300700	4.3213496
300701	7.4853444
300702	3.723489
300703	4.042171
300705	3.5789335
300706	3.602967
300707	7.0396986
300708	9.199925
300709	1.6658161
300710	8.2447
300711	7.0495424
300712	6.3801847
300713	6.763501
300715	5.197713
300716	9.278836
300717	7.9416904
300718	-40.422886
300719	8.07545
300720	-27.428566
300721	8.715216
300722	-6.681231
300723	5.258606
300724	7.7519827
300725	4.295024
300726	-21.412975
300727	7.846938
300729	5.6616397
300730	6.1150155
300731	5.67975
300732	6.596776
300733	7.722628
300735	5.3224974
300736	-0.010379527
300737	4.3375726
300738	4.0850782
300739	6.4949307
300740	5.4668818
300741	9.994448
300743	8.517493
300745	5.576516
300746	12.179353
300747	5.3105555
300748	5.4900913
300749	11.139608
300750	9.084448
300751	3.5061564
300752	3.8797216
300753	11.132311
300755	4.595135
300756	5.3105435
300757	6.378715
300758	7.7388825
300759	4.4276237
300760	5.3101974
300761	4.9589634
300762	3.7245054
300763	-3.6550589
300765	-0.96047217
300766	10.51286
300767	6.4622717
300768	9.482384
300769	3.7218404
300770	5.603814
300771	10.583744
300772	4.7824383
300773	9.52846
300774	-20.512733
300775	9.787169
300776	4.3402505
300777	8.01573
300778	10.972219
300779	4.984039
300780	10.777259
300781	3.526846
300782	3.7191203
300783	7.1808834
300785	4.9346676
300786	8.068127
300787	5.6042066
300788	-42.780464
300789	3.9140885
300790	6.97464
300791	3.6628494
300792	-21.47766
300793	9.043462
300795	5.3099046
300796	7.911139
300797	7.9025826
300798	4.321627
300800	9.889421
300801	7.8901706
300802	4.1393714
300803	-8.193886
300804	10.979227
300805	7.9094234
300806	5.754666
300807	8.722675
300808	7.0772095
300809	8.731078
300810	9.415142
300811	-2.3499472
300812	2.0820081
300813	7.620197
300814	8.63566
300815	9.64239
300816	8.1141
300817	-21.420124
300818	3.7720962
300819	4.327652
300820	-2.2009196
300821	7.840659
300822	11.509901
300823	8.673734
300824	8.673339
300825	7.2233076
300826	9.4014225
300827	-11.655381
300828	-16.337765
300829	4.321532
300830	9.365121
300831	4.3279552
300832	5.200913
300833	5.4293647
300834	6.2193785
300835	6.957102
300836	-2.5262382
300837	4.3166366
300838	9.0899105
300839	6.360263
300840	4.33297
300841	7.1195307
300842	3.7191527
300843	8.07147
300844	5.3735733
300845	-12.238047
300846	11.262829
300847	8.4694805
300848	5.332047
300849	8.648619
300850	-8.92766
300851	9.482158
300852	3.9593208
300853	-21.54246
300854	8.926002
300855	3.721717
300856	3.5051568
300857	6.1848507
300858	7.5199656
300859	6.851823
300860	-30.63909
300861	10.431779
300862	8.312149
300863	-10.301203
300864	4.9575005
300865	7.893219
300866	5.2488976
300867	9.200925
300868	11.866331
300869	11.010007
300870	5.3924456
300871	5.50019
300872	5.8513327
300873	8.248601
300875	2.9271996
300876	5.4900913
300877	8.937675
300878	9.381272
300879	8.84519
300880	8.217285
300881	8.330313
300882	6.760968
300883	8.916645
300884	11.152556
300885	9.481932
300886	10.602215
300887	5.384048
300888	3.7255282
300889	10.880379
300890	10.951377
300891	9.469821
300892	8.066018
300893	5.6201587
300894	7.07275
300895	4.012098
300896	7.15442
300897	-21.405937
300898	8.065803
300899	7.307823
300900	8.696814
300901	9.561135
300902	7.070241
300903	7.8287787
300904	6.5276356
300905	7.742176
300906	6.536004
300907	6.5161586
300908	5.3101006
300909	6.5152383
300910	3.4857154
300911	7.006932
300912	6.6921773
300913	5.313396
300915	3.7947662
300916	7.150969
300917	8.020442
300918	6.9509106
300919	7.757094
300920	7.059062
300921	8.297519
300922	4.3923407
300923	9.315998
300925	6.86662
300926	6.6828265
300927	6.9967747
300928	8.066655
300929	11.2747135
300930	6.724164
300931	8.919383
300932	-0.8833217
300933	7.9375105
300935	11.302099
300936	7.150969
300937	7.486703
300938	5.3107934
300939	2.4350302
300940	10.97706
300941	9.20025
300942	5.945999
300943	9.01285
300945	8.585734
300946	5.269856
300947	4.0927873
300948	8.269163
300949	-43.476955
300950	7.1473875
300951	4.370496
300952	8.588215
300953	7.7496066
300955	9.4874935
300956	6.8241944
300957	3.5278313
300958	6.538934
300959	8.90509
300960	9.449338
300961	8.236836
300962	8.153358
300963	6.054996
300964	4.2037024
300965	7.3768992
300966	8.177439
300967	10.357442
300968	12.214631
300969	3.8690758
300970	11.253801
300971	12.328381
300972	-20.214283
300973	7.42931
300975	7.967992
300976	-4.8623
300977	4.81438
300978	8.123779
300979	-8.033015
300980	5.6612678
300981	11.214561
300982	4.3213596
300983	9.630806
300984	5.473148
300985	-14.467875
300986	10.607907
300987	11.719672
300988	5.4100423
300989	9.002119
300990	4.5944996
300991	8.124575
300992	8.836565
300993	8.374191
300994	7.9925914
300995	5.615984
300996	8.479369
300997	5.3524194
300998	8.041867
300999	7.5111513
301000	6.7632875
301001	-0.5625425
301002	6.876197
301003	5.310463
301004	5.325751
301005	8.0910015
301006	10.093556
301007	8.170254
301008	7.472379
301009	12.233577
301010	10.5311575
301011	9.449644
301012	9.732943
301013	8.548832
301015	4.898903
301016	9.482137
301017	7.9559236
301018	8.272926
301019	5.2085314
301020	8.870463
301021	10.972224
301022	7.887286
301023	6.672613
301024	1.7933034
301025	8.065615
301026	6.2779145
301027	9.09367
301028	10.047749
301029	8.224167
301030	6.039812
301031	4.4516973
301032	8.361026
301033	-0.10117847
301035	7.186286
301036	7.317792
301037	7.954623
301038	7.7824345
301039	4.375853
301040	0.44816864
301041	8.731969
301042	1.806917
301043	10.805704
301045	7.0597425
301046	9.8819275
301047	6.7989373
301048	9.713701
301049	9.496541
301050	3.512614
301051	-3.1486316
301052	11.177298
301053	8.033676
301055	9.225277
301056	4.936523
301057	10.639502
301058	4.3214827
301059	7.593511
301060	8.843668
301061	-17.888771
301062	8.327114
301063	9.777973
301065	9.4667225
301066	11.10668
301067	-2.4620883
301068	8.101875
301069	5.4970756
301070	4.183928
301071	3.5333445
301072	5.054187
301073	6.08249
301075	9.481415
301076	5.4970756
301077	5.232385
301078	7.4772954
301079	9.221338
301080	0.4709821
301081	10.568136
301082	6.8986235
301083	4.31339
301085	4.2182035
301086	-32.226875
301087	4.0078583
301088	8.233475
301089	4.067253
301090	4.3213544
301091	1.7340864
301092	4.1369095
301093	9.015022
301095	3.7164373
301096	5.813192
301097	-14.53949
301098	11.225417
301099	6.2440243
301100	11.224645
301101	-30.434504
301102	9.82422
301103	9.268278
301105	10.015957
301106	5.587836
301107	6.438362
301108	6.3765078
301109	8.4994335
301110	8.051286
301111	9.6206255
301112	12.543928
301113	9.033962
301115	6.4619155
301116	9.40435
301117	11.268095
301118	10.627953
301119	8.560983
301120	7.726666
301121	-7.6980195
301122	8.21582
301123	7.0717354
301125	8.535645
301126	7.984236
301127	8.97814
301128	5.3610144
301129	4.697972
301130	9.675898
301131	4.8631425
301132	7.1932635
301133	7.4489255
301135	5.263468
301136	9.482158
301137	8.988747
301138	6.3243165
301139	7.685196
301141	6.978371
301148	9.215756
301149	4.3215804
301150	6.127798
301151	10.72682
301152	11.164535
301153	3.513629
301155	7.9903426
301156	7.093435
301157	9.105954
301158	8.89955
301159	7.1102405
301160	3.8963675
301161	6.383579
301162	7.2226696
301163	9.823772
301165	2.8063848
301166	9.480695
301167	11.272934
301168	8.0690975
301169	9.494452
301170	8.043039
301171	10.239061
301172	-19.06513
301175	7.4094176
301176	7.520703
301177	7.987643
301178	7.4212303
301179	3.5072007
301180	7.4246716
301181	7.1881766
301182	6.9686255
301183	-4.1993127
301185	10.002901
301186	7.355658
301187	5.523009
301188	8.080761
301189	9.404676
301190	8.679651
301191	-4.449809
301192	6.4547515
301193	6.04448
301195	4.605627
301196	7.757094
301197	8.418976
301198	11.302177
301199	12.299449
301200	9.423647
301201	9.148612
301202	7.45895
301203	7.0091567
301205	3.5071476
301206	9.535797
301207	7.605662
301208	6.2142215
301209	10.582045
301210	10.901369
301211	10.886768
301212	7.3588142
301213	9.295455
301215	5.496256
301216	8.855588
301217	7.061072
301218	8.889504
301219	3.7616632
301220	4.3341165
301221	7.060798
301222	4.3425336
301223	8.163503
301225	7.01829
301226	2.083909
301227	9.15052
301228	6.9765234
301229	5.479554
301230	9.435913
301231	7.477203
301232	-4.888535
301233	-1.7477764
301234	11.134316
301235	8.168312
301236	5.363505
301237	4.4254384
301238	6.846245
301239	4.195809
301246	4.2613697
301248	6.4417367
301251	9.6855
301252	3.5253122
301255	6.9689813
301256	8.540779
301257	5.401764
301258	8.099303
301259	11.134698
301260	6.462992
301261	5.7303143
301262	10.67803
301263	8.736932
301265	9.99047
301266	8.59322
301267	5.497076
301268	7.1314793
301269	7.2973886
301270	-13.298404
301272	5.4970484
301273	8.916684
301276	4.321355
301277	9.79628
301278	4.591979
301279	10.987293
301280	7.477482
301281	6.808084
301282	11.44871
301283	4.241064
301285	8.221954
301286	11.95162
301287	9.917213
301288	7.4015484
301289	6.4283338
301290	6.679924
301291	5.4662714
301292	4.3396983
301293	3.7191203
301295	8.492593
301296	6.6549163
301297	7.9293346
301298	6.1876135
301299	3.719144
301300	8.070004
301301	7.9958234
301302	11.1917305
301303	9.298491
301305	10.90866
301306	5.4441576
301307	4.3253293
301308	4.03435
301309	6.466066
301310	6.454599
301311	5.5019493
301312	-1.9985442
301313	9.493824
301314	-14.79279
301315	7.8459525
301316	-17.087818
301317	10.693612
301318	2.5088875
301319	8.77858
301320	8.481881
301321	6.4939437
301322	3.72398
301323	6.4623065
301325	3.71912
301326	7.2384863
301327	-5.815111
301328	6.068296
301329	7.4012184
301330	7.073626
301331	-1.8642324
301332	7.834055
301333	2.5556464
301335	11.155425
301336	7.1209955
301337	9.438319
301338	4.5286913
301339	10.888063
301345	3.7191784
301348	8.097357
301349	3.7191203
301353	6.9895363
301355	10.623791
301356	10.6447115
301357	6.3581204
301358	5.4927163
301359	9.69527
301360	2.5787838
301361	4.2485886
301362	7.3296075
301363	11.03202
301365	11.10072
301366	-36.18762
301367	-1.4014653
301368	5.1272416
301369	-10.301216
301370	6.5571723
301371	7.2621713
301372	5.1467433
301373	8.057535
301376	6.8400264
301377	8.596975
301378	5.47491
301379	9.405906
301380	-1.5502117
301381	8.578145
301382	-20.82812
301383	0.9279035
301386	6.6100616
301387	5.151042
301388	8.1314335
301389	7.1161017
301390	6.439733
301391	3.7191863
301393	6.8109856
301395	7.307619
301396	9.327208
301397	2.4394715
301398	3.118331
301399	9.92454
301408	9.72777
301413	5.9461226
301418	6.4652705
301419	7.1130576
301421	3.876449
301428	6.839662
301429	5.7836466
301439	7.530756
301446	11.196076
301448	7.5510697
301456	5.846433
301459	4.746169
301468	7.8672047
301469	8.069552
301486	9.265551
301487	10.6804
301488	6.383535
301489	4.250375
301498	5.2678413
301499	9.344219
301500	3.5763173
301502	-13.153213
301503	6.942179
301505	7.910141
301507	7.740881
301508	6.75211
301509	4.4598026
301510	8.506112
301511	8.059605
301512	5.5736046
301515	8.5572195
301516	4.242661
301517	7.120888
301518	8.069427
301519	7.2964735
301520	4.7362776
301525	3.7191203
301526	6.073109
301528	2.4248164
301529	5.3794312
301533	5.05294
301536	1.9707057
301538	5.2610955
301548	4.312325
301550	-31.814932
301555	4.987615
301558	10.678991
301559	8.051714
301566	7.8582582
301567	6.7467394
301568	-42.44771
301577	2.3245478
301578	-21.071838
301587	5.0858154
301588	4.32135
301589	2.3184395
301591	7.8936057
600000	7.0328526
600004	4.663205
600006	8.06977
600007	5.1537333
600008	9.120533
600009	7.336046
600010	-1.9635806
600011	3.7191203
600012	4.8221855
600015	4.804935
600016	4.015717
600017	8.482104
600018	-0.94808745
600019	5.505654
600020	-16.820692
600021	4.321432
600022	10.681588
600023	7.9165874
600025	2.8225956
600026	9.482159
600027	8.417441
600028	2.1031818
600029	9.267468
600030	3.1298754
600031	10.482692
600032	7.8591175
600033	10.674672
600035	9.408307
600036	8.037731
600037	-1.4052564
600038	9.547143
600039	5.3098125
600048	3.7191203
600050	-4.43882
600051	9.543761
600052	5.9853477
600053	8.162034
600054	5.143636
600055	9.73808
600056	8.998253
600057	3.5260427
600058	4.3665614
600059	6.38843
600060	5.2304955
600061	9.160279
600062	3.3960252
600063	3.7218847
600064	9.800442
600066	2.6197705
600067	-4.325994
600070	-16.807919
600071	1.3382211
600072	3.7058384
600073	10.4743185
600075	7.690544
600076	8.396435
600078	3.9472485
600079	-10.305998
600080	9.843654
600081	6.2495008
600082	8.307403
600083	9.157722
600084	7.2377143
600085	6.617071
600088	4.5182123
600089	4.562748
600094	8.632116
600095	10.714945
600096	-9.326003
600097	9.4971895
600098	6.327188
600099	9.935821
600100	3.7425904
600101	4.5977674
600103	10.601994
600104	5.3105845
600105	2.582504
600106	5.7714586
600107	7.7182236
600108	10.6692705
600109	5.991585
600110	4.648781
600111	8.090313
600113	-21.608435
600114	-1.789497
600115	7.8958697
600116	7.0643597
600117	8.127876
600118	5.1427197
600119	9.267207
600120	9.829013
600121	11.597779
600123	3.916125
600125	4.308173
600126	8.00844
600127	8.919585
600128	9.370389
600129	3.719123
600130	9.59115
600131	-1.5828553
600132	5.309947
600133	5.780494
600135	8.419386
600136	7.134922
600137	9.802301
600138	4.021657
600141	0.46802947
600143	6.0679154
600148	6.2637925
600149	8.055835
600150	5.4443827
600151	9.639247
600152	9.727138
600153	3.720966
600155	9.837883
600156	9.489488
600157	4.90004
600158	5.5795116
600159	9.09339
600160	7.9652486
600161	9.16043
600162	7.860226
600163	5.492257
600165	9.493405
600166	9.264534
600167	1.051749
600168	8.48207
600169	7.4059143
600170	5.5059514
600171	-7.154861
600172	8.352017
600173	4.150292
600176	6.5256844
600177	1.3113737
600178	8.068344
600179	9.030883
600180	7.071187
600182	9.978274
600183	5.5679574
600184	10.099223
600185	5.7655706
600186	5.1731772
600187	-34.25276
600188	5.309903
600189	9.481741
600190	7.3905015
600191	5.052874
600192	8.687622
600193	6.5348177
600195	3.7234142
600196	9.202344
600197	5.431431
600198	9.443638
600199	7.5230365
600200	-2.6407564
600201	3.7232292
600202	9.370573
600203	6.478003
600206	7.3692117
600207	9.081489
600208	10.625243
600210	3.98822
600211	-33.05818
600212	8.070704
600215	5.492872
600216	-10.301087
600217	10.98302
600218	8.375869
600219	8.230582
600221	9.393125
600222	9.989776
600223	9.387655
600225	4.3276753
600226	-0.2195201
600227	11.032267
600228	8.941982
600229	7.8845515
600230	9.017137
600231	1.1968303
600232	10.220446
600233	-10.728122
600234	10.645178
600235	7.009109
600236	5.152684
600237	6.6471047
600238	6.4652567
600239	8.173606
600241	5.6213512
600243	9.909462
600246	-18.234688
600248	2.6613932
600249	8.192658
600250	6.7281966
600251	3.6245468
600252	6.809567
600255	8.751661
600256	10.437218
600257	6.5912857
600258	7.601724
600259	7.745516
600261	9.09997
600262	8.128908
600265	8.06953
600266	7.789535
600267	-3.912967
600268	10.305097
600269	2.699432
600271	7.6614895
600272	6.8005867
600273	9.6558275
600276	10.156431
600278	-3.6484418
600279	8.660498
600280	8.722985
600281	12.176477
600282	3.7218795
600283	5.329767
600284	5.3135023
600285	-22.42133
600287	9.744969
600288	10.243666
600289	7.861285
600292	10.361545
600293	6.4694543
600295	5.330632
600298	8.450014
600299	6.6746397
600300	9.268325
600301	7.206371
600302	9.487249
600303	4.3105526
600305	8.869267
600307	6.4724183
600308	7.99614
600309	5.31003
600310	7.0107594
600312	3.823396
600313	8.858575
600315	3.9237816
600316	-12.992643
600318	8.072416
600319	9.715512
600320	7.2447066
600322	10.231968
600323	5.5581846
600325	3.827892
600326	-40.442165
600327	7.82858
600328	-10.731943
600329	3.71498
600330	5.619587
600331	3.9954317
600332	8.585148
600333	9.352503
600335	10.580724
600336	8.5058
600337	5.8245525
600338	11.87319
600339	9.583551
600340	10.791781
600343	10.876046
600345	8.0695505
600346	8.818571
600348	3.7486477
600350	-29.818205
600351	9.365153
600352	6.3153653
600353	3.7192621
600354	8.320199
600355	12.076395
600356	-0.8655009
600358	-16.892025
600359	9.71247
600360	9.334125
600361	7.100988
600362	9.801967
600363	3.7191203
600365	6.5484166
600366	-13.265703
600367	6.923172
600368	4.3941755
600369	8.795318
600370	7.7339225
600371	8.8614645
600372	8.948173
600373	6.880113
600375	9.542207
600376	8.903561
600377	5.436064
600378	9.871031
600379	10.381704
600380	7.1446533
600381	11.322944
600382	7.8245363
600383	-12.124425
600386	10.903399
600387	10.778548
600388	8.383251
600389	3.183419
600390	9.746864
600391	5.6206784
600392	5.2316885
600395	-1.4041679
600396	8.053152
600397	9.885929
600398	5.820697
600399	8.042936
600400	8.828414
600403	7.7791452
600405	9.3772545
600406	5.824016
600408	4.342426
600409	5.313425
600410	7.7164273
600415	-37.63411
600416	6.2335258
600418	1.9974723
600419	10.141303
600420	-7.6242695
600421	6.709072
600422	5.896655
600423	9.077119
600425	9.467217
600426	5.311334
600428	5.2344003
600429	9.763192
600433	3.643639
600435	-2.3904014
600436	10.38195
600438	1.7769661
600439	-8.984609
600444	7.124027
600446	8.222382
600448	9.29058
600449	0.9209515
600452	3.6053715
600455	5.572116
600456	7.385169
600458	3.7238429
600459	6.593661
600460	6.527337
600461	-12.399297
600462	9.471784
600463	6.929904
600467	8.481402
600468	6.6458282
600469	6.480322
600470	9.400582
600475	9.698002
600476	9.69924
600477	6.720677
600478	3.723428
600479	4.352408
600480	5.5359697
600481	4.07217
600482	7.492198
600483	3.71912
600486	3.71921
600487	3.612564
600488	11.137869
600489	-0.915568
600490	7.7328653
600491	7.0932736
600493	10.48937
600495	9.550545
600496	10.366983
600497	5.063813
600498	3.7179554
600499	5.3107276
600500	10.02639
600501	4.7952256
600502	-18.545214
600503	9.2279625
600505	5.160968
600506	6.777116
600507	7.0001802
600508	3.7191236
600509	11.337223
600510	7.605947
600511	4.226849
600512	10.486536
600513	4.343691
600515	7.9651875
600516	7.413888
600517	9.347961
600518	6.849014
600519	6.3516855
600520	-37.390083
600521	2.4139724
600522	5.311105
600523	8.488253
600525	-1.3003511
600526	5.7336516
600527	7.4865603
600528	9.646527
600529	3.9237576
600530	11.291995
600531	5.994908
600533	7.4059687
600535	3.9104066
600536	5.4322176
600537	4.9151397
600538	4.464876
600539	1.2481989
600540	9.898776
600543	9.695971
600545	7.9159427
600546	3.7191203
600547	-1.5741993
600548	7.23614
600549	4.0125675
600550	4.133488
600551	-32.031216
600552	1.9394721
600556	10.980425
600557	3.7191758
600558	9.058635
600559	-1.4020774
600560	3.72816
600561	11.155172
600562	3.8783746
600563	5.3417354
600566	-18.119745
600567	11.677395
600568	11.190141
600569	7.092532
600570	3.7342207
600571	3.7716053
600572	4.6401863
600573	9.351828
600575	9.7276535
600576	10.432965
600577	-6.16516
600578	6.7324185
600579	9.065055
600580	4.8275237
600581	9.201579
600582	3.7250566
600583	-2.606533
600584	3.809496
600585	3.7192693
600586	7.322044
600587	-3.4174945
600588	4.2191887
600589	6.453647
600590	9.61122
600592	12.748304
600593	6.5392203
600594	5.2921906
600595	7.866316
600596	7.924125
600597	6.687874
600598	9.532451
600599	-15.126265
600600	3.7191594
600601	8.315383
600602	3.719121
600603	3.7168474
600604	7.1308403
600605	-2.7344737
600606	6.729397
600608	-10.301081
600609	5.0663133
600610	5.3100567
600611	-11.35078
600612	5.3099504
600613	2.5255394
600615	1.2223766
600616	8.617781
600617	9.080948
600618	5.3101106
600619	8.203595
600620	7.7504435
600621	7.202646
600622	3.72463
600623	9.233556
600624	8.635219
600626	5.0688543
600628	9.427722
600629	6.170883
600630	9.3786545
600633	-1.5024616
600635	-10.3011055
600636	-10.313472
600637	-12.590055
600638	-3.062836
600639	7.380756
600640	1.1246815
600641	5.309889
600642	10.829512
600643	9.644699
600644	4.7362547
600645	3.6612225
600648	-17.076069
600649	4.7221365
600650	-6.9778514
600651	8.290279
600653	-0.43336174
600654	4.676092
600655	9.484877
600657	5.7837796
600658	6.4788513
600660	2.638169
600661	-30.43506
600662	-0.062970616
600663	5.260314
600664	3.5502136
600665	6.8318996
600666	9.309832
600667	5.5311713
600668	-1.7377676
600671	7.632854
600673	5.4888906
600674	5.401977
600675	6.913785
600676	-7.1533785
600678	9.463327
600679	9.29191
600681	9.165121
600682	6.3081584
600683	9.765532
600684	4.976336
600685	5.309904
600686	-11.524651
600688	5.6314454
600689	10.471029
600690	3.7192225
600691	5.7629027
600692	7.1645956
600693	8.404986
600694	3.7206912
600696	9.482164
600697	10.188767
600698	7.7900877
600699	6.6456137
600702	4.2633095
600703	5.309809
600704	-18.128464
600705	7.855028
600706	7.087087
600707	9.919343
600708	9.864795
600710	3.8903804
600711	5.9085655
600712	9.613474
600713	0.48014987
600714	9.611186
600715	9.602929
600716	4.640343
600717	9.533999
600718	5.4017735
600719	4.8917766
600720	7.029469
600721	8.348481
600722	7.448675
600724	8.530961
600725	6.895251
600726	8.692355
600727	-5.238427
600728	10.044905
600729	3.7053251
600730	10.309038
600731	9.66139
600732	6.965212
600733	5.917159
600734	9.350306
600735	4.755816
600736	8.943128
600737	3.7326157
600738	7.420007
600739	3.7257612
600740	5.435703
600741	4.9239025
600742	10.015763
600743	9.138197
600744	5.468773
600745	5.309962
600746	6.779487
600748	8.912271
600749	6.346646
600750	6.162801
600751	12.309845
600753	10.828889
600754	-0.65207696
600755	3.721029
600756	7.261289
600757	-35.619923
600758	9.834425
600759	4.321754
600760	6.4900126
600761	3.719117
600763	0.21904434
600764	-4.1262984
600765	3.7240438
600768	9.508334
600769	4.692602
600770	9.761167
600771	3.7193604
600773	-8.563582
600774	3.576424
600775	9.290724
600776	-2.0446944
600777	6.976072
600778	-17.031122
600779	3.727918
600780	5.312352
600782	5.320437
600783	8.4031
600784	3.5988767
600785	3.5738502
600787	9.666815
600789	10.6347065
600790	6.3674326
600791	10.411934
600792	9.333134
600793	8.163813
600794	7.311515
600795	6.6615868
600796	3.7225757
600797	5.479711
600798	5.259992
600800	6.9486766
600801	3.621646
600802	6.743142
600803	6.4386783
600804	9.4960165
600805	6.5955386
600807	11.2835045
600808	6.487635
600809	5.91061
600810	4.6668496
600811	-20.883394
600812	9.482332
600814	10.055131
600815	6.910228
600816	5.3198547
600817	-32.504436
600818	5.990205
600819	9.394166
600820	-12.588119
600821	8.861415
600822	10.186822
600824	8.293864
600825	-12.658014
600826	10.25658
600827	9.177392
600828	9.482166
600829	8.990452
600830	2.8884282
600831	5.720338
600833	3.5882287
600834	11.320754
600835	1.8371074
600837	8.21948
600838	6.659164
600839	-11.666011
600841	7.718566
600843	10.905921
600844	6.8383856
600845	6.2804103
600846	-1.1789267
600847	6.705775
600848	7.461245
600850	5.3403316
600851	2.8241107
600853	10.171178
600854	8.821509
600855	11.01352
600857	6.773716
600858	11.979872
600859	7.0547647
600860	8.710402
600861	3.71912
600862	4.9944606
600863	3.7192616
600864	9.627632
600865	9.893273
600866	5.0003824
600867	6.489894
600868	2.083145
600869	-15.920558
600871	9.48216
600872	6.9542217
600873	5.626255
600874	6.8396764
600875	3.7191362
600876	4.4991226
600877	5.311999
600879	10.31871
600880	-28.483688
600881	-10.467297
600882	8.398616
600883	9.272754
600884	3.719121
600885	3.7285304
600886	5.18842
600887	5.310003
600888	3.8988671
600889	9.710557
600892	2.4521642
600893	10.314926
600894	4.296938
600895	4.8278337
600897	8.724126
600898	-18.474373
600900	7.9265265
600901	4.32553
600903	9.288532
600905	9.481136
600906	10.129596
600908	-0.33533075
600909	8.7384815
600916	8.0293455
600917	7.8849087
600918	10.049626
600919	-12.251972
600925	8.554618
600926	11.312455
600927	9.018703
600928	9.579677
600929	6.4173946
600933	5.4830747
600935	8.37405
600936	9.4439125
600938	5.413721
600939	9.353682
600941	2.299024
600955	7.7899466
600956	6.5602713
600958	9.4776325
600959	9.466761
600960	8.160794
600961	6.5063505
600962	9.578801
600963	8.486591
600965	4.1538596
600966	4.536458
600967	4.8459783
600968	7.0900903
600969	7.89865
600970	3.4470732
600971	3.7191646
600973	9.034669
600975	5.041251
600976	3.775913
600977	6.100919
600979	4.3318987
600980	10.5168295
600981	8.260798
600982	6.08151
600983	7.721919
600984	9.06554
600985	3.7191951
600986	8.728921
600987	3.726898
600988	5.128639
600989	6.9667387
600990	10.845733
600992	5.5025954
600993	3.3000221
600995	3.966287
600996	9.4613905
600997	5.293697
600998	8.797179
600999	-17.539915
601000	2.1500905
601001	3.7220147
601002	11.277901
601003	9.786721
601005	10.201988
601006	9.977239
601007	9.982267
601008	7.401435
601009	9.967069
601010	8.036607
601011	11.347163
601012	7.733373
601015	9.355258
601016	4.2786894
601018	3.7093267
601019	-0.48302016
601020	7.620348
601021	5.3080378
601022	4.321834
601028	6.466631
601033	4.330747
601038	4.2968993
601058	-1.9672015
601059	6.4856105
601061	12.29359
601065	4.5681715
601066	9.106094
601068	8.3781805
601069	3.910969
601077	9.613561
601083	4.32173
601086	8.340437
601088	6.4216547
601089	9.465647
601096	4.3228917
601098	-0.05789976
601099	9.86127
601100	9.20286
601101	-4.3520555
601106	7.4102316
601107	-26.41544
601108	9.916361
601111	8.767519
601113	9.305666
601116	9.381693
601117	4.6072474
601118	0.18198743
601121	4.32205
601126	9.768489
601127	6.320551
601128	6.855286
601133	4.3257775
601136	9.084493
601137	7.0727696
601138	6.8663764
601139	8.536564
601155	6.8475122
601156	4.3116183
601158	9.826012
601162	8.750237
601163	4.0477724
601166	5.802305
601168	7.1022134
601169	9.482598
601177	11.832754
601179	7.0403576
601186	9.525483
601187	9.422278
601188	9.787919
601198	8.808146
601199	-0.6358277
601200	-2.2103922
601208	7.4089174
601211	8.540647
601212	8.3724785
601216	8.024092
601218	11.009871
601222	-35.198727
601225	8.904359
601226	10.095738
601228	8.303307
601229	-23.250387
601231	5.8648257
601233	3.4996781
601236	9.78895
601238	5.43885
601279	4.321393
601288	1.2231307
601298	-1.9399394
601311	6.459663
601318	-5.048792
601319	4.6493497
601326	9.481952
601328	-15.670478
601330	8.085688
601333	9.48079
601336	2.1202328
601339	7.9332614
601360	5.189097
601366	7.3134117
601368	9.412322
601369	6.923977
601375	9.54196
601377	10.12408
601388	8.768119
601390	8.694508
601398	2.465739
601399	9.788601
601456	10.322574
601500	6.5150614
601512	9.443328
601515	7.7771497
601518	8.137807
601519	10.03008
601528	9.365207
601555	8.344347
601566	5.1465626
601567	5.0496225
601568	10.266395
601577	-0.88973343
601579	8.9173355
601588	8.048203
601595	6.814984
601598	6.4649715
601599	8.398528
601600	7.7731204
601601	7.7184296
601606	8.95978
601607	-14.707647
601608	9.804818
601609	6.464937
601611	6.662412
601615	6.1364255
601616	7.32503
601618	9.453969
601619	4.733981
601628	8.349883
601633	5.1572003
601636	4.3214426
601658	4.179883
601665	8.325991
601666	7.7897058
601668	-16.926504
601669	1.1068903
601677	7.0865784
601678	5.0197086
601686	8.118707
601688	7.8169355
601689	3.7192423
601696	7.780799
601698	11.708457
601699	3.7191203
601700	8.393342
601702	7.790172
601717	7.745531
601718	10.631538
601727	9.344076
601728	10.503548
601766	-18.308516
601777	6.3704805
601778	8.865378
601788	10.92685
601789	4.6751084
601798	10.658773
601799	5.389656
601800	8.804285
601801	-13.194365
601808	6.4663534
601811	-24.449163
601816	10.623023
601818	8.833154
601825	-1.5261868
601827	6.2290697
601828	4.3278933
601838	9.122288
601857	6.505385
601858	4.981525
601860	8.724128
601865	4.3235884
601866	5.022605
601868	10.539442
601869	7.606697
601872	1.361924
601877	5.0427413
601878	9.399381
601880	8.64298
601881	9.655322
601882	4.321355
601886	5.490265
601888	3.7901986
601890	5.9896026
601898	9.77398
601899	-4.7347107
601900	-2.0733252
601901	4.3217487
601908	6.68474
601916	9.132614
601918	7.679795
601919	6.8746448
601921	-20.82751
601928	-16.1562
601929	11.12141
601933	8.489305
601939	-21.677809
601949	9.307469
601952	9.482036
601956	8.979914
601958	7.7889123
601963	8.3764715
601965	7.0721455
601966	4.321429
601968	7.992681
601969	7.350806
601975	6.4547687
601985	9.363498
601988	2.6081228
601989	9.312944
601990	9.764594
601991	4.3213515
601992	6.486325
601995	6.504518
601996	8.104006
601997	8.951355
601998	6.6501474
601999	1.5977263
603000	3.7191267
603001	9.843712
603002	4.3213506
603003	7.4779024
603004	9.403595
603005	3.7484727
603006	9.468426
603007	10.75251
603008	7.1108804
603009	4.3207507
603010	6.6047945
603011	9.421575
603012	9.351851
603013	4.5441
603015	9.191432
603016	10.708923
603017	5.324172
603018	3.7177227
603019	6.3980584
603020	4.291237
603021	9.485763
603022	8.8973055
603023	8.799277
603025	5.310083
603026	5.524729
603027	9.811816
603028	12.2616
603029	5.5849624
603030	8.566712
603031	4.3124685
603032	11.322882
603033	5.3098755
603035	8.053218
603036	7.0100007
603037	8.288994
603038	9.443997
603039	5.209768
603040	5.420851
603041	7.3700094
603042	9.427655
603043	5.815843
603045	7.247665
603048	5.0394225
603050	-3.8825557
603051	8.502647
603052	2.4019017
603053	4.3213506
603055	9.530903
603056	7.887848
603057	9.822732
603058	8.138269
603059	11.19539
603060	5.2915416
603061	5.4523296
603062	6.4124
603063	5.497088
603065	8.751519
603066	-22.031492
603067	9.442661
603068	8.065777
603069	8.689841
603070	8.092217
603071	5.491516
603073	5.5093017
603075	5.7326493
603076	5.452946
603077	9.33738
603078	6.7599154
603079	9.592239
603080	10.742952
603081	8.088845
603082	10.395951
603083	3.6825457
603085	7.1043763
603086	6.0057387
603087	6.938185
603088	4.4493985
603089	8.61895
603090	5.469081
603093	11.422125
603095	11.1761675
603096	5.962912
603097	4.32135
603098	5.058382
603099	-21.230787
603100	8.820851
603101	10.284862
603102	8.311434
603103	5.502444
603105	4.3214393
603106	9.879536
603107	9.458938
603108	3.7287855
603109	7.877672
603110	7.1246457
603111	7.829727
603112	10.026193
603113	4.327826
603115	4.41508
603116	9.715276
603117	6.68238
603118	7.682284
603119	4.331155
603121	8.465189
603122	2.7524838
603123	9.479745
603125	5.497075
603126	8.763374
603127	4.400268
603128	9.774019
603129	5.317958
603130	4.9282126
603131	4.316298
603132	6.4628716
603135	7.9988
603136	5.30725
603137	7.4914026
603138	10.868346
603139	9.201322
603150	10.349765
603151	6.6813054
603153	6.0778394
603155	9.125438
603156	8.696971
603158	7.1029177
603159	10.514066
603160	-2.3221204
603161	5.4979753
603162	8.069983
603163	9.721477
603165	6.874355
603166	10.1977825
603167	4.3309464
603168	7.1331882
603169	2.4493825
603170	8.208919
603171	8.074923
603172	-26.686562
603173	7.1103606
603176	9.2965555
603177	8.788546
603178	8.005289
603179	3.7191203
603180	7.3040686
603181	7.158312
603182	6.843872
603183	10.380442
603185	3.5061476
603186	12.024225
603187	4.837864
603188	8.999227
603189	9.417062
603190	4.32144
603191	4.32135
603192	9.430586
603193	7.023341
603195	5.271945
603196	9.474846
603197	7.150969
603198	-1.2122548
603199	-26.795483
603200	8.200979
603201	4.901855
603203	5.316592
603206	6.4862943
603208	-1.6265533
603209	-21.838678
603211	10.972206
603212	4.9817553
603213	4.894221
603214	5.4933867
603215	8.659173
603216	9.216079
603217	8.882912
603218	11.338152
603219	11.171163
603220	7.42672
603221	7.2349553
603222	9.552738
603223	-26.325583
603225	4.2127404
603226	6.9324756
603227	10.873662
603228	7.0819125
603229	10.289376
603230	-2.887643
603231	4.2982516
603232	-3.3529305
603233	8.524828
603235	9.892313
603236	2.8209481
603237	4.3316474
603238	8.51245
603239	5.2029347
603255	9.347206
603256	7.1125693
603258	5.7725163
603259	-0.40024567
603260	8.929191
603261	5.709499
603266	7.9014244
603267	-1.871103
603268	11.564212
603269	4.3214936
603270	5.5133386
603272	10.462565
603273	5.49708
603275	5.6204762
603276	4.9697146
603277	5.0198383
603278	4.565495
603279	4.492955
603280	8.989256
603281	2.219617
603282	8.065615
603283	3.7902777
603286	10.397601
603288	11.8627
603289	7.915552
603290	3.0508316
603291	5.1506534
603296	7.1509748
603297	3.24263
603298	-3.0471275
603299	4.162458
603300	5.823413
603301	5.311059
603303	4.4594088
603305	5.4970756
603306	6.796016
603307	3.996307
603308	4.3285995
603309	7.4295044
603311	9.286614
603312	10.430893
603313	5.4900923
603315	8.959072
603316	9.953797
603317	5.4830747
603318	6.8292766
603319	7.965098
603320	8.516706
603321	6.4706244
603322	7.715001
603323	8.814864
603324	1.7924262
603325	7.073875
603326	7.4843583
603327	6.780008
603328	7.0710516
603329	7.0687733
603330	6.6869426
603331	9.019792
603332	7.975608
603333	6.65619
603335	4.7888284
603336	9.476766
603337	3.5316823
603338	5.3100543
603339	10.68586
603341	1.8747101
603344	4.3214345
603345	7.055204
603348	9.730872
603351	-1.3733894
603353	8.599125
603355	5.941636
603356	9.306415
603357	4.837237
603358	3.8905306
603359	9.444691
603360	-36.930397
603363	4.3213563
603365	4.329522
603366	9.245658
603367	10.7250595
603368	3.730322
603369	3.716115
603373	5.8846545
603375	2.038427
603377	10.3224745
603378	9.716746
603379	7.6894975
603380	7.0733523
603383	3.7175534
603385	6.960947
603386	8.066675
603387	10.711675
603388	8.484681
603389	11.17877
603390	11.197127
603392	9.983176
603393	3.8657846
603396	5.308819
603398	4.548702
603399	6.894214
603408	4.549862
603416	-4.9950366
603421	7.0391707
603429	6.4750447
603439	6.466033
603444	2.0736713
603456	3.7191288
603458	9.775342
603466	2.1416364
603477	5.1480045
603486	5.311193
603488	9.040636
603489	9.587877
603496	4.013789
603499	8.57176
603500	4.3213515
603501	5.085779
603505	5.32556
603506	4.327356
603507	7.608284
603508	1.8085371
603511	7.78825
603515	6.46718
603516	4.735787
603517	8.560247
603518	4.32135
603519	6.501179
603520	4.246491
603527	6.053454
603528	6.645427
603529	5.4252787
603530	6.453601
603533	4.22298
603535	7.0011616
603536	7.854277
603538	7.7697883
603551	1.131423
603556	7.8671904
603557	-8.001229
603558	4.3855777
603559	-15.475543
603565	6.1272073
603566	7.79386
603567	2.9848104
603568	5.4082327
603569	4.3252068
603577	8.798773
603578	7.024996
603579	3.719117
603580	-6.2843
603583	3.5065274
603585	6.741363
603586	-22.664513
603587	8.635177
603588	5.4900923
603589	8.946032
603590	7.071077
603595	5.460378
603596	7.152085
603598	8.705491
603599	6.9586415
603600	6.4899707
603601	4.0455976
603602	-3.9579582
603605	7.985843
603606	5.403311
603607	9.993778
603608	-21.482243
603609	10.613034
603610	6.4422965
603611	3.9525328
603612	5.502496
603613	5.999982
603615	-13.336022
603616	7.4209795
603617	6.4554353
603618	8.505276
603619	9.008028
603626	10.192124
603628	10.668707
603629	3.9884405
603630	7.0401244
603633	7.487705
603636	5.121177
603637	10.357064
603638	-3.7016463
603639	3.1620388
603648	9.211723
603650	8.065882
603655	7.0805345
603656	7.0366044
603657	7.9933367
603658	3.7192
603659	3.71912
603660	7.7690935
603661	7.72732
603662	-10.645134
603663	6.9155364
603665	5.3050785
603666	-41.011356
603667	9.203995
603668	7.094817
603669	7.810159
603676	8.930805
603677	6.465164
603678	3.7191463
603679	11.220022
603680	8.061284
603681	5.419614
603682	4.3256006
603683	5.515298
603685	9.378484
603686	8.225922
603687	10.349892
603688	3.767158
603689	7.4335766
603690	6.6179714
603693	4.471032
603696	9.566777
603697	7.0186563
603698	8.962401
603699	6.5273957
603700	-16.953749
603701	-41.37916
603703	-13.501621
603706	8.934157
603707	9.117998
603708	5.923023
603709	8.083448
603711	4.427091
603712	7.239315
603713	7.1777377
603716	-0.3761072
603717	8.721304
603718	9.482157
603719	5.502702
603721	9.481987
603722	5.3180013
603725	7.101241
603726	10.51179
603727	7.0618405
603728	7.1464233
603729	9.374619
603730	5.3097353
603733	6.4649277
603737	3.7190032
603738	3.257597
603739	8.069472
603755	10.353974
603757	7.284566
603758	5.172034
603759	8.510925
603766	7.064855
603767	7.0719934
603768	11.104621
603773	3.7182703
603776	8.51629
603777	4.3764105
603778	4.7442017
603779	7.114838
603786	7.9866333
603787	4.8727527
603788	6.4722915
603789	6.8596935
603790	7.8933163
603797	11.279845
603798	6.9468756
603799	5.414199
603800	8.384365
603801	3.7168767
603803	10.37567
603806	4.5494843
603808	9.351514
603809	5.701031
603810	11.171412
603811	11.208043
603813	11.271194
603815	7.075358
603816	5.688505
603817	4.321047
603818	7.3571386
603819	4.6413555
603822	3.104446
603823	8.12832
603825	9.221522
603826	-11.519099
603828	9.766042
603829	7.031047
603833	10.080863
603836	6.449799
603838	4.462392
603839	8.688868
603843	10.728346
603848	6.593126
603855	5.234119
603856	11.9957075
603858	10.26365
603859	6.0427623
603860	7.918487
603861	6.466354
603863	8.745884
603866	10.501925
603867	5.4970737
603868	6.2836895
603869	11.912251
603871	-0.013125389
603876	6.5937037
603877	5.3278913
603878	4.321619
603879	7.171393
603880	12.177614
603881	8.006403
603882	8.244022
603883	4.944622
603885	3.6698778
603886	7.721186
603887	6.553589
603888	4.117019
603889	5.2327876
603890	8.33588
603893	3.5060623
603895	7.178012
603896	9.25992
603897	5.484577
603898	5.1686606
603899	4.9589634
603900	11.254802
603901	6.4013586
603903	7.430622
603906	5.4972258
603908	8.129814
603909	5.1478295
603912	4.219597
603915	6.776521
603916	8.470561
603917	6.8051815
603918	5.6323495
603919	5.4436636
603920	10.314345
603922	6.4984097
603926	7.0049977
603927	5.805722
603928	10.930544
603929	9.728381
603931	6.946724
603933	7.04377
603936	7.830685
603937	10.702217
603938	4.324886
603939	4.5942335
603948	7.940309
603949	5.4012384
603950	9.211494
603955	4.9752007
603956	6.478736
603958	11.191692
603959	8.375626
603960	6.14463
603963	9.77038
603966	11.137152
603967	7.3389773
603968	5.640678
603969	8.060358
603970	5.5560317
603976	10.825512
603977	4.358175
603978	8.597125
603979	4.563296
603980	11.1258
603982	5.146588
603983	5.581882
603985	3.7191176
603986	3.7245536
603987	11.141894
603988	-10.856006
603989	4.3156924
603990	6.8417006
603991	-10.374138
603992	7.1162987
603993	8.492174
603995	6.460516
603997	8.471383
603998	9.029654
603999	-15.392578
605001	8.737509
605003	6.4752836
605005	5.651562
605006	12.32481
605007	5.469415
605008	6.2173624
605009	6.667503
605011	8.069555
605016	5.4945483
605018	8.184789
605020	5.4184413
605028	7.710638
605033	5.4937935
605050	6.465147
605055	5.1481442
605056	6.9962964
605058	10.639212
605060	9.326777
605066	9.296301
605068	8.071416
605069	11.261641
605077	5.3186517
605080	4.3230186
605081	8.06953
605086	4.3253536
605088	7.0934258
605089	5.461919
605090	5.827898
605098	5.175436
605099	5.496977
605100	5.47822
605108	7.7628903
605111	3.7191186
605116	4.463583
605117	-11.449698
605118	9.942257
605122	6.4524117
605123	3.7195616
605128	4.811805
605133	6.160149
605136	7.9556637
605138	10.48455
605151	5.772784
605155	8.5478115
605158	5.355572
605162	7.7460256
605166	4.321451
605167	11.302241
605168	-0.71122926
605169	3.5122263
605177	11.170043
605178	-0.34143025
605179	5.87974
605180	6.4785843
605183	9.859101
605186	4.3213563
605188	8.321824
605189	8.614486
605196	4.3215933
605198	5.126644
605199	9.756072
605208	8.482068
605218	1.6886265
605222	8.535225
605228	8.067426
605255	-21.364883
605258	5.981958
605259	4.9928236
605266	3.5209334
605268	7.5259147
605277	8.246192
605286	7.51365
605287	7.1795483
605288	4.406396
605289	6.406604
605296	3.5061576
605298	7.7218137
605299	8.112282
605300	5.2844195
605303	6.830887
605305	3.5077035
605318	8.753906
605319	4.526411
605333	7.0541644
605336	6.4809446
605337	5.1325
605338	4.2170897
605339	7.236992
605358	5.7395725
605365	5.2557645
605366	8.285529
605368	-16.842686
605369	10.074118
605376	5.1535473
605377	4.287092
605378	8.213866
605388	4.3326592
605389	7.8437033
605398	-27.509266
605399	7.465706
605488	5.5477386
605499	9.592341
605500	5.5059323
605507	9.528004
605555	7.790454
605566	-14.022834
605567	9.406312
605577	7.495749
605580	6.5039477
605588	8.986242
605589	7.31513
605598	7.0038366
605599	5.609482
688001	5.7286234
688002	7.8700943
688003	10.115791
688004	11.213642
688005	7.0723343
688006	4.3195753
688007	7.063176
688008	1.2035629
688009	8.340576
688010	4.718425
688011	5.5203943
688012	2.1436443
688013	7.79236
688015	4.8421435
688016	3.5059965
688017	5.067248
688018	7.4300475
688019	5.309578
688020	-3.3564253
688021	6.933763
688022	6.453681
688023	7.52292
688025	3.8211544
688026	9.222785
688027	11.100485
688028	4.32147
688029	2.256291
688030	8.997093
688031	5.4970756
688032	-10.896938
688033	4.321358
688035	6.4582367
688036	2.500869
688037	4.981805
688038	6.5187182
688039	5.4974427
688041	5.4109817
688045	8.02959
688046	7.299175
688047	10.384511
688048	3.7189047
688049	11.176873
688050	1.9084547
688051	4.3302374
688052	8.33892
688053	6.4614143
688055	7.080113
688056	6.5220823
688057	1.8007396
688058	3.7768462
688059	1.1069461
688060	3.385722
688061	3.7474232
688062	5.499002
688063	8.89035
688065	5.3098216
688066	5.130958
688067	11.360082
688068	4.181644
688069	9.385447
688070	4.353412
688071	8.063161
688072	9.684084
688073	3.9998016
688075	3.7241604
688076	4.821805
688077	6.860977
688078	9.430455
688079	6.987235
688080	3.719122
688081	7.0524487
688082	1.9010454
688083	-9.504545
688084	3.5372634
688085	11.296301
688087	10.371846
688088	4.9593043
688089	9.19669
688090	-28.491835
688091	0.58593196
688092	6.4542522
688093	5.27936
688095	-8.033975
688096	11.226512
688097	7.7933955
688098	7.3309674
688099	3.507278
688100	7.7040663
688101	9.98096
688102	8.064651
688103	8.070025
688105	7.474795
688106	8.407391
688107	8.065909
688108	4.3260255
688109	6.419411
688110	4.400091
688111	6.538549
688112	5.310639
688113	9.089124
688114	5.484536
688115	7.586573
688116	4.580029
688117	-31.690077
688118	7.925989
688119	7.650295
688120	2.431883
688121	4.309797
688122	7.848348
688123	5.8113256
688125	7.7179713
688126	9.373729
688127	5.0377016
688128	6.4536495
688129	9.496494
688130	7.92041
688131	4.474397
688132	8.103627
688133	10.329644
688135	11.993259
688136	8.978735
688137	10.680922
688138	4.3215785
688139	5.4184403
688141	11.199978
688143	7.7036295
688146	6.4551644
688147	8.069092
688148	8.061345
688150	5.5306835
688151	9.798105
688152	4.6473074
688153	5.5249763
688155	3.7191203
688156	5.506591
688157	-14.425881
688158	6.9672136
688159	8.369035
688160	6.633994
688161	7.727101
688162	5.5055857
688163	9.57495
688165	4.752574
688166	7.0352407
688167	3.7191257
688168	-25.012083
688169	5.6412854
688170	4.599804
688171	6.462317
688172	4.311606
688173	5.1468096
688175	7.904832
688176	4.322658
688177	8.388555
688178	9.106091
688179	8.40176
688180	4.3149223
688181	5.915756
688182	6.0538497
688183	7.2919483
688184	3.4140716
688185	5.850007
688186	4.3219743
688187	-2.6321194
688188	-7.128509
688189	11.156091
688190	5.3796015
688191	9.691662
688192	10.2242775
688193	11.407232
688195	7.0305986
688196	6.4543505
688197	-3.9335692
688198	5.325113
688199	6.461278
688200	5.3110886
688201	4.107169
688202	4.73625
688203	8.638297
688205	-38.109894
688206	7.8363976
688207	6.901376
688208	5.5153346
688209	4.7957435
688210	4.534917
688211	-14.905053
688212	-3.6311204
688213	5.424127
688215	4.3469973
688216	10.7203245
688217	8.204324
688218	10.1396885
688219	8.501297
688220	7.7897215
688221	10.696839
688222	4.3213515
688223	6.455746
688225	8.005845
688226	5.8311987
688227	6.441738
688228	3.7219956
688229	-21.366146
688230	5.3282843
688231	6.453654
688232	9.485045
688233	5.557445
688234	-4.543495
688235	-36.550186
688236	8.813391
688237	4.344264
688238	8.59082
688239	4.268233
688244	3.5998957
688246	4.3213973
688247	9.5653515
688248	6.4361305
688249	6.5681334
688251	7.812712
688252	12.015195
688253	-10.298349
688255	8.054277
688256	0.8919139
688257	7.423646
688258	-32.3782
688259	-30.617844
688260	4.0512266
688261	3.7011173
688262	8.095445
688265	7.779698
688266	4.9008017
688267	8.212719
688268	7.32197
688269	11.059106
688270	4.582804
688271	9.609231
688272	6.4469604
688273	9.244485
688275	5.516526
688276	7.889834
688277	4.0153155
688278	3.7187097
688279	0.1150094
688280	7.8358684
688281	6.1681914
688282	9.025649
688283	7.6149325
688285	9.1209545
688286	3.7191203
688287	6.117169
688288	7.0707726
688289	9.526725
688290	1.9181638
688291	5.4988856
688292	5.4887853
688293	6.911661
688295	4.326947
688296	7.9729347
688297	7.8611703
688298	-12.583779
688299	5.5776243
688300	3.7187295
688301	3.71912
688302	9.351458
688303	8.877374
688305	7.931174
688306	9.184693
688307	8.069584
688308	5.290238
688309	7.5295677
688310	7.0923862
688311	8.789723
688312	10.837472
688313	7.096376
688314	-19.899046
688315	9.716827
688316	6.3194604
688317	9.665091
688318	-10.310922
688319	8.44824
688320	7.0492425
688321	11.013666
688322	9.517332
688323	4.8934903
688325	-6.635271
688326	5.0941353
688327	5.144019
688328	7.265573
688329	8.116572
688330	6.9061675
688331	8.634576
688332	7.7258816
688333	5.385641
688334	8.823042
688335	6.4867373
688336	9.680786
688337	7.462748
688338	-22.06621
688339	-8.146371
688343	5.5054445
688345	4.2773294
688347	7.8939795
688348	4.149861
688349	5.490189
688350	4.472235
688351	10.684363
688352	4.3246064
688353	7.085654
688355	4.924968
688356	5.382932
688357	6.4672737
688358	5.3222537
688359	10.156966
688360	-21.410679
688361	2.0950959
688362	6.4544587
688363	3.7192826
688365	9.493421
688366	4.767522
688367	9.083303
688368	6.577312
688369	4.321351
688370	7.995615
688371	6.9310184
688372	-10.301087
688373	8.069692
688375	5.3100824
688376	7.0778174
688377	4.8755164
688378	5.150739
688379	5.9238367
688380	9.471008
688381	8.292759
688382	10.938323
688383	3.5705423
688385	8.082448
688386	5.2308803
688387	3.4414651
688388	5.5040016
688389	4.4124856
688390	3.6150665
688391	5.3100796
688392	3.5077157
688393	10.22742
688395	8.962924
688396	5.3098125
688398	6.7091966
688399	-4.8642516
688400	7.903011
688401	5.4815626
688403	9.364526
688408	6.834944
688409	5.6015205
688410	8.416821
688416	7.992834
688418	9.5142
688419	6.5537567
688420	5.536856
688425	9.2427635
688426	8.929075
688428	7.4224677
688429	8.789363
688432	8.743688
688433	4.9597483
688435	4.3213606
688439	3.501846
688443	7.942133
688448	7.7068963
688450	10.204398
688455	10.01961
688456	6.7341237
688458	7.7896595
688459	8.739829
688466	5.3802853
688468	4.32091
688469	8.019323
688472	8.948366
688475	3.716494
688478	5.696674
688479	5.5223966
688480	6.8533874
688484	8.020239
688485	8.929621
688486	4.1087475
688488	7.070867
688489	4.972861
688496	5.5094504
688498	5.550152
688499	6.0750575
688500	7.406811
688501	5.400251
688502	5.1517253
688503	-17.0591
688505	9.482159
688506	-10.950445
688507	4.004663
688508	3.5061333
688509	6.0776143
688510	8.054361
688511	6.3275647
688512	6.5017786
688513	-17.474566
688515	7.5147595
688516	4.7362547
688517	6.7623153
688518	7.9756384
688519	9.437394
688520	8.107767
688521	8.066769
688522	4.278774
688523	6.255002
688525	5.42634
688526	5.368592
688528	7.0284176
688529	6.44949
688531	5.3127737
688533	8.726567
688535	3.71912
688536	3.8886657
688538	1.3077027
688539	7.014773
688543	4.42921
688548	8.069531
688549	7.8336263
688550	3.71912
688551	5.4618225
688552	11.545524
688553	7.801703
688556	4.483617
688557	10.72807
688558	4.943448
688559	8.065875
688560	4.301497
688561	8.455486
688562	10.334073
688563	7.149424
688565	4.325895
688566	4.502676
688567	6.4546576
688568	3.7192328
688569	8.22898
688570	4.32135
688571	4.322897
688573	5.0484767
688575	4.326973
688576	3.7191203
688577	5.4158487
688578	3.9915679
688579	8.359236
688580	5.42777
688581	3.8730292
688582	-14.642114
688584	5.178073
688585	10.375232
688586	9.551823
688588	7.811616
688589	5.497077
688590	7.054906
688591	4.3215046
688592	8.098418
688593	7.829738
688595	3.719894
688596	8.078147
688597	9.44608
688598	5.378224
688599	8.66222
688600	-11.5249605
688601	5.4950786
688602	4.32178
688603	7.498759
688606	2.2461977
688607	4.321353
688608	-12.93826
688609	9.455889
688610	7.130933
688611	13.495628
688612	8.069555
688613	9.473298
688616	7.074076
688617	-12.335686
688618	3.71919
688619	4.2960696
688620	6.4373984
688621	7.303936
688622	10.410889
688623	3.7192128
688625	8.299379
688626	7.783099
688627	5.811414
688628	7.711993
688629	7.306001
688630	5.3100324
688631	7.1596284
688633	6.6733527
688636	3.6737323
688638	7.798271
688639	5.971192
688646	6.762936
688648	9.574488
688651	10.233212
688652	-4.258402
688653	5.173732
688655	7.205547
688656	4.558305
688657	6.9688616
688658	9.377861
688659	6.4836674
688660	9.329344
688661	5.0025177
688662	5.502511
688663	5.497172
688665	6.289862
688667	7.789848
688668	7.253573
688669	4.6407976
688670	7.0755215
688671	9.935911
688676	4.7397356
688677	3.7191203
688678	7.6279035
688679	6.6932373
688680	5.497118
688681	4.321352
688682	2.7670736
688683	5.4775968
688685	9.307385
688686	3.779302
688687	7.848048
688689	4.8082404
688690	6.757172
688693	8.069533
688695	6.9513826
688696	3.9331899
688697	6.670894
688698	5.4185424
688699	5.349518
688700	6.445372
688701	6.025444
688702	4.816395
688707	6.9436193
688709	4.321538
688711	7.2150364
688716	6.4734545
688717	-10.887146
688718	5.883295
688719	5.5067134
688720	3.7155206
688722	8.403124
688728	9.489102
688733	5.4900913
688737	4.373533
688739	9.541477
688766	5.88797
688767	-32.38628
688768	7.271889
688772	7.093612
688776	3.71912
688777	-8.5956335
688778	5.1446233
688779	9.45262
688786	6.2130694
688787	7.1509767
688788	4.0401473
688789	9.658778
688793	0.036865216
688798	5.4276686
688799	8.724265
688800	3.8186958
688819	4.972267
688981	0.48829323
689009	-38.12479
