1	6.726235
2	2.0844252
4	-8.181191
6	2.8632948
7	4.739002
8	-7.589443
9	3.720084
10	9.470151
11	1.3622974
12	-10.507993
14	4.0386915
16	-8.2393
17	5.1464653
19	7.599515
20	11.403579
21	3.7191246
25	0.35906434
26	6.424732
27	3.832145
28	3.7191389
29	-0.303178
30	4.242115
31	9.941194
32	3.7218735
34	-6.2183394
35	4.3291426
36	5.310053
37	3.7191203
39	4.0348897
40	8.749346
42	4.122434
45	9.482142
48	-9.220993
49	4.6011386
50	-5.1127014
55	2.0453792
56	9.367442
58	8.446324
59	9.419028
60	1.429688
61	7.676509
62	-42.405514
63	4.2708216
65	3.721137
66	3.747451
68	4.1353955
69	10.460143
70	4.2185307
78	2.0498421
88	6.3790383
89	6.627298
90	4.377411
96	9.775187
99	4.5151153
100	7.0281453
151	8.20396
153	3.730418
155	5.447491
156	-15.503606
157	5.615705
158	6.7179027
159	11.187763
166	4.605375
301	6.4398403
333	2.9086788
338	4.0752945
400	3.71912
401	9.4820175
402	5.7221775
403	3.7316473
404	9.476115
407	0.39254916
408	-1.8580959
409	6.0743027
410	9.094043
411	8.680545
415	5.340225
417	4.1608224
419	0.3660794
420	4.20764
421	1.284275
422	8.702179
423	2.7357025
425	7.3834944
426	4.2934484
428	2.6133163
429	-15.032708
430	7.855161
488	-12.585267
498	8.546152
501	7.8662033
503	2.9290435
504	7.9521537
505	9.350235
506	8.916811
507	9.50016
509	9.481682
510	9.416529
513	1.2013453
514	9.5328
516	3.7219782
517	1.6765504
518	9.729857
519	5.2317533
520	7.3517013
521	2.0516179
523	9.532965
524	5.8499947
525	-40.05754
526	-7.3304095
528	4.5901933
529	4.329426
530	1.8814445
531	8.208976
532	-31.305544
533	5.8836365
534	5.344047
536	9.5038
537	5.3298965
538	8.512398
539	3.723454
541	-12.537649
543	-9.241112
544	7.500784
545	-15.168565
546	0.17715448
547	5.22824
548	9.659967
550	2.201326
551	1.9083757
552	4.2420497
553	9.823553
554	11.273782
555	8.918983
557	9.125675
558	7.3854384
559	9.171356
560	9.499074
561	10.102466
563	-10.306422
564	5.515043
565	11.302234
566	9.481358
567	-0.5982809
568	-0.4765817
570	9.134355
571	9.331421
572	11.157217
573	7.2968974
576	8.89388
581	3.7204428
582	-17.682777
584	11.304084
586	12.17623
589	4.6778502
590	11.269925
591	4.010291
592	9.482693
593	8.957406
595	9.655631
596	5.580899
597	9.397023
598	2.7158244
599	5.9272814
600	3.7234576
601	3.9311273
603	-0.62182295
605	9.326335
607	-17.39475
608	10.537295
609	8.449654
610	3.8698823
612	3.963633
615	7.0854964
617	7.2181416
619	-17.669909
620	8.069079
622	6.6774225
623	-17.09579
625	3.719265
626	2.0588129
627	8.072598
628	3.7554142
629	7.0304875
630	5.8576536
631	9.619614
632	9.356557
633	7.627591
635	11.298742
636	3.3791044
637	-13.033241
638	8.94627
639	7.1424875
650	3.9338908
651	-17.901907
652	4.161042
655	4.9697766
656	8.932701
657	3.7388308
659	9.482066
661	3.719363
663	9.857043
665	7.3143325
668	9.099555
669	8.935738
670	4.3454895
672	6.9632225
676	-12.427513
677	8.411792
678	-15.7005205
679	8.7616205
680	3.7417693
681	3.0111039
682	4.0519657
683	3.71912
685	3.217048
686	-8.721822
688	7.012113
690	3.723824
691	9.480274
692	1.9643531
695	4.767223
697	9.8110895
698	4.984761
700	-14.849391
701	8.790139
702	10.653399
703	0.825178
705	2.6198268
707	6.649774
708	5.3213987
709	9.44827
710	8.722617
711	6.8436418
712	-10.8915615
713	1.2247355
715	10.516407
716	8.6897335
717	6.0336623
718	9.443729
719	-0.04867015
720	8.4544935
721	5.4912143
722	3.719114
723	6.4614673
725	9.509936
726	4.2842607
727	9.351926
728	8.725088
729	-16.21498
731	4.1446495
733	5.055873
735	8.462179
736	4.3385615
737	6.668515
738	6.892699
739	2.7941437
750	0.31567484
751	9.304313
752	5.974214
753	9.557478
755	-21.025318
756	3.5840702
757	8.36728
758	3.7547526
759	8.073357
761	6.6672935
762	9.864353
766	3.931661
767	-3.7268476
768	9.553269
776	5.8041625
777	2.058727
778	2.488826
779	5.1537027
782	10.116577
783	9.954179
785	9.482164
786	-4.147233
788	8.97486
789	10.385104
790	1.9081303
791	5.5055366
792	5.3100367
793	6.746426
795	10.163587
796	5.962299
797	0.69209677
798	-8.511951
799	0.32324204
800	8.167494
801	4.2804956
802	10.513039
803	6.6757665
807	4.697417
809	7.9199114
810	-29.101383
811	4.026428
812	4.415904
813	11.177266
815	9.768436
816	9.439186
818	1.2828035
819	2.1987252
820	8.631713
821	5.4915733
822	7.0837913
823	8.756707
825	6.303739
826	9.372827
828	1.8482949
829	-1.7224398
830	2.2089562
831	3.9852872
833	-0.51176727
837	7.8966136
838	8.017076
839	4.4168687
848	7.553793
850	11.211817
851	9.82119
852	9.2796335
856	9.365157
858	10.2565365
859	9.57643
860	4.830349
862	5.557031
863	8.066391
868	9.295587
869	8.050962
875	6.972542
876	9.733468
877	5.319475
878	5.225255
880	4.8896246
881	0.8053065
882	11.274539
883	5.3174124
885	10.395416
886	10.014015
887	3.7207837
888	-8.091925
889	8.570444
890	9.482159
892	9.481808
893	-23.883627
895	5.2542667
897	10.781538
898	8.706673
899	5.5085497
900	0.93067783
901	-11.4893265
902	7.5448294
903	11.32184
905	8.257822
906	3.730206
908	-40.43276
909	9.334691
910	8.441505
911	7.6841383
912	8.451605
913	1.08838
915	3.7270892
917	8.231754
919	11.194161
920	9.635256
921	3.7218673
922	0.69198316
923	5.4576664
925	6.073422
926	7.399858
927	8.841942
928	11.266129
929	9.4374275
930	10.3534
931	8.273084
932	5.730521
933	4.031764
935	3.7887297
936	-3.8988776
937	2.4155319
938	4.544984
948	-7.438359
949	8.617063
950	8.724026
951	-11.0861225
952	11.249297
953	8.699606
955	-19.959919
957	4.4879766
958	9.479574
959	8.653786
960	7.5916944
962	5.593377
963	-17.794373
965	6.054128
966	5.525148
967	8.302606
968	11.221773
969	2.010831
970	-17.051657
972	9.482163
973	9.007325
975	1.8140209
977	-4.8606453
978	8.085237
980	8.461836
981	7.429495
983	3.9675186
985	8.325137
987	10.401168
988	6.7844872
989	-1.4026053
990	4.3747325
993	5.1256757
995	7.7220035
997	0.43521523
998	6.186716
999	-7.6031785
1201	10.686515
1202	11.005318
1203	5.497447
1205	4.3628073
1206	4.3559704
1207	5.5202246
1208	8.318757
1209	8.690959
1210	5.1473913
1211	8.380345
1212	11.296563
1213	11.251242
1215	5.488086
1216	4.3183985
1217	8.216191
1218	6.39922
1219	11.074378
1222	6.444693
1223	-1.428724
1225	-15.528279
1226	7.222682
1227	11.118018
1228	4.343194
1229	10.3507
1230	7.3095593
1231	6.0003133
1234	6.5603976
1236	-4.0360403
1238	9.404887
1239	9.671812
1255	9.551918
1256	11.340021
1258	4.9309783
1259	4.355202
1260	10.090832
1266	12.269872
1267	0.8430042
1268	9.859988
1269	1.7950492
1270	2.8130877
1278	6.4567847
1282	5.022723
1283	7.7335563
1286	7.083724
1287	2.5951824
1288	6.052307
1289	9.501052
1296	10.867143
1298	-41.143936
1299	8.741326
1300	4.32135
1301	3.8221998
1306	5.1595435
1308	3.7307308
1309	6.8409324
1311	3.724848
1313	5.5216923
1314	-12.202633
1316	7.044525
1317	1.1654377
1318	10.252076
1319	10.563944
1322	5.8199725
1323	11.386398
1324	5.9535675
1326	3.7242134
1328	11.228052
1330	7.0427833
1331	5.3886046
1332	8.286278
1333	6.4653916
1336	4.498135
1337	9.051574
1338	-3.8318555
1339	9.482672
1358	-17.775848
1359	4.2506604
1360	7.2358327
1366	4.3334723
1367	3.0671105
1368	5.439267
1373	9.350181
1376	4.3214006
1378	7.704101
1379	-11.528365
1380	6.8167367
1387	8.176544
1389	3.5733235
1696	-2.0493042
1872	10.198264
1896	4.333517
1914	5.3810244
1965	-20.144775
1979	10.742315
2001	4.3367615
2003	5.1219378
2004	-33.007114
2005	7.425039
2006	3.7268336
2007	-7.7259064
2008	3.7211883
2009	-11.392555
2010	8.894586
2011	4.5974846
2012	-13.369231
2014	5.4371395
2015	4.7370524
2016	6.4551525
2017	-12.728114
2019	4.0977583
2020	-30.568794
2021	7.103434
2022	-21.12574
2023	6.627158
2024	6.4286222
2025	-1.4046094
2026	4.2522287
2027	3.8641145
2028	0.8885368
2029	-0.39823374
2030	-24.364452
2031	5.0738935
2032	6.568389
2033	3.6084297
2034	5.5790615
2035	5.441015
2036	3.792836
2037	-19.62504
2038	-1.2290524
2039	7.7764244
2040	7.303452
2041	9.340084
2042	5.4849596
2043	7.3730755
2044	10.489838
2045	5.2192755
2046	-4.9170275
2047	7.315589
2048	3.9204926
2049	3.7703261
2050	0.48196343
2051	3.248521
2052	-55.82019
2053	5.8253965
2054	4.0799217
2055	6.5035586
2056	-5.697706
2057	3.7375178
2058	8.812785
2059	7.43876
2060	8.912824
2061	8.706691
2062	2.07126
2063	6.77889
2064	7.8390875
2065	10.3041315
2066	9.486722
2067	-12.202372
2068	3.7191203
2069	9.791384
2072	9.300817
2073	3.9201186
2074	6.6697016
2075	8.961165
2076	9.482164
2077	9.732266
2078	5.358823
2079	3.7807758
2080	3.7191203
2081	-10.321555
2082	8.75125
2083	10.26418
2084	9.42791
2085	4.632627
2086	4.5634837
2088	5.065602
2090	3.71912
2091	4.97856
2092	5.4560404
2093	5.388495
2094	-19.263168
2095	-3.8368692
2096	3.397788
2097	5.505118
2098	-22.4038
2099	4.3455634
2100	3.7285993
2101	5.263639
2102	10.592152
2103	9.158133
2104	-8.295371
2105	9.647846
2106	1.7879843
2107	2.6690364
2108	5.699026
2109	6.463137
2110	4.3213573
2111	3.7192237
2112	8.658146
2114	8.43276
2115	8.626927
2116	2.6325011
2117	2.021662
2119	4.684995
2120	3.7308743
2121	3.8196645
2122	9.221871
2123	3.9653356
2124	-13.039666
2125	3.7234585
2126	5.490989
2127	11.425659
2128	0.32776558
2129	5.708624
2130	4.918369
2131	2.83169
2132	9.324048
2133	7.2926116
2134	8.027751
2135	9.484
2136	12.014746
2137	-17.062876
2138	3.7726104
2139	3.7036967
2140	3.7191203
2141	10.75922
2142	7.5428185
2144	3.9243667
2145	2.3853376
2146	5.4343443
2148	-7.804911
2149	3.8549685
2150	2.7261884
2151	-5.187151
2152	4.105011
2153	3.812633
2154	3.7166378
2155	0.013415374
2156	3.8966515
2157	4.015694
2158	-2.8566804
2159	10.347278
2160	8.751995
2161	3.7192006
2162	8.174084
2163	7.3450055
2164	10.167243
2165	9.836157
2166	8.01495
2167	3.7236009
2168	-31.89027
2169	-1.4051389
2170	-3.2999866
2171	5.484609
2172	7.2997212
2173	6.7187624
2174	-5.185933
2175	9.48216
2176	3.7228649
2177	11.157502
2178	9.176559
2179	6.362825
2180	4.9319787
2181	-16.150873
2182	5.3221717
2183	1.8781908
2184	9.147318
2185	3.719367
2186	9.171761
2187	8.724065
2188	6.214029
2189	9.483766
2190	-9.290127
2191	9.482158
2192	1.5206448
2193	3.792731
2194	9.231419
2195	-1.3963925
2196	10.094235
2197	5.4662566
2198	7.136733
2199	8.907734
2200	6.6202483
2201	6.505369
2202	-7.570437
2203	9.051066
2204	8.493976
2205	10.660069
2206	3.9587479
2207	9.270068
2208	9.489997
2209	9.328704
2210	10.384816
2211	10.857414
2212	5.8121653
2213	4.1604967
2214	4.614765
2215	3.7248437
2216	9.643701
2217	6.897344
2218	7.4532733
2219	2.0272236
2221	7.8774962
2222	5.3199883
2223	3.9196012
2224	7.2632737
2225	4.32135
2226	9.373539
2227	8.754881
2228	10.543062
2229	3.7191193
2230	3.723474
2231	9.432545
2232	-1.2510648
2233	6.1487994
2234	10.402155
2235	8.562853
2236	3.7234118
2237	3.9932513
2238	9.478499
2239	8.910516
2240	5.5165224
2241	4.218394
2242	8.723849
2243	9.351729
2244	1.2495903
2245	4.144732
2246	-21.50244
2247	10.3664
2248	6.8072157
2249	6.972386
2250	8.443165
2251	11.498777
2252	4.192743
2253	3.8938696
2254	4.0474224
2255	11.167531
2256	-22.166243
2258	3.9389927
2259	9.01458
2261	3.959335
2262	-11.717449
2263	9.485945
2264	5.505638
2265	8.366259
2266	9.832486
2267	4.3402467
2268	3.726606
2269	1.5697899
2270	6.501895
2271	3.719008
2272	8.594444
2273	2.3600628
2274	6.055293
2275	-9.540198
2276	5.470097
2277	11.302049
2278	8.925998
2279	4.562627
2281	3.9961383
2282	9.321535
2283	7.0729184
2284	-6.296583
2285	9.623656
2286	9.779356
2287	9.821941
2289	6.8805814
2290	10.1760235
2291	1.0678747
2292	4.0274673
2293	5.152543
2294	9.192701
2295	5.522043
2296	3.7191195
2297	10.683599
2298	9.134401
2299	7.725603
2300	2.2998593
2301	10.247309
2302	11.278436
2303	-21.474537
2304	8.747046
2305	7.387529
2306	9.982305
2307	9.322494
2308	5.2522597
2309	-20.827152
2310	7.8060536
2311	5.3097982
2312	3.7211697
2313	8.404744
2314	9.316934
2315	1.6567427
2316	4.3215837
2317	6.7238703
2318	8.201526
2319	9.774812
2320	-7.6970835
2321	10.7003765
2322	3.4766655
2323	7.785758
2324	3.7192693
2326	0.91199994
2327	3.7191195
2328	5.5247
2329	7.606565
2330	7.406038
2331	1.3429817
2332	-31.92823
2333	6.063473
2334	6.429189
2335	3.7194028
2336	11.157312
2337	11.327435
2338	3.7188344
2339	12.166232
2340	3.9604619
2342	8.465991
2343	6.1761284
2344	8.655175
2345	4.0813484
2346	4.273341
2347	9.9030075
2348	8.789831
2349	2.0162787
2350	7.1892705
2351	-4.4656425
2352	8.24736
2353	1.4017447
2354	10.471166
2355	5.3230524
2356	-21.4067
2357	8.785745
2358	6.0046377
2360	6.4648495
2361	11.127936
2362	4.087759
2363	9.294501
2364	6.538117
2365	8.390481
2366	-18.742077
2367	4.062187
2368	5.8163433
2369	8.697642
2370	-5.7646933
2371	5.857529
2372	3.719176
2373	3.94712
2374	11.261322
2375	6.6992607
2376	-0.54129577
2377	9.482083
2378	7.012607
2379	2.4451354
2380	3.7246916
2381	3.8934302
2382	9.482164
2383	10.190951
2384	3.9056485
2385	7.3138356
2386	9.502097
2387	2.2801716
2388	-19.90655
2389	3.0070748
2390	6.2881722
2391	7.9065185
2392	8.910558
2393	9.720195
2394	8.655537
2395	-6.633307
2396	-0.60172194
2397	-19.774536
2398	9.305186
2399	7.652178
2400	-1.3554784
2401	6.610838
2402	3.7191362
2403	-21.371567
2404	8.652602
2405	9.774649
2406	7.5192127
2407	3.7191203
2408	6.438411
2409	2.3157382
2410	-5.51664
2412	1.9437484
2413	9.370805
2414	4.537515
2415	5.309812
2416	1.9415536
2418	10.682514
2419	8.932721
2420	5.2493916
2421	-32.43003
2422	4.228761
2423	9.745377
2424	-10.312382
2425	-20.921537
2426	7.495567
2427	10.084169
2428	6.8274274
2429	7.4054084
2430	3.7195616
2431	11.269641
2432	-19.232912
2434	6.1500487
2436	4.592465
2437	10.956969
2438	5.325151
2439	3.71912
2440	2.0475886
2441	7.0759974
2442	7.071224
2443	6.3524055
2444	-4.780188
2445	10.49193
2446	11.279397
2448	-17.1369
2449	9.474976
2451	8.016905
2452	3.5067842
2453	5.479551
2454	8.43955
2455	3.5060947
2456	7.0969377
2457	-15.952167
2458	1.8683715
2459	8.448112
2460	4.406755
2461	9.259386
2462	9.186205
2463	4.191134
2465	4.005813
2466	3.72455
2467	-32.49882
2468	11.056197
2469	6.998187
2470	9.449247
2471	9.880806
2472	3.7194471
2474	10.652937
2475	3.7416308
2476	7.5887985
2478	4.295566
2479	10.432534
2480	8.690259
2481	-7.029334
2482	12.004155
2483	6.50079
2484	3.7191236
2485	10.410125
2486	9.482164
2487	3.7216346
2488	4.254072
2489	-17.957047
2490	11.158616
2491	11.231988
2492	9.38697
2493	4.2703996
2494	9.430331
2495	11.303972
2496	8.523426
2497	7.117039
2498	5.1908154
2500	9.267268
2501	8.38636
2506	6.153287
2507	6.6332726
2508	3.7202318
2510	7.1694193
2511	-1.4046291
2512	9.511436
2513	11.29013
2514	9.089046
2515	-23.002539
2516	-27.668156
2517	1.2664195
2518	3.719143
2519	6.999936
2520	0.029112073
2521	5.2385607
2522	8.172929
2523	9.742696
2524	9.772486
2526	10.76646
2527	-10.077415
2528	8.817396
2529	8.882001
2530	6.725191
2531	3.7190995
2532	2.8427868
2533	3.7191203
2534	10.374845
2535	10.335843
2536	3.506439
2537	-12.262315
2538	9.299002
2539	4.0553336
2540	2.5871966
2541	3.7191203
2542	7.4204025
2543	5.7785807
2544	3.9240277
2545	-5.064385
2546	2.3165536
2547	2.3698442
2548	7.496449
2549	3.8878493
2550	1.9073812
2551	8.913303
2552	4.504016
2553	-38.803764
2554	9.2665825
2555	4.108155
2556	6.9353995
2557	3.7087617
2558	4.265683
2559	3.729243
2560	8.519183
2561	10.436942
2562	11.006086
2563	7.807593
2564	6.449061
2565	9.775294
2566	10.937639
2567	10.304295
2568	-5.8535314
2569	8.195758
2570	8.400922
2571	9.319078
2572	4.003636
2573	9.101893
2574	10.688041
2575	8.936391
2576	7.9447007
2577	-21.513979
2578	10.397377
2579	7.4728413
2580	9.585642
2581	7.8515987
2582	8.003569
2583	5.5899167
2584	4.470777
2585	4.3254333
2586	8.675326
2587	-3.8909655
2588	0.34339616
2589	4.5374928
2590	3.6295078
2591	-21.386225
2592	9.482403
2593	6.6634483
2594	0.7484368
2595	1.6165438
2596	-21.476175
2597	6.5197234
2598	9.611944
2599	6.6441455
2600	7.5929084
2601	8.20155
2602	9.482112
2603	5.161038
2605	7.768632
2606	7.9435577
2607	9.277174
2608	6.106547
2609	2.2789109
2611	-10.297016
2612	6.737758
2613	8.467552
2614	8.642575
2615	8.215754
2616	9.10815
2617	-8.920398
2620	9.483286
2622	9.214949
2623	4.8553843
2624	9.482162
2625	5.326185
2626	4.3451467
2627	10.424047
2628	9.296363
2629	9.379792
2630	-21.469975
2631	-1.6799828
2632	-2.1584775
2633	10.076056
2634	7.069594
2635	2.9603345
2636	9.5304
2637	4.4228115
2638	8.53977
2639	-21.409758
2640	-19.432968
2641	9.4241
2642	-17.634441
2643	3.719326
2644	2.4586346
2645	-4.7895846
2646	4.3213487
2647	-21.425608
2648	3.750785
2649	-12.896712
2650	10.102756
2651	9.774771
2652	9.483616
2653	6.9532623
2654	5.3602448
2655	-7.091982
2656	11.141821
2657	3.8673968
2658	9.353424
2659	9.566787
2660	5.7434373
2661	9.485037
2662	6.1499324
2663	9.563435
2664	3.9987848
2666	8.382136
2667	6.8126626
2668	-7.137737
2669	6.670847
2670	9.144108
2671	8.651693
2672	10.554051
2673	9.365691
2674	6.4651656
2675	2.2407992
2676	11.463859
2677	5.520843
2678	5.6623526
2679	10.115123
2681	-6.8683033
2682	8.263517
2683	3.9146118
2685	10.242963
2686	-3.5918841
2687	6.081239
2688	9.492512
2689	9.012682
2690	3.9530177
2691	9.108907
2692	8.72401
2693	10.417825
2694	4.5953093
2695	11.319892
2696	10.4114895
2697	3.7901077
2698	-3.7003136
2700	-12.988465
2701	-6.4871244
2702	6.064644
2703	8.417793
2705	5.3110657
2706	3.7295353
2707	3.6513968
2708	9.404517
2709	3.7863438
2712	9.537253
2713	-16.286634
2714	3.7226567
2715	7.8925824
2716	7.6943874
2717	10.939164
2718	8.464282
2719	7.611136
2721	5.632421
2722	9.503795
2723	5.5105247
2724	6.694256
2725	8.790963
2726	-4.515884
2727	5.479554
2728	1.7926234
2729	9.774977
2730	7.712023
2731	5.473266
2732	7.3886433
2733	9.116275
2734	6.4343915
2735	7.0721283
2736	-18.070242
2737	-2.788502
2738	-22.729643
2739	7.7719903
2741	8.777768
2742	9.348854
2743	8.723988
2745	9.370368
2746	8.467935
2747	3.8539176
2748	-16.949526
2749	5.3549294
2750	11.156789
2752	7.0857134
2753	4.9795575
2755	9.3657465
2756	7.7330565
2757	0.89589065
2758	8.435123
2759	5.502548
2760	9.481775
2761	7.3983765
2762	8.560748
2763	9.672283
2765	-21.602577
2766	4.329158
2767	11.028753
2768	2.3719838
2769	5.498539
2771	6.9825997
2772	-6.5405984
2773	-12.600846
2774	6.0421395
2775	9.1327505
2777	3.7229273
2778	7.304713
2779	-13.041951
2780	5.999902
2782	5.4316845
2783	9.820151
2785	7.7482257
2786	4.328759
2787	5.5060854
2788	10.42528
2789	7.028824
2790	6.452443
2791	7.7896824
2792	1.6523268
2793	7.831848
2795	8.651692
2796	-15.388993
2797	8.813892
2798	9.421899
2799	10.786279
2800	6.7468266
2801	3.921358
2802	8.865542
2803	7.9333816
2805	10.958863
2806	9.475701
2807	10.5057335
2808	9.784784
2809	8.560386
2810	6.24539
2811	9.775279
2812	3.7191203
2813	7.275034
2815	4.3374743
2816	6.7077594
2817	10.546488
2818	6.6620355
2819	9.686276
2820	4.1852837
2821	4.6875668
2822	7.2392993
2823	8.418204
2824	-21.481737
2825	6.830409
2826	-4.1069655
2827	-11.011698
2828	8.748423
2829	-10.3040695
2830	9.480107
2831	5.2374096
2832	3.7191505
2833	-5.104837
2835	6.6105046
2836	6.9457755
2837	3.7191572
2838	4.0390544
2839	10.499586
2840	5.456868
2841	1.3327707
2842	11.292063
2843	8.8993635
2845	2.855396
2846	5.149182
2847	2.4298368
2848	9.482401
2849	4.325312
2850	3.7350943
2851	3.7246811
2852	7.99258
2853	9.194959
2855	10.223713
2856	9.566188
2857	5.029533
2858	7.360263
2859	3.7192461
2860	7.075485
2861	10.860823
2862	9.2251215
2863	6.9853845
2864	10.484416
2865	1.7469332
2866	4.3294263
2867	5.4927163
2868	6.9034467
2869	4.501398
2870	9.458659
2871	7.181126
2872	2.8799047
2873	8.233636
2875	-16.208265
2876	4.0410566
2877	6.152273
2878	3.8998191
2879	6.6657906
2880	5.044537
2881	4.3067784
2882	5.492713
2883	10.216646
2884	3.7173252
2885	7.0469103
2886	3.7191837
2887	5.565852
2888	-21.412926
2889	7.4950175
2890	9.482204
2891	6.116736
2892	-7.6197352
2893	5.487418
2895	7.890821
2896	0.7873192
2897	-1.0912414
2898	10.329486
2899	5.490668
2900	9.366702
2901	8.071197
2902	7.070276
2903	7.6654415
2905	9.389803
2906	5.343373
2907	9.052001
2908	7.040727
2909	9.059281
2910	8.579333
2911	-5.9882383
2912	-16.266874
2913	3.950544
2915	-13.246003
2916	-8.4275465
2917	8.749823
2918	8.952695
2919	-10.315457
2920	7.953993
2921	9.479735
2922	7.47059
2923	7.4376187
2925	5.9075165
2926	6.691897
2927	3.8195262
2928	8.2198305
2929	5.4272094
2930	4.3215003
2931	4.517423
2932	-5.9472003
2933	11.054358
2935	-6.1877785
2936	3.7498293
2937	7.798922
2938	4.606171
2939	8.923456
2940	6.9630003
2941	9.321252
2942	8.788684
2943	5.4883423
2945	9.044396
2946	8.731377
2947	6.5241675
2948	11.563006
2949	-3.927494
2950	9.424958
2951	8.181535
2952	0.58588594
2953	3.7306864
2955	-4.8260717
2956	4.345077
2957	8.611511
2958	10.486848
2959	7.0215325
2960	5.4970756
2961	8.722234
2962	6.7159905
2963	7.2906895
2965	4.3103666
2966	11.0576725
2967	4.061147
2968	8.612757
2969	8.567264
2970	4.7320924
2971	4.32135
2972	-0.331658
2973	6.488547
2975	0.19493268
2976	7.698037
2977	1.0578781
2978	4.1974173
2979	-10.301904
2980	10.4372425
2981	8.722497
2982	8.289166
2983	8.610821
2984	9.104953
2985	6.1899104
2986	9.081763
2987	-30.463171
2988	5.497905
2989	5.258263
2990	3.771079
2991	3.7192342
2992	4.7355714
2993	7.148192
2995	2.4840865
2996	4.322143
2997	4.3503475
2998	4.328475
2999	6.5176187
3000	7.077887
3001	-21.267912
3002	8.512837
3003	6.263447
3004	7.592178
3005	4.2560287
3006	7.044351
3007	7.7802205
3008	8.472773
3009	10.29121
3010	9.326437
3011	6.8603115
3012	9.0917635
3013	8.076387
3015	9.109679
3016	8.828602
3017	9.367131
3018	9.38283
3019	8.069671
3020	1.9057064
3021	-3.5690677
3022	6.4537926
3023	4.78949
3025	-8.901155
3026	-10.461664
3027	7.341006
3028	7.803129
3029	10.270716
3030	9.699366
3031	3.9620721
3032	6.925273
3033	3.1030414
3035	6.5250797
3036	6.880269
3037	4.0495334
3038	4.327851
3039	4.5202775
3040	3.9688272
3041	4.4234896
3042	8.448615
3043	3.6816683
3816	10.530021
300001	3.7191482
300002	5.276181
300003	3.7192693
300004	-20.487043
300005	2.0865018
300006	8.881312
300007	1.8853765
300008	9.731432
300009	2.0496776
300010	8.70234
300011	-30.759827
300012	2.0105958
300013	3.669778
300014	5.2524743
300015	9.643909
300016	-10.865785
300017	3.813484
300018	9.3816
300019	3.9065297
300020	9.47911
300021	-17.057255
300022	8.280994
300024	-6.907204
300025	4.873845
300026	2.8591502
300027	-40.809326
300029	5.9713626
300030	8.422362
300031	5.380833
300032	8.67367
300033	8.298867
300034	3.7191195
300035	3.725429
300036	0.22945905
300037	-1.5755578
300039	2.014379
300040	4.446379
300041	-6.213137
300042	-3.768059
300043	-32.96763
300044	-10.325847
300045	2.260958
300046	4.736255
300047	-9.059303
300048	4.033413
300049	3.71912
300050	3.1325922
300051	-3.975948
300052	7.0932236
300053	2.130828
300054	3.7191203
300055	-3.3160214
300056	3.7192295
300057	12.056011
300058	-8.521844
300059	0.72694415
300061	5.799571
300062	1.9601914
300063	3.634279
300065	9.543653
300066	-17.175264
300067	5.4257107
300068	4.32135
300069	9.722987
300070	2.3100693
300071	3.8256016
300072	-7.7653613
300073	3.7191203
300074	-10.832909
300075	6.774663
300076	2.8575225
300077	4.6725936
300078	-6.6451592
300079	-30.524237
300080	11.286073
300081	-21.385492
300082	-43.466267
300083	-32.994473
300084	9.839155
300085	6.076717
300086	9.004013
300087	0.8619701
300088	-0.31400302
300091	2.8010683
300092	-13.410787
300093	5.1472816
300094	4.0621834
300095	8.884317
300096	8.5797825
300097	7.0569453
300098	4.3643765
300099	-5.7286034
300100	2.011594
300101	3.8839061
300102	0.1412367
300103	-21.37157
300105	3.7191997
300106	7.509373
300107	-4.4769025
300108	7.163494
300109	2.1909769
300110	-0.35571036
300111	7.2123556
300112	10.543082
300113	-30.55803
300114	3.5045123
300115	3.951552
300117	-7.247151
300118	5.62237
300119	6.400831
300120	7.086801
300121	3.5084805
300122	3.7207098
300123	9.4823885
300124	3.7793014
300125	10.945199
300126	11.302079
300127	3.739224
300128	-10.299426
300129	4.707288
300130	1.926292
300131	-43.4926
300132	9.482199
300133	4.539369
300134	6.1701922
300135	-31.37024
300136	4.4762907
300137	4.3219237
300138	3.7235513
300139	-10.483532
300140	5.1009135
300141	-4.8887663
300142	6.9848633
300143	8.231266
300144	1.9521884
300145	7.071492
300146	3.7191195
300147	-11.524651
300148	9.284055
300149	9.220347
300150	-16.814608
300151	-0.62111366
300152	9.482252
300153	1.7156802
300154	10.254303
300155	9.480909
300157	8.804977
300158	8.637933
300159	-8.773474
300160	4.0321236
300161	5.1253314
300162	4.784077
300163	7.8283186
300164	9.48216
300165	9.481258
300166	1.8208252
300167	9.169516
300168	-12.727441
300169	9.5176325
300170	-13.38205
300171	4.02415
300172	4.7495885
300173	11.270483
300174	1.621361
300175	7.8983836
300176	8.209213
300177	4.200155
300179	3.3604143
300180	-43.46652
300181	10.185348
300182	-32.74289
300183	-2.4396415
300184	-40.544697
300185	9.479608
300187	-10.037262
300188	6.4479346
300189	8.881469
300190	4.1637187
300191	1.113078
300192	-5.0637403
300193	9.53907
300194	9.02757
300195	8.38186
300196	3.7293775
300197	3.4733894
300198	-8.787023
300199	3.664922
300200	5.8625054
300201	4.0388002
300203	9.735579
300204	3.1327603
300205	6.533475
300206	-14.887871
300207	-1.8021922
300208	8.880337
300209	-20.72625
300210	4.0325623
300211	6.5371685
300212	3.6200914
300213	7.0378423
300214	7.794945
300215	5.438129
300217	-1.8923135
300218	7.4275827
300219	9.305462
300220	9.482128
300221	10.063435
300222	-6.1424365
300223	3.6816332
300224	4.611413
300225	3.6393764
300226	5.0622163
300227	9.602357
300228	-25.797056
300229	3.9051979
300230	9.483207
300231	7.836197
300232	-12.577106
300233	6.437002
300234	6.6522903
300235	6.631323
300236	7.6325855
300237	-0.5990504
300238	1.9064889
300239	9.437035
300240	5.1384506
300241	-20.596876
300242	2.3694882
300243	3.7286053
300244	5.102853
300245	8.632909
300246	1.4478459
300247	7.6711283
300248	-32.419415
300249	2.6818786
300250	7.511868
300251	3.7199094
300252	1.7505559
300253	-4.982957
300254	8.461105
300255	4.570247
300256	11.281271
300257	3.7191203
300258	4.036015
300259	-12.8312845
300260	3.719121
300261	-12.598984
300263	5.736114
300264	9.365121
300265	4.586518
300266	-2.2013817
300267	8.652564
300268	5.7965407
300269	8.69533
300270	3.7191179
300271	-1.5315174
300272	11.223388
300274	-10.301087
300275	2.7765281
300276	-9.6397295
300277	-1.2829392
300278	10.294261
300279	9.476475
300280	11.1201
300281	9.283399
300283	9.482557
300284	7.084561
300285	3.7191205
300286	3.7191203
300287	6.9002223
300288	-6.984204
300289	11.076069
300290	-5.310603
300291	-38.218307
300292	7.9761753
300293	-1.5216541
300294	-4.216285
300295	-0.08806937
300296	-43.579437
300298	-12.559656
300299	0.9004012
300300	11.185483
300301	7.1302843
300302	-12.495005
300303	-7.764196
300304	4.0465
300305	6.488146
300306	-33.12625
300307	11.170334
300308	4.2483153
300310	-8.952005
300311	11.582843
300313	7.1315694
300314	3.6358688
300315	-37.224068
300316	3.7191203
300317	4.039067
300318	1.675877
300319	4.4463067
300320	3.7191236
300321	5.396072
300322	4.775806
300323	8.773526
300324	4.1889796
300326	-9.795825
300327	5.160185
300328	-41.100616
300329	9.479056
300331	6.7936587
300332	4.3214207
300333	7.9358063
300334	9.4821615
300335	11.062909
300337	7.9993415
300338	0.83432764
300339	7.2825675
300340	-13.974486
300341	9.69881
300342	-1.5643356
300343	3.7214558
300344	8.908977
300345	9.34208
300346	3.7163844
300347	2.5134137
300348	0.58033186
300349	-0.36394048
300350	7.383506
300351	3.7309601
300352	1.8220824
300353	-22.77584
300354	3.7191203
300355	9.482158
300357	2.88379
300358	-1.4014163
300359	-10.520828
300360	4.7133737
300363	-9.866367
300364	5.420791
300365	-21.318762
300366	-13.065512
300368	9.4821615
300369	-12.575867
300370	9.357533
300371	-19.714281
300373	3.71912
300374	10.322726
300375	9.117733
300376	-0.4322775
300377	-11.556546
300378	4.0201693
300379	-39.44193
300380	3.1688056
300381	2.1414638
300382	4.008041
300383	7.730907
300384	3.9447088
300385	-24.400522
300386	7.1346807
300387	11.36369
300388	-16.954067
300389	3.9366608
300390	6.42266
300391	8.069782
300393	5.7198997
300394	2.4295125
300395	8.181314
300396	-2.7624779
300397	4.204848
300398	3.2538018
300399	8.959437
300400	2.108466
300401	-0.85970205
300402	-13.274124
300403	-32.427433
300404	2.1026092
300405	-15.505701
300406	4.032836
300407	-13.023249
300408	9.621988
300409	-17.20432
300410	9.287117
300411	3.694581
300412	8.671575
300413	1.9562247
300414	8.6276045
300415	3.7192125
300416	-0.98325056
300417	7.597577
300418	1.0655453
300419	6.6784616
300420	5.660306
300421	11.295022
300422	10.837756
300423	7.170066
300424	12.256554
300425	0.61600155
300426	2.379238
300427	9.569834
300428	3.71912
300429	4.394187
300430	-3.45329
300432	2.1074233
300433	5.7023616
300434	11.269921
300435	3.7225952
300436	-12.587221
300437	8.341884
300438	3.7191203
300439	11.463818
300440	9.472459
300441	-12.58727
300442	7.8489375
300443	0.12914455
300444	6.491182
300445	3.9368231
300446	-6.8456683
300447	5.8685756
300448	2.0827868
300449	9.541614
300450	3.9712667
300451	1.9688694
300452	-0.16753143
300453	1.3707975
300454	3.8281426
300455	10.3239565
300456	-25.43342
300457	9.1912775
300458	-0.09029691
300459	-38.040222
300460	-21.0806
300461	2.761897
300462	4.322338
300463	-1.160753
300464	2.4317992
300465	-23.999052
300466	-32.55683
300467	-30.593008
300468	-24.757118
300469	6.1407585
300470	3.7670307
300471	-40.10938
300472	1.0167468
300473	9.528301
300474	6.984102
300475	3.880191
300476	3.2424006
300477	-15.466135
300478	-19.921787
300479	9.412272
300480	-4.851857
300481	3.7312405
300482	3.7219296
300483	8.877097
300484	-5.083843
300485	8.483678
300486	12.301734
300487	9.938599
300488	9.040108
300489	5.05228
300490	9.440984
300491	9.915978
300492	6.8341594
300493	8.125236
300494	-23.451286
300496	3.2843137
300497	4.0391006
300498	3.721188
300499	5.0232
300500	6.136944
300501	3.7917683
300502	5.1178875
300503	-10.304004
300504	9.449146
300505	7.145402
300506	7.773833
300507	-13.374988
300508	-4.826392
300509	9.482166
300510	2.1072876
300511	-5.437012
300512	10.735587
300513	8.3459
300514	8.2236395
300515	3.8090844
300516	-32.431458
300517	8.423831
300518	-15.497207
300519	8.783051
300520	3.9808004
300521	8.030703
300522	3.719816
300523	3.7933562
300525	5.2978783
300527	9.131996
300528	11.156526
300529	1.828766
300530	5.66271
300531	-34.163147
300532	-40.58773
300533	-38.024525
300534	3.865461
300535	5.436715
300536	5.346344
300537	9.284071
300538	4.438918
300539	9.886807
300540	10.372979
300541	-6.484187
300542	1.9346973
300543	2.0359066
300545	2.4369326
300546	5.3585052
300547	3.7332797
300548	2.2152376
300549	7.800627
300550	10.127783
300551	8.802892
300552	4.4509363
300553	5.561343
300554	2.3480332
300555	-10.574774
300556	-13.054007
300557	7.702318
300558	-10.160074
300559	3.8983312
300560	10.9983015
300561	-0.32154992
300562	9.444888
300563	4.672865
300564	9.338241
300565	-15.998306
300566	-33.181747
300567	4.5806594
300568	4.030741
300569	3.5008364
300570	3.513145
300571	4.451805
300572	-5.502265
300573	5.8551974
300575	5.7262044
300576	3.722865
300577	-1.1542633
300578	9.135768
300579	3.72849
300580	2.1002898
300581	4.3488865
300582	9.5213585
300583	9.482853
300584	-1.5359064
300585	-8.903006
300586	4.057591
300587	7.817377
300588	9.17709
300589	7.243524
300590	3.810613
300591	4.685664
300592	-15.02786
300593	3.4223447
300594	7.4029856
300595	5.5098505
300596	3.7198796
300597	4.846356
300598	5.280034
300599	8.454161
300600	10.424454
300601	6.8829045
300602	-32.36929
300603	9.483946
300604	4.531569
300605	8.768285
300606	6.9855595
300607	3.9558754
300608	8.314993
300609	2.3692098
300610	10.830319
300611	9.494373
300612	-22.32351
300613	-0.37013012
300614	6.236784
300615	5.458357
300616	4.321349
300617	3.7191203
300618	7.837853
300619	8.057721
300620	5.141872
300621	11.235422
300622	2.0628922
300623	3.590691
300624	3.7191567
300625	9.480933
300626	10.473328
300627	3.715525
300628	5.2930636
300629	7.4801497
300630	-41.342937
300631	5.497076
300632	9.366149
300633	1.5371082
300634	6.4576583
300635	10.539281
300636	4.824438
300637	6.7619762
300638	4.7019334
300639	1.7808218
300640	10.400228
300641	5.355343
300642	-43.420837
300643	8.014914
300644	4.327912
300645	9.603367
300647	4.786493
300648	7.801296
300649	7.199613
300650	10.227528
300651	5.1474557
300652	5.5237637
300653	3.7382457
300654	11.180538
300655	3.771902
300656	-19.896437
300657	-2.2567248
300658	9.396764
300659	9.480678
300660	4.0349784
300661	4.887491
300662	5.4479446
300663	1.9083889
300664	9.215727
300665	-21.465706
300666	5.234937
300667	8.511805
300668	-3.9030383
300669	6.58408
300670	4.186946
300671	4.155732
300672	3.7191195
300673	3.531184
300674	7.063711
300675	9.773043
300676	-13.724965
300677	-5.180072
300678	3.7246015
300679	3.5147429
300680	0.4049521
300681	3.7221866
300682	5.299393
300683	9.482159
300684	4.8226733
300685	-1.3982016
300686	6.923979
300687	3.7219443
300688	7.4334474
300689	-15.1915655
300690	4.085126
300691	1.1095347
300692	7.8223877
300693	3.6010897
300694	11.280783
300695	-37.212116
300696	4.743568
300697	5.655793
300698	8.034649
300699	7.331194
300700	4.32135
300701	7.4471126
300702	3.7226322
300703	6.534339
300705	3.7192683
300706	6.3442383
300707	6.885799
300708	10.242793
300709	-12.619878
300710	9.482152
300711	4.4314013
300712	5.597127
300713	4.683012
300715	6.202274
300716	10.22991
300717	7.066314
300718	-43.50575
300719	8.069635
300720	-26.302538
300721	6.9100385
300722	-8.730881
300723	3.2248623
300724	3.71912
300725	6.635842
300726	9.479503
300727	7.623262
300729	4.7968197
300730	7.163988
300731	6.95544
300732	6.0387654
300733	9.482166
300735	3.964585
300736	9.276418
300737	10.069039
300738	3.55189
300739	7.812976
300740	5.4751387
300741	9.38884
300743	6.8625307
300745	5.5057983
300746	9.918542
300747	3.7260015
300748	5.4969335
300749	9.481446
300750	9.636823
300751	3.5061429
300752	1.8720658
300753	9.107596
300755	5.423279
300756	3.7246075
300757	4.378898
300758	3.719339
300759	-7.823728
300760	5.2227955
300761	3.7274597
300762	5.301899
300763	-9.414295
300765	1.7380823
300766	9.164099
300767	6.0532165
300768	-0.53470814
300769	4.318137
300770	-10.550654
300771	8.890839
300772	9.395195
300773	11.175124
300774	-19.234777
300775	9.441664
300776	4.752045
300777	6.3233366
300778	11.71872
300779	0.38267413
300780	11.126461
300781	3.5116835
300782	3.7191203
300783	6.522989
300785	0.47755265
300786	7.0495367
300787	4.018596
300788	-43.40032
300789	2.9629056
300790	7.097223
300791	-12.955287
300792	-40.059967
300793	9.685452
300795	3.7191203
300796	10.340342
300797	8.540675
300798	4.325866
300800	-8.287032
300801	5.49023
300802	5.528252
300803	-4.7608047
300804	9.482164
300805	8.114474
300806	4.2278833
300807	8.11455
300808	6.030374
300809	7.1763096
300810	-21.477129
300811	5.2072625
300812	5.585475
300813	7.97316
300814	9.362189
300815	4.364549
300816	4.45856
300817	9.209383
300818	-4.830573
300819	4.3213487
300820	1.611593
300821	8.737871
300822	9.259186
300823	9.442121
300824	12.224398
300825	9.394368
300826	9.365161
300827	-41.926346
300828	-15.182743
300829	4.2400784
300830	9.481377
300831	4.201023
300832	9.896393
300833	4.032831
300834	4.115401
300835	3.8592894
300836	-0.7890949
300837	8.747181
300838	10.685653
300839	9.481759
300840	4.3213267
300841	6.5974345
300842	3.7191794
300843	8.069491
300844	0.6805407
300845	3.566947
300846	11.188808
300847	-16.81978
300848	8.205865
300849	10.295461
300850	1.0101855
300851	9.480991
300852	-3.358511
300853	-21.213951
300854	11.225498
300855	4.03085
300856	7.304092
300857	7.54565
300858	4.0384088
300859	8.999162
300860	-36.450153
300861	8.461227
300862	9.706098
300863	-7.3468003
300864	1.9693946
300865	7.893124
300866	5.2161975
300867	-21.94662
300868	6.9725175
300869	11.260643
300870	3.9201138
300871	7.0905013
300872	7.105025
300873	9.927693
300875	-43.379784
300876	5.4870963
300877	9.342603
300878	11.208143
300879	8.708347
300880	8.809143
300881	7.277129
300882	4.2416644
300883	9.482179
300884	-0.091624476
300885	10.640928
300886	8.662909
300887	-8.292119
300888	6.7160916
300889	9.508756
300890	7.9860883
300891	11.297127
300892	7.950961
300893	3.6145465
300894	7.730179
300895	1.919446
300896	0.6205019
300897	-13.225548
300898	4.3218665
300899	3.4588687
300900	7.0838857
300901	8.433382
300902	4.0726786
300903	7.640985
300904	4.521579
300905	3.71912
300906	9.477554
300907	4.32721
300908	3.7191675
300909	6.473724
300910	3.7040277
300911	9.1826105
300912	8.721306
300913	3.725651
300915	2.040076
300916	3.5077062
300917	10.099341
300918	4.3215523
300919	4.654255
300920	10.62799
300921	-25.82085
300922	0.16763692
300923	9.510995
300925	7.0433664
300926	6.6346517
300927	11.157023
300928	8.069643
300929	10.807525
300930	4.32135
300931	11.029065
300932	9.057883
300933	10.487616
300935	8.744154
300936	4.105677
300937	6.6651783
300938	3.721457
300939	2.4190178
300940	7.098991
300941	8.591718
300942	11.378266
300943	9.482158
300945	11.298232
300946	5.450181
300947	4.3152494
300948	9.361784
300949	11.191697
300950	4.3446617
300951	4.476226
300952	9.40369
300953	3.71912
300955	9.48215
300956	7.2847834
300957	3.7195616
300958	1.6857885
300959	8.422801
300960	8.689893
300961	9.655021
300962	8.527486
300963	11.386735
300964	3.2838597
300965	5.519593
300966	0.004100937
300967	9.334491
300968	6.7549906
300969	4.827451
300970	-12.312024
300971	9.139609
300972	-15.730167
300973	5.4864473
300975	4.3820167
300976	2.0042849
300977	3.7193277
300978	8.08077
300979	6.684986
300980	7.667222
300981	9.482143
300982	4.321649
300983	5.458805
300984	6.048413
300985	-13.035234
300986	-0.34164214
300987	0.16236341
300988	8.069286
300989	-11.265649
300990	3.9622023
300991	9.719631
300992	9.098969
300993	4.617369
300994	7.554559
300995	6.6298895
300996	-30.05636
300997	6.4004545
300998	4.244422
300999	8.706971
301000	4.7678556
301001	-13.408121
301002	7.2569017
301003	3.7198796
301004	2.318582
301005	4.986589
301006	9.464449
301007	8.988844
301008	7.3792844
301009	9.02141
301010	-17.753613
301011	11.630556
301012	5.4927163
301013	8.53685
301015	8.343684
301016	9.351761
301017	6.073038
301018	8.563721
301019	5.9448776
301020	8.069543
301021	8.787378
301022	6.3064528
301023	9.879974
301024	7.7383585
301025	10.201978
301026	7.3659763
301027	8.720636
301028	9.350977
301029	8.386717
301030	9.498315
301031	3.4989247
301032	9.384224
301033	8.414367
301035	8.054344
301036	11.186683
301037	11.274735
301038	11.285407
301039	8.175649
301040	-21.47516
301041	8.9738035
301042	4.3942986
301043	9.342269
301045	4.036037
301046	9.269963
301047	3.7023838
301048	11.144219
301049	9.549164
301050	3.7253332
301051	-2.8984528
301052	11.116142
301053	8.071732
301055	9.631804
301056	4.321659
301057	10.408421
301058	4.32135
301059	5.216766
301060	-16.104347
301061	1.844343
301062	8.911787
301063	9.057594
301065	9.296897
301066	7.2158427
301067	5.94712
301068	6.7092304
301069	5.4926877
301070	7.869071
301071	3.7173233
301072	5.1474724
301073	-3.614215
301075	10.093541
301076	5.448196
301077	-3.760141
301078	6.6976647
301079	9.441468
301080	5.785992
301081	9.28759
301082	12.28296
301083	4.2419353
301085	0.2625042
301086	-10.896398
301087	1.7900071
301088	8.035876
301089	1.7926365
301090	4.321353
301091	-10.300652
301092	11.030301
301093	11.340897
301095	3.7466574
301096	3.5062406
301097	-14.918193
301098	9.36497
301099	4.4620414
301100	8.749371
301101	-10.310185
301102	8.741068
301103	7.995504
301105	9.775304
301106	7.3795867
301107	4.2732024
301108	5.551282
301109	10.4610615
301110	6.2970896
301111	10.098532
301112	11.728517
301113	11.072914
301115	7.883017
301116	6.7166867
301117	9.775441
301118	6.8627625
301119	8.003752
301120	4.4779096
301121	-2.304306
301122	8.767077
301123	6.9294996
301125	12.193677
301126	1.4384036
301127	8.654711
301128	5.169141
301129	4.6009784
301130	9.298014
301131	7.7899213
301132	9.135635
301133	9.433623
301135	4.1472616
301136	9.482304
301137	-20.40921
301138	7.048755
301139	4.6894245
301141	3.7136483
301148	0.10781264
301149	4.325496
301150	4.538468
301151	8.720611
301152	11.302036
301153	3.809766
301155	1.3026177
301156	6.2988935
301157	5.7588606
301158	8.619818
301159	8.3055935
301160	3.9694965
301161	4.89594
301162	3.7191203
301163	4.688604
301165	2.047129
301166	9.385244
301167	8.913833
301168	5.4258738
301169	7.125891
301170	4.321447
301171	10.17503
301172	10.155863
301175	11.277877
301176	4.321958
301177	6.6304245
301178	7.462825
301179	3.7120006
301180	7.1139207
301181	7.31414
301182	8.2849455
301183	-4.2709723
301185	9.275796
301186	8.053899
301187	5.3007684
301188	5.0306826
301189	10.329773
301190	9.452271
301191	6.1496553
301192	4.1958785
301193	6.9403515
301195	3.7190995
301196	7.1325383
301197	8.068614
301198	9.095879
301199	9.437484
301200	2.6777914
301201	10.86974
301202	6.248567
301203	10.144128
301205	3.501891
301206	1.9901009
301207	8.694155
301208	1.9385436
301209	7.3416395
301210	7.434002
301211	7.177207
301212	7.1184106
301213	6.7139163
301215	4.914767
301216	6.4657226
301217	8.036333
301218	11.271984
301219	8.239203
301220	9.2928095
301221	4.852053
301222	4.436785
301223	9.641314
301225	7.5758247
301226	3.4930263
301227	6.0044174
301228	8.563577
301229	5.448375
301230	2.227031
301231	10.174292
301232	-10.259848
301233	4.0551867
301234	5.479636
301235	6.125607
301236	3.458128
301237	6.4074864
301238	5.496789
301239	1.3589735
301246	7.5166006
301248	5.224773
301251	8.069542
301252	3.7214813
301255	2.0554092
301256	6.698739
301257	4.5901995
301258	7.887084
301259	7.389775
301260	6.8314533
301261	4.067917
301262	9.3614
301263	3.093131
301265	9.261133
301266	7.4541087
301267	5.5023556
301268	8.908735
301269	10.692098
301270	-13.27783
301272	7.7896595
301273	10.35488
301276	4.32135
301277	7.5765734
301278	6.8140326
301279	8.087696
301280	4.0036335
301281	9.3375635
301282	8.146652
301283	6.465166
301285	6.929442
301286	9.57892
301287	10.454443
301288	10.750664
301289	1.9600104
301290	7.296528
301291	5.4618163
301292	5.4395466
301293	3.7191873
301295	7.9742775
301296	12.004662
301297	5.1467485
301298	6.4987354
301299	3.7227883
301300	8.066673
301301	4.8031473
301302	8.427622
301303	10.673947
301305	8.572203
301306	10.821733
301307	4.260558
301308	4.939392
301309	6.614404
301310	9.4920635
301311	4.156818
301312	-13.485466
301313	11.191694
301314	1.6873335
301315	9.804605
301316	9.448949
301317	10.5934925
301318	5.7173953
301319	-7.5929
301320	7.06889
301321	9.483587
301322	5.493095
301323	5.492716
301325	3.7191203
301326	8.775136
301327	-15.114312
301328	6.361481
301329	5.0997624
301330	8.601673
301331	-5.487752
301332	6.9212394
301333	-11.057648
301335	9.491187
301336	10.42561
301337	11.186666
301338	4.751621
301339	10.473988
301345	3.7191195
301348	8.069543
301349	3.7191203
301353	10.473005
301355	8.411553
301356	8.7573185
301357	6.546077
301358	5.497076
301359	6.7985497
301360	1.9081615
301361	6.466266
301362	1.9641155
301363	12.367215
301365	11.327429
301366	-8.257596
301367	3.7656882
301368	2.7532372
301369	-13.141036
301370	5.1133113
301371	6.472138
301372	4.3213496
301373	6.6544404
301376	6.858623
301377	9.490437
301378	3.6140995
301379	7.1679235
301380	1.9072374
301381	10.75759
301382	9.483219
301383	-13.854257
301386	7.318079
301387	-0.7079395
301388	5.1624994
301389	7.4940042
301390	4.2425156
301391	3.7191203
301393	3.7191105
301395	6.4829135
301396	8.44274
301397	6.508376
301398	5.427869
301399	3.4449885
301408	6.775591
301413	2.5515957
301418	7.3061733
301419	7.1120586
301421	2.3096905
301428	8.401709
301429	5.4967566
301439	5.073471
301446	11.125734
301448	7.6848545
301456	5.3408713
301459	6.44997
301468	4.466434
301469	8.501736
301486	7.7883177
301487	5.0764666
301488	5.9949226
301489	-7.7912464
301498	-10.419616
301499	8.058895
301500	4.323319
301502	-6.9171405
301503	6.9366727
301505	8.081719
301507	11.159264
301508	5.513072
301509	4.5951247
301510	8.069618
301511	8.069618
301512	3.9651623
301515	6.6822104
301516	4.597316
301517	4.5287933
301518	8.069603
301519	6.507732
301520	4.972327
301525	3.7191203
301526	4.3282857
301528	6.957233
301529	7.906189
301533	6.8515334
301536	2.7834387
301538	5.5459747
301548	5.579717
301550	-12.318545
301555	8.418472
301558	11.165536
301559	9.350729
301566	5.3845778
301567	-2.2034683
301568	-40.909084
301577	3.5060186
301578	-41.32692
301587	5.398093
301588	4.32135
301589	2.310486
301591	5.539535
600000	6.7872715
600004	5.379006
600006	9.614856
600007	5.3593526
600008	8.659348
600009	10.168288
600010	-1.1934514
600011	3.8267548
600012	4.230338
600015	9.526465
600016	-3.3857918
600017	10.654008
600018	-12.334246
600019	4.325448
600020	-21.42575
600021	5.159978
600022	8.294157
600023	6.2056565
600025	-38.58141
600026	-6.8527837
600027	6.988037
600028	1.5658259
600029	11.132346
600030	2.1618953
600031	9.793017
600032	6.4875774
600033	9.60575
600035	0.03799326
600036	9.479996
600037	-5.142222
600038	3.4004548
600039	4.9811845
600048	5.249828
600050	-30.245571
600051	10.410902
600052	7.7805047
600053	10.940076
600054	4.160634
600055	2.0337527
600056	-1.4032472
600057	3.6659257
600058	6.4534483
600059	-1.4042776
600060	3.5655997
600061	7.405953
600062	2.0648444
600063	3.7236397
600064	-17.07408
600066	5.4782147
600067	-5.363583
600070	-20.666498
600071	6.83581
600072	3.719122
600073	8.469287
600075	7.694541
600076	5.011809
600078	7.7897215
600079	8.16466
600080	10.786123
600081	6.4539223
600082	9.4823475
600083	10.944835
600084	-6.905435
600085	9.418769
600088	1.8774639
600089	5.42993
600094	9.7826185
600095	10.551383
600096	-6.3589053
600097	11.323773
600098	8.482938
600099	7.104025
600100	6.431679
600101	4.736255
600103	-14.524634
600104	7.3309665
600105	-32.750187
600106	5.5222397
600107	10.0968075
600108	9.273137
600109	9.638398
600110	10.155446
600111	4.7689214
600113	-32.48697
600114	1.6793821
600115	9.701488
600116	-13.42524
600117	8.228357
600118	3.8322492
600119	6.870909
600120	7.140861
600121	9.363282
600123	4.014234
600125	5.755493
600126	4.325959
600127	7.2869077
600128	7.046805
600129	3.7191203
600130	11.1402855
600131	1.9075229
600132	3.7316113
600133	6.3159127
600135	10.179498
600136	7.0543385
600137	4.606247
600138	6.599762
600141	8.423888
600143	-13.418016
600148	4.162585
600149	9.462036
600150	5.114136
600151	10.798126
600152	9.850792
600153	3.726195
600155	5.944188
600156	9.482157
600157	3.7242002
600158	3.7218857
600159	9.250741
600160	3.5266335
600161	2.0178246
600162	7.850233
600163	6.2214813
600165	9.416785
600166	6.2788672
600167	-11.537071
600168	10.6369505
600169	8.476267
600170	6.3433485
600171	8.40714
600172	3.9234254
600173	6.3542657
600176	5.9258485
600177	6.754654
600178	-0.49426317
600179	7.841349
600180	8.717151
600182	10.161336
600183	5.512387
600184	11.197109
600185	4.1688995
600186	4.312581
600187	-31.596098
600188	3.742717
600189	8.916074
600190	7.405457
600191	9.14834
600192	8.7807
600193	7.100273
600195	3.7247436
600196	9.160953
600197	-0.31598732
600198	10.158396
600199	5.5904174
600200	-5.10048
600201	3.7246852
600202	9.4822
600203	7.108122
600206	6.381283
600207	6.9026566
600208	8.030869
600210	-9.026797
600211	-33.64159
600212	5.4927163
600215	5.4974036
600216	-16.29844
600217	12.170353
600218	8.8280525
600219	6.7801
600221	10.678677
600222	9.483897
600223	9.3610525
600225	4.326077
600226	8.512916
600227	9.606358
600228	9.812606
600229	3.924135
600230	9.522731
600231	1.8996052
600232	10.210736
600233	10.722982
600234	10.102036
600235	8.839128
600236	5.2117505
600237	4.3219204
600238	4.2803807
600239	-0.41130385
600241	10.414602
600243	9.2591915
600246	6.6138773
600248	-2.644664
600249	7.281124
600250	8.719996
600251	5.535628
600252	7.6005483
600255	8.389199
600256	-1.2275525
600257	9.36517
600258	10.968868
600259	5.5988464
600261	-12.698804
600262	9.482227
600265	8.069287
600266	9.447777
600267	-10.301581
600268	5.606992
600269	3.33276
600271	6.609213
600272	8.801905
600273	9.126178
600276	8.322533
600278	11.437116
600279	10.432004
600280	9.730918
600281	11.283339
600282	8.22592
600283	4.3229446
600284	8.157985
600285	5.88557
600287	5.350956
600288	9.139627
600289	5.248969
600292	11.2714405
600293	8.222214
600295	5.324039
600298	7.953268
600299	8.369625
600300	9.316228
600301	4.322493
600302	9.512571
600303	6.011127
600305	9.698652
600307	10.02942
600308	-11.229625
600309	3.719278
600310	-5.0295153
600312	3.7468238
600313	10.041793
600315	8.799475
600316	7.6076183
600318	10.00006
600319	9.365496
600320	1.9138938
600322	7.8401203
600323	4.436284
600325	3.7283523
600326	-37.97483
600327	-12.805004
600328	-14.118534
600329	3.7463183
600330	7.0158167
600331	3.9630365
600332	7.9014573
600333	7.3011355
600335	1.0732063
600336	11.299986
600337	8.136975
600338	8.537358
600339	-17.488344
600340	8.303433
600343	11.389665
600345	4.645064
600346	7.6003723
600348	3.79086
600350	-30.312197
600351	6.9483156
600352	9.639595
600353	3.8939383
600354	7.440186
600355	10.948234
600356	-1.7586998
600358	-19.947348
600359	7.2646346
600360	11.184724
600361	4.32135
600362	3.6616392
600363	3.7093916
600365	6.466915
600366	9.674559
600367	3.6484704
600368	9.442716
600369	7.925649
600370	7.0730214
600371	10.690223
600372	7.6421223
600373	2.6908717
600375	9.4821615
600376	11.202343
600377	6.8040786
600378	8.960996
600379	9.365207
600380	-17.127258
600381	11.0052805
600382	10.609763
600383	-42.95116
600386	9.48216
600387	8.432727
600388	8.219386
600389	3.7227988
600390	4.591487
600391	1.3398323
600392	4.003548
600395	-10.949821
600396	7.5405602
600397	9.287759
600398	6.1039896
600399	5.24249
600400	9.384326
600403	-1.8837785
600405	10.180797
600406	6.2658405
600408	4.3254437
600409	3.8099606
600410	-12.793716
600415	-39.256355
600416	-5.7535653
600418	-32.68191
600419	8.490642
600420	3.3905041
600421	-13.589401
600422	1.651048
600423	8.44413
600425	7.3782163
600426	2.3100724
600428	4.329645
600429	9.472351
600433	9.053816
600435	1.8764228
600436	7.9592824
600438	1.908214
600439	-13.515754
600444	7.4654455
600446	-1.5423882
600448	5.8115196
600449	2.5168173
600452	4.5737424
600455	4.191475
600456	11.494655
600458	3.9645302
600459	4.6062164
600460	-5.685328
600461	-3.8720086
600462	11.573417
600463	8.451842
600467	9.482179
600468	6.9208198
600469	5.4970756
600470	9.299988
600475	-16.032701
600476	9.379534
600477	6.3776684
600478	3.7441597
600479	2.0490427
600480	5.5037985
600481	4.0135417
600482	-0.021386027
600483	3.7204545
600486	5.3098125
600487	3.71912
600488	9.482152
600489	-1.4324665
600490	5.488623
600491	11.310021
600493	8.724052
600495	9.945852
600496	8.7239895
600497	6.215537
600498	3.7536395
600499	3.7191195
600500	7.1783295
600501	-7.243317
600502	8.760364
600503	9.2726145
600505	7.8889117
600506	5.479553
600507	6.4043336
600508	3.751783
600509	-2.6676924
600510	8.767895
600511	-12.616118
600512	10.331929
600513	4.347776
600515	1.6984173
600516	4.0975533
600517	7.832699
600518	3.7761104
600519	9.924791
600520	6.8937163
600521	2.0603504
600522	3.7191226
600523	11.316495
600525	-39.877926
600526	9.527908
600527	5.763936
600528	-1.0109407
600529	4.116332
600530	10.829066
600531	4.0217943
600533	6.5198917
600535	1.9093994
600536	3.8393595
600537	6.0550103
600538	8.873206
600539	9.351906
600540	11.059726
600543	10.654172
600545	10.941843
600546	3.7191203
600547	4.1431603
600548	6.532386
600549	4.041972
600550	-5.0257154
600551	-21.887276
600552	-22.785221
600556	10.93499
600557	3.7192652
600558	11.2984495
600559	7.6752467
600560	3.729271
600561	9.561482
600562	4.3094635
600563	-7.7791924
600566	-17.742008
600567	6.864885
600568	10.803119
600569	8.671778
600570	6.4552164
600571	4.805377
600572	5.098586
600573	9.484063
600575	0.7166568
600576	7.3845005
600577	-40.603058
600578	9.490743
600579	11.073492
600580	3.5057693
600581	7.1267138
600582	3.9283125
600583	5.6486435
600584	5.9199624
600585	5.321225
600586	3.7220564
600587	10.470779
600588	3.797362
600589	5.497013
600590	8.674039
600592	8.485924
600593	6.655682
600594	-13.40168
600595	6.7206645
600596	5.975358
600597	8.723989
600598	-3.6151762
600599	-1.14417
600600	3.7192817
600601	1.1439438
600602	3.7493849
600603	3.719155
600604	-6.9454927
600605	-10.604765
600606	9.7396145
600608	-17.708998
600609	2.5572827
600610	3.7196965
600611	-10.079838
600612	3.7191203
600613	1.9816326
600615	-4.26596
600616	1.8750784
600617	1.2710378
600618	3.723454
600619	8.942251
600620	6.1908665
600621	4.0489583
600622	1.3661295
600623	3.0241907
600624	2.4220214
600626	6.597242
600628	9.191934
600629	2.1229005
600630	5.4400907
600633	-10.248177
600635	-12.53355
600636	-10.295158
600637	-13.281138
600638	-5.8526926
600639	2.2297728
600640	1.2785751
600641	3.719218
600642	6.4873614
600643	9.642807
600644	3.7191203
600645	1.9662154
600648	7.6763372
600649	3.7318127
600650	-10.292899
600651	8.248427
600653	2.665456
600654	8.427485
600655	10.39831
600657	4.676135
600658	5.387576
600660	6.003912
600661	-7.162697
600662	-4.577033
600663	5.375693
600664	-9.762521
600665	6.6429734
600666	8.661281
600667	5.4872823
600668	-6.022401
600671	6.462293
600673	3.950603
600674	5.322107
600675	9.163153
600676	1.9466943
600678	9.482944
600679	9.685383
600681	8.305092
600682	4.3597555
600683	10.528312
600684	4.4298167
600685	3.7191203
600686	4.685535
600688	-2.341539
600689	8.808813
600690	3.795045
600691	6.9688864
600692	2.4326527
600693	10.586856
600694	5.4274416
600696	9.482146
600697	9.446927
600698	-6.695855
600699	-2.14673
600702	3.7238858
600703	3.7534378
600704	-3.2355378
600705	10.398285
600706	8.886124
600707	6.951443
600708	10.735018
600710	3.353437
600711	4.746821
600712	9.651306
600713	1.8831056
600714	10.535175
600715	9.48214
600716	9.973073
600717	-7.87977
600718	9.906956
600719	4.663446
600720	4.527535
600721	8.015285
600722	-3.857249
600724	9.825486
600725	7.00104
600726	9.537844
600727	6.30092
600728	1.770778
600729	7.089954
600730	11.302265
600731	-7.516922
600732	9.628561
600733	3.506146
600734	-0.3799486
600735	2.1166992
600736	1.8962241
600737	4.596577
600738	6.9397955
600739	3.7192316
600740	3.854795
600741	3.7331839
600742	-11.338274
600743	10.126848
600744	6.535332
600745	3.719115
600746	8.909338
600748	8.25494
600749	3.8848135
600750	2.5156355
600751	8.385135
600753	9.481038
600754	-10.296828
600755	3.942224
600756	4.1453047
600757	-42.819103
600758	9.296631
600759	6.453742
600760	7.4152327
600761	5.169086
600763	9.736892
600764	6.313987
600765	3.719286
600768	9.436415
600769	5.7975845
600770	4.345075
600771	3.7220705
600773	-0.90151596
600774	3.8326669
600775	10.1250305
600776	3.2080853
600777	-7.8330197
600778	-13.558307
600779	7.0548406
600780	-1.8750167
600782	3.7324822
600783	10.398079
600784	8.886278
600785	3.5789244
600787	4.143971
600789	8.008773
600790	2.7855113
600791	9.523599
600792	9.06073
600793	7.0874906
600794	6.4077563
600795	3.937626
600796	4.551038
600797	1.9465976
600798	7.888526
600800	8.2975645
600801	3.7328935
600802	10.323121
600803	5.4513893
600804	11.157375
600805	3.7191684
600807	-0.48814878
600808	4.234998
600809	-4.244187
600810	7.711688
600811	-28.909569
600812	9.484217
600814	10.298188
600815	0.27894294
600816	3.965704
600817	-41.94496
600818	5.488957
600819	9.34737
600820	1.1955513
600821	11.016155
600822	4.15102
600824	8.163354
600825	-1.6194482
600826	9.8909855
600827	5.8944807
600828	10.602647
600829	2.2080529
600830	8.053718
600831	7.0550065
600833	-1.359838
600834	10.474342
600835	1.9017867
600837	5.39057
600838	6.1601977
600839	-29.17226
600841	8.491592
600843	9.48216
600844	7.0216045
600845	7.964456
600846	-3.5044153
600847	2.8258388
600848	-1.5280049
600850	3.721286
600851	2.7690585
600853	10.355576
600854	8.551151
600855	11.539751
600857	9.771311
600858	9.0681505
600859	8.203258
600860	9.426633
600861	3.7191186
600862	3.5457513
600863	4.036588
600864	2.0880055
600865	-1.4045042
600866	4.5193105
600867	-0.14697923
600868	3.3512673
600869	-14.065565
600871	4.757137
600872	4.280015
600873	2.0465941
600874	8.663867
600875	3.7382643
600876	7.3110313
600877	-1.1266115
600879	5.536953
600880	4.98005
600881	-8.839358
600882	4.671902
600883	9.359991
600884	3.7691004
600885	6.465483
600886	5.543985
600887	3.7301166
600888	2.7123814
600889	9.024802
600892	-21.516119
600893	9.644995
600894	1.3444545
600895	3.7863536
600897	-13.489122
600898	-7.1913095
600900	7.9260826
600901	7.1010284
600903	9.012463
600905	9.409249
600906	8.253807
600908	-14.333971
600909	7.0420804
600916	6.447565
600917	8.725329
600918	8.579404
600919	-20.01387
600925	10.010723
600926	-37.434357
600927	8.981843
600928	-14.288818
600929	9.391775
600933	5.497076
600935	9.911017
600936	9.387716
600938	-4.7541566
600939	9.483558
600941	-2.482
600955	4.3341665
600956	5.5059342
600958	8.37087
600959	-16.232214
600960	10.927739
600961	4.4382796
600962	9.477301
600963	11.301696
600965	9.119128
600966	5.488443
600967	-11.16109
600968	8.021758
600969	7.118311
600970	6.9468036
600971	3.919384
600973	11.291553
600975	4.026944
600976	5.353162
600977	6.893042
600979	4.0555778
600980	8.813275
600981	8.592203
600982	8.451813
600983	5.5201917
600984	8.770537
600985	3.7281868
600986	9.051881
600987	5.749539
600988	-0.8591663
600989	6.9690795
600990	6.7941766
600992	5.502578
600993	2.0085952
600995	-0.37610438
600996	8.65435
600997	6.680643
600998	3.3575401
600999	-14.551529
601000	1.3555878
601001	2.467991
601002	9.108856
601003	10.592652
601005	5.7116413
601006	9.79937
601007	9.330694
601008	9.138712
601009	5.8528905
601010	10.6604595
601011	8.690644
601012	3.6769803
601015	11.297269
601016	9.690691
601018	-5.448658
601019	-20.560287
601020	9.477372
601021	5.156781
601022	4.327905
601028	7.559488
601033	4.8461394
601038	7.124937
601058	0.3341318
601059	7.7876263
601061	11.304565
601065	6.7164187
601066	9.402393
601068	9.101899
601069	8.375044
601077	0.83175874
601083	4.3222637
601086	9.638066
601088	6.3053994
601089	-8.290315
601096	4.322358
601098	-21.172989
601099	8.895518
601100	7.7773995
601101	2.2755167
601106	9.187042
601107	10.578295
601108	8.851158
601111	10.972038
601113	8.584737
601116	10.751389
601117	4.8578906
601118	0.44732797
601121	6.4606643
601126	-4.737895
601127	6.841124
601128	7.081284
601133	4.3422613
601136	12.308527
601137	5.408756
601138	8.931063
601139	9.780895
601155	9.077448
601156	6.465344
601158	-16.61391
601162	8.095985
601163	4.934157
601166	9.36526
601168	9.442881
601169	10.9353075
601177	9.46783
601179	8.491473
601186	9.234998
601187	-18.12904
601188	7.2825737
601198	8.763908
601199	-15.213766
601200	7.997661
601208	4.321836
601211	-0.039739493
601212	7.6683073
601216	8.785825
601218	8.450232
601222	6.11357
601225	5.3539133
601226	11.9430895
601228	6.8685403
601229	-14.703593
601231	-0.15624896
601233	3.7191205
601236	9.153464
601238	10.550225
601279	4.3257217
601288	-13.318731
601298	-1.4606131
601311	8.42367
601318	6.875928
601319	-15.346183
601326	-14.88216
601328	-15.181211
601330	7.390063
601333	11.181565
601336	3.1020436
601339	7.7916837
601360	9.563958
601366	7.180162
601368	8.484862
601369	4.9982953
601375	8.2864895
601377	7.9084973
601388	9.433029
601390	10.379033
601398	-39.154594
601399	10.656187
601456	10.362677
601500	4.329477
601512	9.593496
601515	5.177641
601518	8.5879135
601519	8.364625
601528	2.8516066
601555	7.3075643
601566	6.5436134
601567	5.486269
601568	9.992789
601577	-11.986494
601579	8.935842
601588	8.004705
601595	5.1250587
601598	6.9043217
601599	9.936353
601600	6.8790455
601601	10.2029915
601606	9.46334
601607	-21.518364
601608	8.641961
601609	4.3488803
601611	6.6483583
601615	7.406005
601616	8.802909
601618	-15.3710785
601619	7.653755
601628	9.321074
601633	5.421676
601636	4.321353
601658	-14.60045
601665	-19.536203
601666	3.630455
601668	-16.824911
601669	9.168106
601677	6.9866686
601678	5.4878225
601686	11.184085
601688	-1.0984817
601689	3.5177364
601696	10.1852865
601698	9.993474
601699	3.7379246
601700	7.433935
601702	6.4609556
601717	-11.810019
601718	8.7242
601727	9.036506
601728	10.695955
601766	-16.113377
601777	8.7328825
601778	9.255022
601788	9.714214
601789	7.4105635
601798	8.656032
601799	3.5937808
601800	-17.428291
601801	-13.102624
601808	6.437982
601811	-15.966667
601816	8.790145
601818	-10.64149
601825	11.521123
601827	9.875521
601828	4.5160604
601838	-14.094205
601857	3.9471645
601858	9.0337305
601860	-18.959162
601865	4.5887694
601866	9.056049
601868	-0.24792637
601869	10.45772
601872	-26.406685
601877	7.0383334
601878	9.482024
601880	9.747206
601881	10.261104
601882	5.458987
601886	5.513015
601888	6.346156
601890	9.363561
601898	0.58088595
601899	0.5775131
601900	10.3632
601901	6.76308
601908	6.2435155
601916	12.699661
601918	7.773402
601919	6.03496
601921	-19.261011
601928	-25.421251
601929	9.106855
601933	6.4314322
601939	-13.353542
601949	-13.238161
601952	9.755907
601956	6.7100663
601958	4.7771263
601963	11.626417
601965	4.246428
601966	4.3252735
601968	10.129177
601969	6.4541445
601975	3.9017625
601985	11.191692
601988	-16.934132
601989	8.956312
601990	8.5435915
601991	4.3246164
601992	6.6669254
601995	8.242503
601996	8.754848
601997	11.984685
601998	-36.572304
601999	-13.140366
603000	3.8536303
603001	8.727315
603002	6.4123774
603003	7.458555
603004	5.4003654
603005	6.059896
603006	11.304048
603007	-12.603243
603008	7.035177
603009	3.5641787
603010	8.477084
603011	9.282023
603012	10.140721
603013	10.3740015
603015	5.571698
603016	9.7188425
603017	3.721839
603018	3.7192674
603019	6.4018865
603020	5.8602567
603021	9.773109
603022	4.3291097
603023	8.7148905
603025	5.220104
603026	5.497076
603027	5.1332583
603028	9.238311
603029	4.58687
603030	7.4507656
603031	5.46734
603032	11.299814
603033	4.946613
603035	4.475285
603036	4.3304663
603037	7.982371
603038	9.479679
603039	4.435804
603040	4.025864
603041	8.268892
603042	7.7023025
603043	4.3188963
603045	9.181407
603048	5.4707093
603050	-6.400517
603051	11.279509
603052	4.5260415
603053	4.321343
603055	10.53732
603056	10.591681
603057	8.277581
603058	8.001514
603059	11.344694
603060	7.650124
603061	2.9962196
603062	6.020148
603063	5.4792814
603065	4.6265597
603066	9.2599535
603067	11.207343
603068	5.0075865
603069	9.92577
603070	5.4751434
603071	6.5344696
603073	8.309714
603075	7.4825463
603076	5.376982
603077	9.38178
603078	2.594982
603079	9.817234
603080	9.68112
603081	8.132417
603082	8.69355
603083	4.032839
603085	7.539516
603086	8.004846
603087	3.8230746
603088	9.068534
603089	6.636765
603090	5.497076
603093	-19.661867
603095	9.138231
603096	5.4214373
603097	4.32135
603098	6.5887136
603099	8.749168
603100	9.516881
603101	7.962379
603102	8.451824
603103	6.6695967
603105	4.3295207
603106	4.298657
603107	7.752132
603108	3.7242134
603109	6.8989615
603110	4.32135
603111	9.448705
603112	-13.345392
603113	4.327949
603115	6.4658966
603116	8.662099
603117	4.0748167
603118	8.591928
603119	6.4586115
603121	9.420049
603122	2.8318036
603123	9.482177
603125	4.5511827
603126	6.8936677
603127	-9.756894
603128	6.7237873
603129	3.723292
603130	6.5527673
603131	4.3310018
603132	6.7560506
603135	10.27063
603136	2.1873076
603137	5.2216787
603138	9.175414
603139	9.413705
603150	11.816841
603151	5.1469464
603153	7.3801622
603155	7.7903466
603156	9.935477
603158	9.459238
603159	9.111126
603160	5.532663
603161	6.4992027
603162	4.3213224
603163	5.255216
603165	7.089607
603166	9.29539
603167	4.243458
603168	9.80725
603169	-18.006546
603170	5.69181
603171	7.900283
603172	6.706021
603173	4.3222327
603176	11.273606
603177	5.076031
603178	4.9055595
603179	4.851513
603180	5.897477
603181	4.9989085
603182	8.59117
603183	10.403592
603185	3.5048022
603186	7.0336556
603187	3.719242
603188	9.47905
603189	9.200818
603190	4.32135
603191	5.4662714
603192	10.345814
603193	7.7093825
603195	5.144723
603196	0.84621066
603197	4.736129
603198	2.0192254
603199	-18.950905
603200	3.7426913
603201	5.5010448
603203	3.5757236
603206	7.5941057
603208	0.71432215
603209	-19.27003
603211	11.191692
603212	7.073405
603213	4.3241315
603214	6.4619107
603215	7.6870956
603216	-4.127444
603217	6.423614
603218	6.7095623
603219	11.29826
603220	7.103942
603221	5.3627024
603222	6.114831
603223	-42.975452
603225	6.4184
603226	6.455913
603227	6.6057825
603228	7.0844827
603229	1.919382
603230	6.050509
603231	4.7231755
603232	4.357428
603233	2.7425587
603235	10.292567
603236	3.9650888
603237	5.372105
603238	9.808153
603239	3.920085
603255	-3.2631526
603256	6.40531
603258	7.9963055
603259	-3.4572825
603260	8.775335
603261	11.491761
603266	4.2593217
603267	9.897946
603268	9.635249
603269	5.5329638
603270	4.3332744
603272	9.480904
603273	4.3236384
603275	5.491969
603276	7.2460403
603277	7.366011
603278	6.8460665
603279	4.536198
603280	9.117683
603281	-1.3782084
603282	7.8987985
603283	-1.7381303
603286	7.943611
603288	7.647057
603289	6.707415
603290	-0.61931074
603291	4.3213997
603296	4.735887
603297	3.7255678
603298	5.936353
603299	6.3776674
603300	5.4830747
603301	4.9636035
603303	8.255847
603305	4.3213515
603306	3.733
603307	3.8130093
603308	7.0686755
603309	7.914136
603311	8.915736
603312	8.650404
603313	5.497203
603315	9.3377905
603316	10.347077
603317	5.176394
603318	8.653059
603319	4.334976
603320	5.198984
603321	4.216673
603322	3.7191694
603323	5.5752935
603324	-23.806074
603325	3.7193637
603326	5.2569523
603327	8.564039
603328	8.718682
603329	8.657231
603330	11.922689
603331	9.859745
603332	6.499192
603333	11.346264
603335	5.729224
603336	1.0871061
603337	7.6625557
603338	3.875096
603339	8.480473
603341	5.2196913
603344	4.3230033
603345	-0.4415752
603348	8.255644
603351	-25.728054
603353	8.644192
603355	-19.178701
603356	5.8429728
603357	4.0749273
603358	2.748025
603359	9.482296
603360	-17.593573
603363	4.3213534
603365	4.039419
603366	-21.539988
603367	9.480906
603368	3.7379975
603369	3.6785483
603373	5.2388015
603375	4.6261554
603377	5.3147635
603378	8.784457
603379	-5.0913324
603380	4.043439
603383	-13.467665
603385	11.301885
603386	8.573972
603387	2.0259995
603388	10.335462
603389	9.356156
603390	11.207818
603392	9.909199
603393	6.225871
603396	3.7191405
603398	4.775873
603399	11.2628355
603408	5.2543445
603416	-3.0180109
603421	6.931334
603429	8.92265
603439	7.0955057
603444	2.477986
603456	6.611256
603458	8.762392
603466	-1.3041246
603477	4.322837
603486	3.9910135
603488	0.94566697
603489	1.9226481
603496	4.0272503
603499	10.912638
603500	4.3253555
603501	7.7510133
603505	5.3434505
603506	4.3269897
603507	8.011349
603508	-31.993483
603511	7.7320104
603515	4.6999245
603516	3.6335154
603517	4.35414
603518	4.325356
603519	-5.8480234
603520	6.60488
603527	6.899371
603528	5.118518
603529	5.3076625
603530	5.4767485
603533	4.6261744
603535	6.8815985
603536	5.508879
603538	3.915372
603551	9.482166
603556	-0.99357885
603557	-9.399046
603558	2.4295974
603559	-13.285451
603565	-14.655634
603566	6.554857
603567	9.478956
603568	7.854363
603569	6.687193
603577	10.484785
603578	4.3223915
603579	3.9062457
603580	9.610073
603583	3.7312205
603585	1.1142397
603586	9.129972
603587	9.057512
603588	5.497076
603589	1.9169332
603590	9.440518
603595	5.777714
603596	4.601138
603598	10.234377
603599	4.4605155
603600	7.2804327
603601	1.5975841
603602	-5.8144436
603605	5.322865
603606	3.849033
603607	11.223419
603608	4.6368356
603609	8.4516
603610	5.4644775
603611	9.238436
603612	4.2413263
603613	10.332991
603615	-15.9248495
603616	12.610061
603617	6.7338867
603618	8.98279
603619	7.074126
603626	12.056351
603628	9.3953
603629	8.209451
603630	8.74476
603633	8.324105
603636	2.620783
603637	10.300073
603638	6.664899
603639	-5.085631
603648	9.421105
603650	5.476883
603655	9.563883
603656	6.844086
603657	5.268752
603658	3.723886
603659	3.7191203
603660	9.442528
603661	5.3099866
603662	-11.9609
603663	5.2136664
603665	5.3178563
603666	8.511964
603667	4.3188305
603668	8.599529
603669	7.802135
603676	10.5795
603677	5.3984866
603678	6.3742733
603679	11.693965
603680	7.149986
603681	5.4927173
603682	4.317937
603683	5.130414
603685	11.170517
603686	5.921138
603687	6.24097
603688	3.7191226
603689	9.1259985
603690	6.17792
603693	4.471032
603696	9.364123
603697	8.653956
603698	9.861957
603699	7.925647
603700	-18.562002
603701	-39.785484
603703	-3.7838142
603706	6.617922
603707	8.214223
603708	9.663912
603709	9.48995
603711	4.6100745
603712	11.0779915
603713	3.7191143
603716	-21.436363
603717	8.295087
603718	9.482159
603719	5.4190164
603721	9.71947
603722	3.7180438
603725	6.1208525
603726	8.490046
603727	4.2630396
603728	-3.9747896
603729	9.571521
603730	5.3099294
603733	4.32143
603737	3.5059726
603738	-2.1290922
603739	5.148826
603755	9.821683
603757	5.317953
603758	4.760039
603759	8.650821
603766	7.05443
603767	4.32135
603768	12.035541
603773	3.7191174
603776	8.079868
603777	7.125353
603778	7.80281
603779	5.5370903
603786	7.3149333
603787	4.31336
603788	6.6345816
603789	6.0435514
603790	11.167
603797	7.2997146
603798	5.244991
603799	5.098669
603800	4.090637
603801	3.7191203
603803	9.392811
603806	4.2275553
603808	8.792129
603809	4.2163763
603810	6.6889973
603811	8.723988
603813	8.461257
603815	7.079214
603816	4.101409
603817	6.5128984
603818	6.930345
603819	4.327162
603822	-2.6641507
603823	9.850607
603825	11.194209
603826	-27.655312
603828	5.0000877
603829	8.633343
603833	5.8374577
603836	5.447491
603838	5.201673
603839	-12.000494
603843	9.481978
603848	5.2089934
603855	4.9868383
603856	9.493032
603858	4.7726374
603859	4.548324
603860	8.620361
603861	4.327004
603863	7.5724907
603866	9.482159
603867	5.1673875
603868	7.937603
603869	9.545729
603871	-0.29505724
603876	4.5421834
603877	10.26744
603878	4.32135
603879	5.605356
603880	8.510634
603881	9.492044
603882	8.319544
603883	5.31294
603885	8.056911
603886	5.498701
603887	10.26639
603888	4.044975
603889	3.8214653
603890	7.8619347
603893	3.7189727
603895	5.9147797
603896	1.2192068
603897	8.601501
603898	10.808054
603899	5.309919
603900	10.133974
603901	7.0709076
603903	8.400935
603906	5.497172
603908	-6.9742026
603909	4.321366
603912	6.367733
603915	5.4975805
603916	6.345216
603917	5.549431
603918	5.7405057
603919	8.83143
603920	10.076143
603922	6.468607
603926	7.0539346
603927	3.7240462
603928	8.724362
603929	6.7626905
603931	3.7772558
603933	7.05839
603936	6.510083
603937	11.125587
603938	4.8309016
603939	4.802677
603948	6.3431253
603949	5.445683
603950	11.303782
603955	10.282725
603956	4.3289804
603958	6.273262
603959	10.718046
603960	4.7237124
603963	11.156867
603966	11.191225
603967	7.720918
603968	5.5012245
603969	4.3203454
603970	7.1851354
603976	9.39489
603977	7.0724316
603978	8.270791
603979	4.318207
603980	5.699977
603982	5.226112
603983	0.7541382
603985	3.7191167
603986	-1.1538304
603987	8.73616
603988	-9.3384495
603989	5.4900923
603990	5.596855
603991	-10.30454
603992	5.602609
603993	5.257352
603995	6.4360957
603997	9.481983
603998	1.9451655
603999	-15.014456
605001	8.980703
605003	4.321353
605005	3.3943005
605006	10.267038
605007	6.464648
605008	6.753015
605009	5.4190025
605011	5.146798
605016	-2.7399716
605018	5.12761
605020	5.4830747
605028	8.059103
605033	3.7513473
605050	6.479041
605055	8.781083
605056	5.5244694
605058	4.5996027
605060	6.9822464
605066	9.365226
605068	6.475036
605069	10.971994
605077	5.3208003
605080	4.325391
605081	8.071662
605086	7.434621
605088	7.6066413
605089	5.4759145
605090	6.015923
605098	1.9260685
605099	6.4448047
605100	6.3920913
605108	5.183293
605111	3.724167
605116	6.6609955
605117	-10.821301
605118	10.457776
605122	8.5525465
605123	3.7254488
605128	-1.2476659
605133	4.0258203
605136	8.419332
605138	10.3098345
605151	-1.2840966
605155	7.5151153
605158	4.47725
605162	4.3213506
605166	4.3733096
605167	6.860452
605168	-0.1641049
605169	11.221573
605177	7.094698
605178	-19.261206
605179	6.7045574
605180	4.3283396
605183	9.480111
605186	4.321452
605188	6.7007885
605189	10.505302
605196	4.32135
605198	8.138711
605199	9.100263
605208	4.4252405
605218	8.74868
605222	7.7069206
605228	4.408313
605255	-2.3550527
605258	8.01301
605259	5.139604
605266	4.247618
605268	7.8890877
605277	7.3404565
605286	5.094231
605287	4.957055
605288	5.843535
605289	5.4751396
605296	4.7093816
605298	9.722426
605299	9.561541
605300	7.676985
605303	6.711533
605305	3.7191083
605318	11.088605
605319	6.5626907
605333	6.8831315
605336	7.139863
605337	7.0951347
605338	4.499648
605339	8.482946
605358	5.525948
605365	8.096395
605366	8.687258
605368	-20.577585
605369	1.944296
605376	5.78007
605377	7.307699
605378	7.494309
605388	8.683415
605389	4.496172
605398	-30.5731
605399	7.6679096
605488	4.3218493
605499	-4.015081
605500	9.488606
605507	9.484611
605555	5.6698313
605566	11.156046
605567	8.104099
605577	9.39456
605580	9.513754
605588	5.1392837
605589	6.44985
605598	6.990281
605599	6.830805
688001	7.739702
688002	5.4932675
688003	3.7430916
688004	9.337459
688005	6.054813
688006	9.695543
688007	6.8864613
688008	6.179066
688009	11.498748
688010	1.711414
688011	8.941892
688012	9.588997
688013	8.832034
688015	8.741163
688016	3.8210502
688017	3.7036016
688018	3.7268057
688019	3.6745594
688020	-9.831791
688021	4.3249
688022	4.2656064
688023	3.9650478
688025	3.728434
688026	5.093517
688027	5.7577286
688028	4.2387357
688029	3.7232656
688030	8.709239
688031	5.4927163
688032	5.1439195
688033	4.3254256
688035	5.4927163
688036	-0.08349239
688037	8.34451
688038	4.8916235
688039	7.066987
688041	1.9100391
688045	5.4883413
688046	8.88088
688047	-1.369227
688048	3.719122
688049	9.482408
688050	-14.142254
688051	10.200205
688052	-0.7688856
688053	4.3231125
688055	7.346861
688056	4.3400097
688057	-1.1743485
688058	5.0264297
688059	2.0653331
688060	5.4697127
688061	3.71912
688062	5.4927225
688063	4.9895577
688065	5.3098125
688066	5.5677824
688067	10.6766205
688068	-12.716007
688069	10.683673
688070	8.453379
688071	5.1504846
688072	-1.4046144
688073	4.2499948
688075	5.0780926
688076	6.352874
688077	7.081459
688078	9.116327
688079	6.8946347
688080	3.7252162
688081	7.8832603
688082	3.4286432
688083	-12.578817
688084	3.3200219
688085	9.482306
688087	8.461599
688088	5.665091
688089	9.477257
688090	3.0308027
688091	-31.011118
688092	5.1315255
688093	5.7270684
688095	2.3087397
688096	-15.402748
688097	8.3066635
688098	8.463049
688099	3.7190437
688100	2.045958
688101	9.361451
688102	5.4883537
688103	5.1029987
688105	8.432927
688106	4.866829
688107	4.3213215
688108	4.321417
688109	-13.723771
688110	8.183967
688111	5.041189
688112	2.3003373
688113	8.160836
688114	-2.9799385
688115	7.8031883
688116	5.4927163
688117	-28.537233
688118	7.795499
688119	10.445049
688120	-1.0489844
688121	4.32135
688122	9.811347
688123	7.6407447
688125	10.962202
688126	9.995443
688127	4.0169854
688128	4.239409
688129	7.9515066
688130	6.9141045
688131	3.7249434
688132	5.496811
688133	3.3186939
688135	9.87084
688136	-18.136852
688137	8.292189
688138	4.292865
688139	5.497076
688141	9.698753
688143	8.651693
688146	5.5207586
688147	7.3055434
688148	7.1353855
688150	4.3468943
688151	11.288546
688152	6.452479
688153	5.4927163
688155	3.7238858
688156	9.991691
688157	8.763762
688158	7.9112673
688159	5.1171227
688160	2.208068
688161	7.7996674
688162	4.327631
688163	-2.228253
688165	9.549896
688166	7.0769773
688167	3.7191203
688168	8.750906
688169	5.1956754
688170	4.609851
688171	6.50569
688172	4.376198
688173	4.321374
688175	4.2115483
688176	9.717398
688177	6.7221847
688178	5.295539
688179	8.714502
688180	5.468917
688181	7.077423
688182	7.0509477
688183	5.2175975
688184	7.5153923
688185	2.140503
688186	4.3156943
688187	-12.912679
688188	5.1550827
688189	9.47112
688190	5.310067
688191	11.188547
688192	5.6100645
688193	10.192597
688195	9.058183
688196	4.374254
688197	-5.1188197
688198	5.325119
688199	4.7350464
688200	3.7191203
688201	9.089514
688202	0.7559653
688203	7.98032
688205	-30.4512
688206	5.508822
688207	7.8256145
688208	6.440957
688209	4.3251367
688210	2.2594838
688211	1.0529875
688212	9.687624
688213	2.3271196
688215	4.2075353
688216	10.62956
688217	3.395128
688218	6.941869
688219	4.5782256
688220	3.7259963
688221	8.298348
688222	4.32135
688223	7.043373
688225	10.999424
688226	5.5073056
688227	9.664098
688228	3.720013
688229	-21.42292
688230	3.7282248
688231	5.4924107
688232	9.707886
688233	5.331928
688234	-4.528134
688235	-27.044022
688236	8.736689
688237	6.6035914
688238	10.672674
688239	4.245617
688244	5.178241
688246	4.32135
688247	2.9449856
688248	6.563589
688249	9.482963
688251	12.168752
688252	7.771614
688253	-14.969028
688255	5.4965334
688256	-1.4443496
688257	6.4790654
688258	-32.485016
688259	-34.310543
688260	6.5048294
688261	3.6866815
688262	8.392189
688265	2.3683486
688266	-30.474852
688267	8.648073
688268	3.7192686
688269	5.535974
688270	4.4961133
688271	9.7416935
688272	6.540476
688273	4.8911204
688275	3.7191865
688276	6.745263
688277	6.665938
688278	5.368136
688279	3.5152118
688280	6.45468
688281	3.7321675
688282	6.7185836
688283	8.783169
688285	8.461174
688286	3.7192247
688287	9.216839
688288	7.0594482
688289	9.482274
688290	2.08784
688291	6.399886
688292	6.9564214
688293	-0.6623639
688295	4.325305
688296	4.457328
688297	8.828095
688298	1.9085948
688299	5.4935865
688300	3.6970408
688301	3.7191203
688302	9.483761
688303	8.914987
688305	3.9070656
688306	9.355888
688307	4.3262577
688308	5.181396
688309	7.6650724
688310	6.8888464
688311	10.007789
688312	5.160259
688313	4.051183
688314	3.5597632
688315	11.40003
688316	6.328081
688317	9.20353
688318	-5.769125
688319	11.259137
688320	6.684406
688321	7.3657856
688322	9.325802
688323	-18.791988
688325	-1.0390404
688326	6.2080145
688327	8.068014
688328	4.312104
688329	6.4812384
688330	9.024236
688331	8.789321
688332	-7.749123
688333	3.7193973
688334	7.5501947
688335	10.120883
688336	7.486888
688337	-9.163963
688338	9.455385
688339	-3.4310284
688343	6.4780226
688345	6.9673843
688347	8.0281105
688348	-15.273319
688349	7.5671864
688350	5.3326097
688351	8.902085
688352	4.32135
688353	5.493825
688355	4.6496406
688356	3.719161
688357	1.9112217
688358	8.729411
688359	4.6047273
688360	-13.915021
688361	5.7375526
688362	4.321355
688363	3.724604
688365	9.413128
688366	7.5685873
688367	9.482334
688368	3.8985448
688369	4.240927
688370	9.09688
688371	9.336382
688372	-28.671305
688373	7.250196
688375	5.315343
688376	6.9357224
688377	5.4613233
688378	3.7190983
688379	10.218817
688380	10.683164
688381	5.146427
688382	8.934581
688383	3.7191203
688385	5.492733
688386	7.7902384
688387	5.666567
688388	5.50683
688389	5.4899197
688390	-13.900524
688391	3.7246015
688392	3.7190294
688393	9.43998
688395	4.419385
688396	5.156833
688398	5.4796553
688399	-16.415562
688400	8.217895
688401	6.7595735
688403	7.0787344
688408	4.783235
688409	3.7191248
688410	9.141156
688416	5.4751387
688418	11.301553
688419	7.0718617
688420	6.5073867
688425	9.246619
688426	9.772968
688428	9.775252
688429	8.9559965
688432	8.742595
688433	6.3839645
688435	4.3214436
688439	3.7190962
688443	6.7622604
688448	9.832157
688450	10.118279
688455	6.1135983
688456	5.4900923
688458	3.7234395
688459	8.651643
688466	8.797656
688468	6.6667094
688469	6.4842334
688472	4.6159363
688475	3.7186992
688478	4.943873
688479	9.19776
688480	7.197733
688484	6.805347
688485	5.580213
688486	3.7169163
688488	5.147484
688489	3.7224743
688496	4.3335414
688498	5.558501
688499	5.497435
688500	11.191691
688501	5.4901333
688502	-6.1534033
688503	-34.742443
688505	9.380057
688506	-12.408625
688507	-1.1664907
688508	3.719121
688509	9.482166
688510	7.079417
688511	7.5763445
688512	4.513684
688513	8.489528
688515	6.0335617
688516	3.7187219
688517	6.2725534
688518	7.324242
688519	9.04451
688520	5.1511154
688521	8.066774
688522	5.8589816
688523	6.814017
688525	5.3790193
688526	9.579987
688528	8.357757
688529	6.101869
688531	3.719773
688533	5.497333
688535	3.9332054
688536	5.1555114
688538	4.109953
688539	5.564519
688543	7.840701
688548	8.079893
688549	7.1448493
688550	3.7192369
688551	5.4967237
688552	9.364523
688553	9.061553
688556	6.676816
688557	8.028136
688558	6.1597085
688559	7.889942
688560	4.3214393
688561	8.403889
688562	9.378048
688563	5.211812
688565	7.451179
688566	6.9205856
688567	4.3213553
688568	3.719973
688569	8.48139
688570	4.32135
688571	4.211008
688573	8.124868
688575	6.3212047
688576	3.719271
688577	3.893623
688578	3.7706323
688579	4.384142
688580	4.900065
688581	6.166712
688582	-10.816114
688584	5.50542
688585	9.081834
688586	6.799729
688588	8.066518
688589	5.4927163
688590	6.943782
688591	4.32135
688592	7.893109
688593	4.342462
688595	3.7234552
688596	4.2599444
688597	9.478372
688598	3.7191203
688599	9.4822235
688600	-18.682997
688601	3.71912
688602	4.3213534
688603	1.0859085
688606	2.059563
688607	4.2445197
688608	7.8222737
688609	11.09705
688610	4.2777104
688611	8.896315
688612	8.231852
688613	-21.378422
688616	8.419916
688617	4.887412
688618	3.7219906
688619	5.101404
688620	4.32135
688621	3.708725
688622	8.335237
688623	3.719302
688625	8.473411
688626	5.174475
688627	2.7186608
688628	9.455018
688629	4.750333
688630	4.032089
688631	4.7283216
688633	4.052872
688636	-8.902752
688638	3.7313433
688639	3.7162461
688646	5.4927163
688648	11.13681
688651	7.1074286
688652	1.9081589
688653	7.1098595
688655	4.324447
688656	6.0544667
688657	3.719226
688658	9.775335
688659	6.8469734
688660	4.5217924
688661	7.794641
688662	6.4571805
688663	4.3213606
688665	4.9964676
688667	3.7191203
688668	-6.8263288
688669	5.5110736
688670	11.174421
688671	4.3251944
688676	6.052189
688677	3.7192354
688678	7.757329
688679	6.807171
688680	5.4927163
688681	4.326135
688682	-10.300997
688683	5.3074265
688685	9.37255
688686	3.7191288
688687	7.4002314
688689	4.3366027
688690	6.4651613
688693	8.088899
688695	6.8139653
688696	3.7191203
688697	4.2395034
688698	5.119032
688699	6.5197597
688700	3.6142414
688701	6.1752996
688702	5.439626
688707	7.0624766
688709	4.32135
688711	5.4998527
688716	7.071499
688717	-10.945667
688718	4.3194747
688719	4.3823533
688720	4.0256824
688722	7.0624275
688728	7.2384953
688733	5.4903636
688737	4.321603
688739	9.01998
688766	6.6612864
688767	-11.925132
688768	4.3553634
688772	6.461058
688776	3.7191176
688777	6.9591746
688778	5.3098125
688779	8.7961
688786	6.7454734
688787	4.611365
688788	6.065723
688789	5.205434
688793	6.613309
688798	8.199776
688799	2.1768177
688800	3.8985
688819	7.975017
688981	-1.5484133
689009	-12.584911
