1	7.206175
2	8.296949
4	-10.716906
6	1.9083084
7	3.5060806
8	-11.472328
9	6.385678
10	7.4192934
11	-0.93782955
12	-15.055809
14	3.521508
16	-10.234075
17	5.4885764
19	12.10953
20	9.101479
21	5.3727956
25	7.4458566
26	8.186599
27	5.414667
28	3.719265
29	9.213677
30	7.0631933
31	9.897781
32	5.852832
34	-10.302642
35	5.743096
36	8.43918
37	3.685938
39	4.9135637
40	7.185322
42	5.7434115
45	9.222227
48	8.853591
49	4.7152586
50	-10.348619
55	7.868022
56	7.299408
58	9.5387125
59	10.1868305
60	7.054316
61	7.950342
62	-21.282213
63	4.8132944
65	3.7326488
66	8.163946
68	12.196121
69	2.1081388
70	9.939134
78	-10.837671
88	6.137908
89	8.851012
90	6.4162226
96	10.393701
99	-3.394758
100	8.395331
151	9.290277
153	2.86458
155	5.4909854
156	-12.941773
157	5.1407514
158	11.916911
159	9.771396
166	-15.553095
301	8.237646
333	10.17149
338	8.201265
400	3.723556
401	11.28702
402	6.343289
403	4.027708
404	7.5416746
407	-13.68991
408	5.7776594
409	9.210966
410	7.926635
411	10.675004
415	3.468302
417	8.993063
419	2.0476801
420	6.3137054
421	-1.1550262
422	7.7503266
423	-2.6585798
425	6.9082837
426	5.1402326
428	9.152683
429	3.2484562
430	7.006475
488	6.6521335
498	8.80547
501	4.6587024
503	5.271865
504	9.776185
505	9.3662195
506	10.991954
507	8.404334
509	9.478908
510	9.481571
513	12.217108
514	10.462187
516	6.5355725
517	-32.230484
518	9.326539
519	10.277593
520	10.150428
521	2.0409067
523	8.735895
524	-0.6334233
525	-22.757664
526	-1.7983829
528	3.1308336
529	4.447989
530	-5.525091
531	6.3262343
532	-4.622803
533	9.179025
534	9.0977125
536	-19.260607
537	7.9200897
538	7.2647524
539	5.4391093
541	-0.73473257
543	6.056181
544	7.0203433
545	11.2752285
546	0.2015148
547	1.9533931
548	10.338418
550	8.231471
551	3.9754581
552	6.8685536
553	10.795677
554	5.0578413
555	11.0949335
557	2.3483715
558	9.577213
559	7.765422
560	8.46116
561	11.285772
563	2.5980375
564	9.969226
565	9.45483
566	8.836606
567	4.1998644
568	7.508374
570	9.482113
571	11.389535
572	9.482571
573	10.361727
576	5.553467
581	6.3473363
582	-27.211779
584	7.6175284
586	9.479771
589	6.12411
590	11.128589
591	8.862368
592	8.539108
593	10.844023
595	9.762921
596	7.480259
597	8.675025
598	2.053236
599	9.4846525
600	3.719705
601	6.684753
603	4.9010324
605	8.469465
607	7.282545
608	9.482193
609	9.090296
610	7.1486816
612	5.271008
615	5.4883385
617	-8.28326
619	-12.853511
620	8.066227
622	11.046274
623	3.5374818
625	4.0305414
626	5.4945545
627	-1.2210472
628	-12.4804
629	6.0680895
630	5.1942415
631	10.096415
632	9.370234
633	9.295406
635	8.470908
636	6.432672
637	8.228909
638	6.840681
639	9.352143
650	6.3342676
651	-17.816425
652	-4.1479216
655	4.4896145
656	2.4502268
657	5.186321
659	-27.017202
661	3.7191396
663	9.859838
665	-21.804386
668	9.47117
669	9.081668
670	1.8476771
672	-41.916267
676	2.9271655
677	3.3943539
678	9.480515
679	9.531882
680	4.9821243
681	3.1174448
682	7.527273
683	3.7246842
685	5.278187
686	-16.64727
688	7.257245
690	7.905093
691	9.756745
692	-7.480686
695	9.477291
697	7.362618
698	9.456079
700	-10.303013
701	11.257465
702	9.482423
703	4.8044357
705	4.145915
707	7.628783
708	6.2871933
709	10.723053
710	7.5409784
711	6.942617
712	1.8011001
713	1.9580562
715	9.353064
716	9.582286
717	8.625451
718	8.968058
719	-21.725767
720	8.607434
721	7.70416
722	3.72458
723	6.428205
725	7.112726
726	6.417824
727	11.30049
728	7.09646
729	-9.302007
731	7.288687
733	8.158699
735	9.205623
736	6.680083
737	5.118776
738	8.406867
739	-37.236275
750	-18.784424
751	9.391862
752	-16.80467
753	8.70953
755	9.916998
756	1.9423789
757	7.390975
758	3.824187
759	9.812978
761	9.372215
762	-10.392174
766	6.818274
767	9.683126
768	10.1954565
776	4.75775
777	-19.692873
778	8.907411
779	9.333292
782	7.489619
783	8.559631
785	6.7032304
786	-0.45027688
788	4.5924673
789	9.756878
790	-12.975789
791	6.5938644
792	5.3978643
793	8.381941
795	10.112715
796	10.748886
797	8.019073
798	9.456677
799	5.273986
800	10.778982
801	-7.6411057
802	10.041363
803	9.4675665
807	5.9369645
809	-0.20370273
810	-39.86108
811	5.4261074
812	6.4653125
813	7.2783055
815	1.3626506
816	8.751296
818	3.0602872
819	-22.95289
820	9.478946
821	5.5037923
822	11.769651
823	9.5123625
825	0.4073478
826	9.482338
828	7.7297087
829	2.0101006
830	3.9395838
831	6.2228804
833	-15.197361
837	10.281263
838	10.288262
839	6.4699025
848	2.0474136
850	7.1605086
851	9.592792
852	8.860437
856	10.366915
858	3.0876951
859	9.346387
860	6.8146944
862	7.0712876
863	6.850536
868	3.8990004
869	9.971114
875	7.6771636
876	10.402981
877	8.55279
878	5.9374013
880	-0.046284605
881	-8.931804
882	6.6082044
883	7.0809913
885	9.352948
886	11.023291
887	8.21226
888	-7.9705453
889	3.012434
890	9.468076
892	8.854535
893	-37.918373
895	7.603156
897	10.713485
898	10.768732
899	5.9851975
900	-36.747322
901	-10.162589
902	7.4266243
903	11.118981
905	10.335439
906	3.639162
908	-45.703022
909	8.563373
910	10.077745
911	10.713
912	9.497042
913	-7.407726
915	6.2635007
917	-0.8549681
919	10.27602
920	10.710445
921	7.730492
922	-26.103138
923	4.393945
925	7.063684
926	7.2556896
927	9.148851
928	9.552647
929	8.489183
930	10.536542
931	6.993795
932	8.821152
933	5.165365
935	4.9695225
936	1.7964455
937	6.617738
938	6.522347
948	-22.740545
949	8.99551
950	9.021036
951	-9.768816
952	10.4684925
953	9.572504
955	-15.25476
957	4.751339
958	-14.292981
959	9.717695
960	6.1825542
962	7.425997
963	-38.045723
965	9.489342
966	8.142653
967	9.492596
968	6.357846
969	4.1267996
970	1.9117098
972	11.099415
973	-3.7956727
975	9.368043
977	3.8396714
978	11.452802
980	9.482164
981	7.034501
983	-6.791885
985	8.282883
987	6.87074
988	10.423168
989	8.175652
990	6.486917
993	7.937097
995	8.494979
997	8.629957
998	10.408613
999	-1.5623332
1201	8.822986
1202	11.021958
1203	7.070883
1205	5.411344
1206	7.74237
1207	5.59158
1208	9.230642
1209	9.004136
1210	4.325465
1211	10.613293
1212	9.73972
1213	11.003273
1215	7.074836
1216	6.997298
1217	6.846123
1218	9.488391
1219	8.432359
1222	6.4653106
1223	2.9474351
1225	6.5412264
1226	4.3215537
1227	10.584793
1228	9.5146055
1229	9.356024
1230	8.607938
1231	10.40222
1234	8.600897
1236	-15.393467
1238	-0.35898405
1239	9.650523
1255	10.459587
1256	8.449021
1258	8.77972
1259	7.2541747
1260	11.191394
1266	9.291292
1267	-15.786341
1268	9.353988
1269	8.453494
1270	-0.24975865
1278	7.663716
1282	5.8171763
1283	3.7191186
1286	6.9195137
1287	-17.284248
1288	9.397694
1289	9.063727
1296	8.764312
1298	-42.324394
1299	9.983183
1300	4.5036225
1301	-1.9905007
1306	1.7495071
1308	4.030025
1309	6.424812
1311	3.7191877
1313	6.066773
1314	-40.10883
1316	8.372132
1317	10.122792
1318	1.3945804
1319	11.191703
1322	12.376485
1323	10.161134
1324	10.378296
1326	6.735546
1328	9.482761
1330	6.967309
1331	9.449648
1332	9.116521
1333	6.026708
1336	8.690475
1337	11.188013
1338	8.56742
1339	0.21390674
1358	9.772513
1359	11.134499
1360	8.113545
1366	7.9969425
1367	-18.977491
1368	6.690852
1373	8.723528
1376	4.916767
1378	9.40931
1379	9.34695
1380	7.5908256
1387	11.028329
1389	-4.328033
1696	-1.3007683
1872	7.6924396
1896	4.210206
1914	3.2867541
1965	-19.971546
1979	11.189282
2001	8.365853
2003	-9.21234
2004	-19.740456
2005	9.707319
2006	3.7228537
2007	1.3700078
2008	0.7741159
2009	-12.411398
2010	9.9291115
2011	8.217411
2012	-13.282334
2014	7.0013876
2015	8.830603
2016	-0.97056925
2017	10.426522
2019	-6.7061005
2020	-43.65725
2021	4.32135
2022	-25.059923
2023	2.1207762
2024	9.596294
2025	-12.588239
2026	10.0075445
2027	-1.3326584
2028	1.1908334
2029	10.024279
2030	-24.979584
2031	4.01946
2032	6.6920505
2033	4.8818617
2034	-30.04614
2035	-11.395825
2036	-5.4326286
2037	-40.741173
2038	3.8460047
2039	7.1840696
2040	9.995178
2041	10.331043
2042	7.104296
2043	2.2497566
2044	9.705062
2045	7.6716223
2046	1.9308754
2047	9.798449
2048	4.0288024
2049	5.150105
2050	2.054489
2051	-8.799075
2052	7.1011715
2053	6.046375
2054	9.376568
2055	2.638536
2056	1.520883
2057	4.0403805
2058	10.099074
2059	11.939857
2060	8.738811
2061	7.827299
2062	10.398097
2063	10.092676
2064	-1.5737709
2065	-5.0000763
2066	9.268956
2067	9.505429
2068	3.7191226
2069	10.009839
2072	11.152501
2073	8.194486
2074	9.6365185
2075	6.205709
2076	8.54609
2077	9.960726
2078	-0.23385061
2079	4.10553
2080	3.7191203
2081	7.9368343
2082	8.850195
2083	10.498764
2084	8.737271
2085	4.0366254
2086	-15.777557
2088	5.310196
2090	3.7194605
2091	5.1911187
2092	-0.84734887
2093	0.2691835
2094	-12.363949
2095	-0.676923
2096	2.1491046
2097	8.861904
2098	-21.891592
2099	3.3125648
2100	5.293874
2101	7.24725
2102	10.335115
2103	11.11402
2104	-36.404102
2105	6.2933617
2106	0.36814415
2107	1.8770026
2108	7.4100237
2109	7.7320857
2110	4.3366027
2111	5.1526113
2112	8.241367
2114	10.218224
2115	9.109674
2116	4.318233
2117	-1.5766968
2119	1.6776488
2120	3.9585295
2121	-0.32566002
2122	10.191468
2123	4.4857674
2124	-12.587672
2125	3.73752
2126	5.8502088
2127	12.023064
2128	5.9371386
2129	2.2496018
2130	-2.7647395
2131	-10.463707
2132	10.539772
2133	9.369558
2134	9.59632
2135	11.264772
2136	6.891133
2137	7.0194435
2138	7.1441307
2139	-5.6001086
2140	3.7236156
2141	7.918213
2142	4.097154
2144	11.15548
2145	9.706564
2146	7.5280867
2148	3.371344
2149	-4.718769
2150	1.6178714
2151	-9.056139
2152	5.347552
2153	1.8518422
2154	3.7191527
2155	5.146901
2156	6.2847905
2157	6.4201636
2158	-12.625658
2159	9.107191
2160	6.8788733
2161	5.422923
2162	8.521988
2163	8.656376
2164	5.731126
2165	8.031301
2166	8.893485
2167	3.9041271
2168	-10.301499
2169	1.8025968
2170	1.4339981
2171	4.8552675
2172	11.300993
2173	11.021543
2174	7.976754
2175	8.919575
2176	4.5511
2177	11.310968
2178	10.41692
2179	9.166987
2180	5.3156943
2181	4.5392833
2182	3.719159
2183	4.1611867
2184	9.369305
2185	6.083804
2186	10.334669
2187	9.504614
2188	6.771422
2189	2.49606
2190	9.269896
2191	9.4650135
2192	4.4228034
2193	5.529992
2194	1.904076
2195	0.9100908
2196	8.91004
2197	5.437097
2198	4.4784155
2199	7.003021
2200	8.281372
2201	6.5265946
2202	-5.9658356
2203	11.184874
2204	8.365229
2205	10.9248295
2206	3.7241175
2207	9.734522
2208	4.542344
2209	5.1434836
2210	8.919762
2211	9.283219
2212	11.888237
2213	9.482185
2214	4.588129
2215	3.7213426
2216	9.817276
2217	2.0794985
2218	6.3876805
2219	2.6127124
2221	-8.644305
2222	8.606626
2223	4.261702
2224	9.471986
2225	4.335941
2226	2.6641514
2227	9.336234
2228	9.807797
2229	3.7191186
2230	3.730974
2231	-4.5830936
2232	1.960151
2233	9.618133
2234	12.039691
2235	9.9184265
2236	4.027196
2237	5.2301545
2238	11.298747
2239	8.398585
2240	4.323242
2241	8.659834
2242	1.467319
2243	12.055238
2244	-1.0354376
2245	3.2756088
2246	6.179378
2247	-0.008166921
2248	9.774794
2249	8.393962
2250	11.120476
2251	12.241137
2252	6.7289777
2253	3.9754765
2254	2.023473
2255	7.734069
2256	-21.424412
2258	9.582657
2259	8.958823
2261	-9.444388
2262	4.2669263
2263	9.481827
2264	7.7926025
2265	9.461694
2266	9.917028
2267	6.0533214
2268	4.5794363
2269	9.722141
2270	8.530138
2271	3.7192552
2272	-0.36241117
2273	5.7246885
2274	7.0805235
2275	-33.206833
2276	5.9079175
2277	9.491932
2278	10.692044
2279	5.8942647
2281	4.763622
2282	10.111663
2283	11.057817
2284	-1.9951022
2285	9.503998
2286	8.772885
2287	6.860744
2289	5.718063
2290	7.000039
2291	11.187918
2292	0.22636822
2293	8.599344
2294	7.611803
2295	9.383137
2296	7.7302694
2297	11.134206
2298	9.499536
2299	8.420983
2300	1.9642415
2301	8.274481
2302	11.243036
2303	9.482065
2304	7.950831
2305	7.2651844
2306	5.7432904
2307	7.2264347
2308	5.2651014
2309	-14.970653
2310	-8.414752
2311	3.9254498
2312	3.9387794
2313	9.385437
2314	9.482818
2315	7.395164
2316	6.5470467
2317	-10.301046
2318	4.9879756
2319	11.32268
2320	7.607372
2321	8.994057
2322	3.230579
2323	7.507429
2324	3.7234116
2326	-1.2115964
2327	3.7191203
2328	6.072511
2329	8.573389
2330	11.246781
2331	4.9737225
2332	-37.969025
2333	6.587481
2334	2.1913288
2335	3.7192957
2336	9.774213
2337	9.926616
2338	3.5117054
2339	9.365309
2340	4.5674777
2342	9.51915
2343	9.468068
2344	10.368861
2345	-3.4885163
2346	8.693323
2347	8.476591
2348	8.967773
2349	8.754903
2350	9.259615
2351	5.4206033
2352	10.052651
2353	3.7406173
2354	8.728557
2355	5.7038083
2356	9.455153
2357	8.479247
2358	10.448323
2360	6.71974
2361	9.286669
2362	6.96022
2363	10.333673
2364	-12.15972
2365	10.133098
2366	-19.661585
2367	4.96656
2368	5.5684047
2369	-16.233421
2370	-16.614935
2371	7.870729
2372	5.319358
2373	5.78602
2374	9.1940775
2375	8.7367735
2376	6.8993616
2377	10.916957
2378	7.8457174
2379	5.7553616
2380	4.2244487
2381	4.0395336
2382	8.700892
2383	8.593987
2384	-7.2218614
2385	4.504197
2386	9.4426
2387	9.480621
2388	-21.117575
2389	2.049338
2390	-14.049241
2391	1.5052782
2392	11.155402
2393	4.437404
2394	10.311643
2395	-1.8842425
2396	-10.295281
2397	-21.132965
2398	11.808811
2399	4.921994
2400	1.8291774
2401	-12.389423
2402	3.9279501
2403	11.192946
2404	9.553081
2405	8.891708
2406	9.420851
2407	3.7227986
2408	9.655257
2409	3.5423374
2410	8.031961
2412	-13.101356
2413	9.444176
2414	-10.709899
2415	3.747057
2416	-38.299362
2418	10.3734455
2419	8.6542425
2420	8.375682
2421	2.3957117
2422	1.7924266
2423	6.8328147
2424	-10.216957
2425	-21.369076
2426	-0.33547205
2427	9.78839
2428	6.1414094
2429	-11.57348
2430	5.310077
2431	11.222483
2432	6.9004335
2434	8.179259
2436	1.7965523
2437	7.7390223
2438	-18.513645
2439	3.7192013
2440	6.8659134
2441	0.5211493
2442	7.685053
2443	10.690526
2444	-0.26645738
2445	7.687568
2446	9.344802
2448	7.0041013
2449	8.724985
2451	-16.164383
2452	4.544927
2453	5.479554
2454	10.691847
2455	3.5038474
2456	-13.192869
2457	3.1175184
2458	6.5486875
2459	10.734601
2460	7.99085
2461	1.3627129
2462	10.344494
2463	6.070203
2465	6.8624783
2466	3.71912
2467	-32.325527
2468	9.482158
2469	3.26641
2470	9.030224
2471	8.091307
2472	4.5902505
2474	6.706273
2475	3.5696259
2476	6.0240207
2478	7.19801
2479	4.0602217
2480	11.118035
2481	7.5807076
2482	5.3360066
2483	10.52963
2484	5.7704654
2485	8.909412
2486	12.176066
2487	3.7259467
2488	8.662802
2489	-21.795448
2490	8.878252
2491	10.685272
2492	12.204978
2493	5.1615543
2494	9.585492
2495	9.482166
2496	2.71533
2497	9.641418
2498	7.557136
2500	5.5782533
2501	10.440025
2506	6.8395104
2507	6.342752
2508	6.3172464
2510	6.9378343
2511	5.8762712
2512	10.101029
2513	8.646224
2514	9.475172
2515	-21.62061
2516	4.1199336
2517	5.3080673
2518	6.3787003
2519	-13.228157
2520	-12.024688
2521	7.495693
2522	9.864261
2523	9.461659
2524	9.479513
2526	10.562274
2527	-11.314434
2528	9.101179
2529	9.48377
2530	9.563721
2531	3.7227097
2532	5.1226196
2533	5.310224
2534	10.858696
2535	7.7918253
2536	6.7118344
2537	-2.1019573
2538	9.477062
2539	3.9159555
2540	5.276259
2541	3.7375414
2542	9.366232
2543	8.127389
2544	4.035075
2545	7.904065
2546	2.0469682
2547	-16.234219
2548	8.02365
2549	-5.1809497
2550	4.9487395
2551	1.0544764
2552	-0.04321272
2553	6.9872417
2554	9.997647
2555	2.0259728
2556	8.258973
2557	3.6070096
2558	-32.71668
2559	6.3434167
2560	10.59211
2561	10.316496
2562	10.971926
2563	7.7974157
2564	7.9018564
2565	9.128772
2566	9.376116
2567	8.73793
2568	-8.945034
2569	6.9343114
2570	-3.0322948
2571	-0.70927835
2572	5.648281
2573	8.340698
2574	12.112291
2575	7.40615
2576	9.482162
2577	8.76683
2578	11.303652
2579	-4.9882
2580	11.324278
2581	8.356913
2582	7.5936837
2583	11.040486
2584	10.885405
2585	4.9240513
2586	9.5242605
2587	5.1032505
2588	5.172284
2589	-15.151079
2590	4.723704
2591	-11.986282
2592	9.027391
2593	8.987469
2594	4.872016
2595	7.827738
2596	11.130524
2597	10.457994
2598	9.634891
2599	9.046443
2600	8.181833
2601	7.762103
2602	11.188788
2603	1.7734467
2605	4.6433578
2606	-0.9872787
2607	9.1418295
2608	6.2804003
2609	2.1067908
2611	5.1772885
2612	7.9246955
2613	10.459335
2614	10.655589
2615	7.5329576
2616	11.142266
2617	-22.401669
2620	9.297593
2622	-0.4015894
2623	6.668207
2624	9.713762
2625	5.3085313
2626	-1.6001185
2627	10.350832
2628	9.800634
2629	9.468105
2630	-19.271093
2631	-27.159168
2632	-6.610175
2633	11.156834
2634	5.1473618
2635	6.228383
2636	10.096732
2637	10.67496
2638	10.276735
2639	5.5847974
2640	6.3141413
2641	8.633207
2642	-19.27206
2643	3.9223459
2644	-6.1648455
2645	9.047052
2646	9.839582
2647	-18.62206
2648	8.546782
2649	4.816135
2650	11.191692
2651	6.7088737
2652	-24.07646
2653	-2.0313685
2654	5.3908854
2655	4.0470533
2656	3.9759076
2657	6.026552
2658	10.527045
2659	9.775248
2660	9.308507
2661	7.471775
2662	9.315517
2663	10.4306
2664	5.557428
2666	9.898235
2667	11.029496
2668	2.1662128
2669	11.094578
2670	8.753273
2671	9.624494
2672	9.775299
2673	12.39709
2674	7.725972
2675	4.2932663
2676	11.3898735
2677	6.2438626
2678	10.661566
2679	5.6651683
2681	1.9111273
2682	10.546056
2683	6.641408
2685	9.678754
2686	11.186249
2687	9.71192
2688	12.9635515
2689	5.928418
2690	8.372135
2691	10.003631
2692	8.717629
2693	8.385135
2694	5.493095
2695	11.266391
2696	11.256902
2697	-0.2872338
2698	-12.545787
2700	-13.042158
2701	-19.802122
2702	6.931994
2703	10.62858
2705	6.47845
2706	3.7595894
2707	-11.352102
2708	7.429421
2709	3.7191615
2712	9.480557
2713	10.374876
2714	5.2562995
2715	4.3277407
2716	5.580744
2717	6.6912136
2718	11.329373
2719	11.290694
2721	6.7970657
2722	3.9088185
2723	6.455876
2724	9.019372
2725	10.9721775
2726	9.062367
2727	5.4883413
2728	4.8820686
2729	9.514733
2730	9.79606
2731	7.5486517
2732	1.668284
2733	10.2104645
2734	9.534067
2735	9.686977
2736	-14.927632
2737	-5.125756
2738	12.035455
2739	5.6875286
2741	8.194249
2742	-1.3037552
2743	8.801516
2745	9.420503
2746	11.149945
2747	0.56697065
2748	-19.257393
2749	-2.972606
2750	9.477232
2752	9.318744
2753	8.556108
2755	-15.292532
2756	6.1400104
2757	7.649946
2758	5.414482
2759	6.958847
2760	9.462832
2761	8.49717
2762	9.847027
2763	9.809174
2765	10.597357
2766	4.295282
2767	5.684807
2768	2.1368825
2769	8.02746
2771	-30.54613
2772	-13.808946
2773	4.6527786
2774	10.671171
2775	-0.51711756
2777	-2.9878263
2778	10.223954
2779	-23.576952
2780	9.480573
2782	5.980935
2783	7.9932556
2785	9.656572
2786	4.4016633
2787	7.834406
2788	8.213181
2789	8.656468
2790	6.0864015
2791	3.7190654
2792	1.0251453
2793	4.711449
2795	9.11791
2796	-1.4255344
2797	-0.21559313
2798	9.297161
2799	10.593128
2800	10.453019
2801	4.294313
2802	9.760233
2803	5.7104487
2805	9.457388
2806	9.458718
2807	10.435158
2808	10.424379
2809	9.744095
2810	2.0472722
2811	9.325271
2812	3.7191203
2813	7.9187922
2815	5.1072145
2816	6.4322014
2817	11.575302
2818	8.937026
2819	-17.492668
2820	9.402308
2821	1.9080011
2822	9.346261
2823	8.729291
2824	4.5607147
2825	9.523661
2826	9.438965
2827	-10.2257
2828	11.351649
2829	-10.3010845
2830	-8.931799
2831	5.2661853
2832	7.750742
2833	-3.6109755
2835	7.187862
2836	5.7151747
2837	6.3875995
2838	6.430945
2839	11.180688
2840	6.731928
2841	8.671923
2842	10.378019
2843	-0.7197609
2845	-7.846437
2846	7.794992
2847	1.3898356
2848	9.502351
2849	5.602698
2850	-1.2590911
2851	3.861409
2852	7.862927
2853	7.462532
2855	7.3518767
2856	9.828355
2857	10.526641
2858	9.4137535
2859	3.7191203
2860	11.302072
2861	9.47743
2862	9.482334
2863	9.710718
2864	9.93887
2865	4.677931
2866	6.8843164
2867	5.4971657
2868	7.238797
2869	4.0118423
2870	-0.88365513
2871	8.945745
2872	-10.475211
2873	9.457173
2875	9.435736
2876	5.5955954
2877	9.369564
2878	-4.475391
2879	5.514083
2880	2.1768441
2881	-38.112377
2882	5.499184
2883	10.841697
2884	2.2591457
2885	-9.952141
2886	3.6800919
2887	9.362045
2888	-19.2602
2889	7.6923075
2890	9.773966
2891	0.12260904
2892	2.2204194
2893	4.247003
2895	10.54244
2896	-1.4903405
2897	1.9461256
2898	10.532053
2899	6.7030926
2900	11.8556385
2901	9.209552
2902	7.2680874
2903	6.6181793
2905	10.308384
2906	8.971817
2907	9.4571705
2908	9.844711
2909	7.6256704
2910	9.452947
2911	-1.8306495
2912	-9.040124
2913	6.416053
2915	-18.900906
2916	3.1201086
2917	9.4426365
2918	9.3004265
2919	-5.249932
2920	0.36951807
2921	9.445321
2922	6.0112443
2923	-5.0252953
2925	11.341334
2926	6.228778
2927	4.5280185
2928	7.639892
2929	7.1277957
2930	6.459362
2931	9.382052
2932	-22.828943
2933	8.597255
2935	-4.3099174
2936	10.574948
2937	6.769282
2938	3.1063292
2939	0.5093493
2940	8.121866
2941	10.617254
2942	9.368619
2943	5.5314646
2945	10.148834
2946	9.275856
2947	4.820393
2948	10.551337
2949	11.273843
2950	9.561686
2951	8.592072
2952	-17.695835
2953	9.481485
2955	5.547447
2956	1.9746978
2957	9.520377
2958	10.528111
2959	4.2235413
2960	5.5566583
2961	11.192355
2962	9.462434
2963	8.07885
2965	5.541192
2966	10.433537
2967	11.111375
2968	-15.843675
2969	8.266047
2970	4.485818
2971	4.327234
2972	-20.137043
2973	5.700951
2975	-5.3297505
2976	10.09812
2977	0.23546389
2978	4.393757
2979	-36.663082
2980	11.05527
2981	7.5486193
2982	8.316153
2983	8.795446
2984	6.9037123
2985	6.754037
2986	4.631725
2987	-6.66949
2988	7.0931377
2989	5.1482306
2990	-0.95298064
2991	8.160928
2992	3.6683404
2993	3.955219
2995	-12.779442
2996	6.4531727
2997	5.9876165
2998	7.3669844
2999	7.7227254
3000	6.874313
3001	-18.65991
3002	8.323291
3003	4.294987
3004	10.268827
3005	8.547657
3006	10.54369
3007	6.7696137
3008	8.655055
3009	10.3846035
3010	11.156679
3011	9.438049
3012	7.427088
3013	8.010891
3015	9.690349
3016	10.592774
3017	11.302021
3018	-4.1624165
3019	8.232911
3020	-25.141743
3021	6.4674034
3022	6.4538865
3023	10.414615
3025	-12.69238
3026	-5.6453676
3027	6.7401514
3028	4.02711
3029	11.192151
3030	7.686237
3031	4.649975
3032	10.09148
3033	4.5508943
3035	8.338832
3036	9.477231
3037	4.2738466
3038	5.5345078
3039	4.3867545
3040	7.4541655
3041	7.900476
3042	9.26032
3043	-11.663597
3816	11.117119
300001	4.122623
300002	-9.502274
300003	8.144045
300004	-16.391438
300005	-30.559095
300006	-15.683997
300007	-1.5845451
300008	9.685393
300009	1.4859457
300010	8.2695265
300011	-43.396286
300012	6.0195017
300013	11.156957
300014	1.821112
300015	1.9308121
300016	4.1822224
300017	7.5306263
300018	-21.842009
300019	1.9696164
300020	9.482175
300021	10.027595
300022	8.698908
300024	-1.5214547
300025	4.242102
300026	9.847801
300027	-40.46675
300029	8.461802
300030	4.254843
300031	7.7642727
300032	2.8783512
300033	0.0010236355
300034	3.7191195
300035	7.909953
300036	-18.727314
300037	-14.8896055
300039	4.597562
300040	4.114967
300041	-37.161583
300042	-10.098021
300043	-40.66836
300044	-10.303983
300045	-10.7296
300046	3.9561126
300047	-30.55509
300048	6.380066
300049	4.7587423
300050	-50.32961
300051	-1.4644414
300052	8.723518
300053	-10.104267
300054	1.3121156
300055	-38.057194
300056	3.7191167
300057	9.480376
300058	-12.928198
300059	10.863571
300061	-12.715299
300062	-4.460029
300063	-38.24749
300065	2.0900376
300066	-36.56748
300067	5.4257107
300068	4.32135
300069	9.33122
300070	5.1796775
300071	-21.413029
300072	-11.050072
300073	3.71912
300074	-38.950684
300075	1.1147519
300076	-17.208147
300077	8.241856
300078	-18.863338
300079	-43.39437
300080	9.437753
300081	-0.42394787
300082	-5.295048
300083	-38.301937
300084	8.19421
300085	2.2586408
300086	0.9392649
300087	8.014385
300088	-5.6827126
300091	2.1088495
300092	-16.514387
300093	5.1471376
300094	-13.082771
300095	-0.19331744
300096	7.6865306
300097	7.3548517
300098	4.3813524
300099	-11.783565
300100	-12.578268
300101	7.666194
300102	5.4461565
300103	-13.394293
300105	3.7198918
300106	7.405571
300107	6.176925
300108	7.1656003
300109	-2.7506468
300110	-19.28892
300111	6.141621
300112	-11.127764
300113	-31.593964
300114	7.020121
300115	5.9923377
300117	-33.31737
300118	6.2703648
300119	10.255128
300120	8.733269
300121	-4.062179
300122	8.923126
300123	9.482101
300124	7.270021
300125	10.446976
300126	-0.36451805
300127	5.3040576
300128	-10.506863
300129	-3.406648
300130	3.3055558
300131	-36.79689
300132	-22.523561
300133	4.5410595
300134	-0.5898095
300135	-17.53749
300136	4.877075
300137	7.267122
300138	3.7193568
300139	-10.04501
300140	8.63231
300141	6.73882
300142	0.9337195
300143	-1.7677288
300144	5.847481
300145	-10.759804
300146	4.8378906
300147	4.6784034
300148	-3.0227392
300149	0.5923903
300150	-19.173023
300151	-8.453688
300152	9.548758
300153	8.724597
300154	3.1565082
300155	-0.3924606
300157	8.6960945
300158	10.762129
300159	4.6822243
300160	6.33745
300161	3.6481478
300162	-13.196227
300163	7.3577414
300164	9.705169
300165	7.331891
300166	-7.062632
300167	9.832595
300168	-12.015252
300169	9.482163
300170	-1.5755647
300171	1.9665254
300172	-10.30071
300173	11.296925
300174	6.441136
300175	7.893461
300176	8.177326
300177	4.2918444
300179	-0.43398112
300180	-21.1124
300181	8.776898
300182	-2.1157556
300183	-30.51523
300184	-40.49261
300185	8.400707
300187	-12.367806
300188	3.2163522
300189	8.662169
300190	2.0114882
300191	-7.8046136
300192	-16.788765
300193	11.528319
300194	-15.24842
300195	4.7661433
300196	7.7136254
300197	5.232152
300198	-15.374999
300199	5.2455254
300200	6.453747
300201	-3.2324586
300203	9.293575
300204	-6.1655407
300205	3.7234488
300206	-17.53731
300207	4.8156705
300208	9.561531
300209	-21.02733
300210	5.304541
300211	1.1868932
300212	-12.467813
300213	-27.118607
300214	9.326855
300215	-1.1045225
300217	7.295867
300218	6.746509
300219	-0.32050523
300220	-0.22517994
300221	9.282909
300222	-6.581709
300223	4.441677
300224	5.3134127
300225	4.0336123
300226	0.90524065
300227	9.347585
300228	-38.940937
300229	5.223853
300230	10.924172
300231	-23.209866
300232	-7.746138
300233	6.4652877
300234	11.366233
300235	8.192302
300236	1.396097
300237	-5.719354
300238	-9.832413
300239	10.1276655
300240	8.018581
300241	2.4266262
300242	-20.68002
300243	4.1578584
300244	-3.0583837
300245	8.517767
300246	-20.133913
300247	-15.546068
300248	-38.086674
300249	3.011966
300250	6.1960006
300251	3.7209678
300252	1.9222375
300253	-9.746612
300254	2.803103
300255	-5.8486404
300256	9.511826
300257	5.150087
300258	8.260898
300259	-30.516493
300260	3.5318937
300261	1.284015
300263	-0.2552068
300264	2.1081285
300265	9.474083
300266	-0.56807494
300267	9.292794
300268	6.5943265
300269	9.203317
300270	5.202267
300271	2.634895
300272	8.859293
300274	-12.015683
300275	-0.46931398
300276	-1.6004758
300277	7.4196615
300278	-0.3624216
300279	-0.76869977
300280	9.085651
300281	8.556001
300283	9.057858
300284	8.476537
300285	9.143076
300286	3.7286417
300287	9.281064
300288	-14.666139
300289	-18.425167
300290	-12.921395
300291	-37.71638
300292	-33.983646
300293	-7.873804
300294	-0.27728838
300295	-29.90948
300296	-12.52079
300298	2.0654573
300299	-40.80949
300300	8.960885
300301	6.629087
300302	-10.304358
300303	-18.04994
300304	6.416121
300305	7.6000514
300306	-37.827885
300307	11.191526
300308	3.8837795
300310	-0.36880788
300311	5.9363494
300313	11.970579
300314	-10.270737
300315	-22.696184
300316	3.7191203
300317	9.303764
300318	-36.55097
300319	4.6468077
300320	5.444302
300321	2.1553535
300322	0.5847604
300323	-2.2819111
300324	-19.76917
300326	-8.71056
300327	3.1589253
300328	9.333126
300329	9.329398
300331	1.8422017
300332	5.541357
300333	9.563746
300334	-1.7472372
300335	-15.4749775
300337	5.897497
300338	10.101051
300339	1.776271
300340	5.267225
300341	10.232155
300342	1.9084928
300343	3.7197592
300344	-1.3007439
300345	4.8134937
300346	9.662267
300347	-10.303916
300348	-1.575545
300349	1.8340012
300350	9.5462675
300351	-0.9397754
300352	-0.060163803
300353	-6.0744677
300354	3.8241587
300355	-1.9059587
300357	-5.9526706
300358	-41.098225
300359	1.8421017
300360	5.332022
300363	3.8214142
300364	-3.6190238
300365	-37.18964
300366	-18.03325
300368	9.4817915
300369	-26.36698
300370	9.117488
300371	-40.794537
300373	5.8476014
300374	9.940323
300375	9.429998
300376	0.91746163
300377	2.9977
300378	-38.15444
300379	-43.46977
300380	-10.301107
300381	6.860244
300382	7.878927
300383	6.913217
300384	8.189562
300385	-20.699425
300386	8.330502
300387	9.344169
300388	7.9405303
300389	1.1755639
300390	2.0989807
300391	7.893881
300393	1.0560473
300394	6.8725944
300395	-7.7281384
300396	7.5335455
300397	11.012638
300398	-6.7640495
300399	5.7525554
300400	-40.570724
300401	-12.989809
300402	-15.299371
300403	-16.587679
300404	-9.9426565
300405	4.4500594
300406	5.0084715
300407	-30.450178
300408	9.642592
300409	5.4231043
300410	3.6335247
300411	4.6929965
300412	-21.413984
300413	-4.9348607
300414	4.562305
300415	7.753772
300416	1.783907
300417	9.601805
300418	5.890773
300419	3.481616
300420	-14.186905
300421	9.4827
300422	8.900376
300423	-0.3545125
300424	9.482158
300425	-25.550499
300426	-7.8666244
300427	10.888329
300428	3.8039956
300429	5.1360536
300430	0.05041568
300432	4.689181
300433	-1.7485247
300434	10.22775
300435	5.1829696
300436	-16.5014
300437	9.459612
300438	3.7192256
300439	-14.857198
300440	4.2233377
300441	-4.823668
300442	2.0860868
300443	-4.141238
300444	8.257442
300445	1.8426797
300446	-4.648264
300447	-1.134082
300448	-32.485416
300449	9.281558
300450	0.05276283
300451	-1.9151074
300452	-17.457716
300453	2.0741453
300454	7.6459203
300455	6.1900787
300456	-30.51623
300457	7.9994555
300458	4.016335
300459	-17.272047
300460	-16.12305
300461	-11.712183
300462	9.069554
300463	-30.237
300464	-13.381692
300465	-21.095074
300466	1.3433352
300467	2.7121077
300468	-43.100292
300469	4.4505024
300470	5.2180486
300471	-20.645477
300472	-18.651594
300473	5.519741
300474	-10.733958
300475	5.43232
300476	1.6393517
300477	-15.099012
300478	-20.328215
300479	11.144752
300480	2.3991055
300481	4.1323767
300482	8.854881
300483	10.407435
300484	-7.3877177
300485	2.2118855
300486	11.210603
300487	8.777891
300488	8.096584
300489	4.218623
300490	10.812042
300491	8.652119
300492	5.2655487
300493	-12.771588
300494	-28.705706
300496	0.02452467
300497	-11.878657
300498	6.6141295
300499	-8.8743515
300500	10.194946
300501	-23.254068
300502	4.127652
300503	-27.052248
300504	-15.504424
300505	6.680997
300506	7.6987104
300507	-12.871017
300508	-9.970463
300509	-15.649431
300510	9.351196
300511	-18.24111
300512	2.4477901
300513	9.841449
300514	7.0498
300515	10.115793
300516	-8.961639
300517	11.191692
300518	-20.420298
300519	8.461227
300520	-12.571886
300521	7.341127
300522	4.003415
300523	5.590682
300525	5.2645884
300527	11.75771
300528	9.482828
300529	4.6553726
300530	5.8148646
300531	-28.35229
300532	-37.998882
300533	-16.089993
300534	8.136184
300535	10.369558
300536	5.1595263
300537	9.513094
300538	-4.638642
300539	-15.461426
300540	7.3480096
300541	-5.3009152
300542	-18.907932
300543	-6.1213727
300545	2.168131
300546	4.0146284
300547	3.7189643
300548	1.8286686
300549	8.190675
300550	6.664761
300551	6.1967835
300552	3.7062597
300553	8.189083
300554	8.02881
300555	7.4231834
300556	8.929817
300557	3.786663
300558	-7.5223613
300559	4.7909894
300560	-0.37087157
300561	6.1351194
300562	2.506168
300563	3.4797256
300564	8.760764
300565	-18.21555
300566	-23.97512
300567	1.5898509
300568	7.1315393
300569	2.952058
300570	8.130789
300571	5.8025594
300572	-32.485626
300573	6.709951
300575	3.336369
300576	4.21376
300577	5.559844
300578	8.990732
300579	5.636934
300580	2.1176162
300581	5.3024335
300582	11.708228
300583	11.156413
300584	-40.51664
300585	9.148803
300586	-2.5220463
300587	3.8504632
300588	2.670904
300589	-5.477754
300590	1.7639064
300591	-12.069456
300592	-15.518622
300593	-1.4010772
300594	10.694587
300595	6.1619134
300596	1.1265785
300597	4.7586637
300598	-10.641328
300599	8.199758
300600	8.885888
300601	1.7189264
300602	-37.4434
300603	11.085371
300604	2.150031
300605	11.158125
300606	6.9641323
300607	2.1220634
300608	-0.9434903
300609	-19.269072
300610	10.708571
300611	11.142378
300612	-14.80849
300613	-11.477097
300614	11.39585
300615	8.711539
300616	4.3263407
300617	3.8522227
300618	3.7346141
300619	7.023475
300620	4.867354
300621	9.828146
300622	-9.956124
300623	-10.305087
300624	3.71912
300625	6.196886
300626	9.326828
300627	5.379754
300628	4.9442024
300629	6.4240932
300630	-40.500877
300631	4.6803718
300632	11.191691
300633	9.532118
300634	9.955115
300635	9.484608
300636	-4.487751
300637	7.9460196
300638	6.740446
300639	-19.220102
300640	10.635442
300641	5.8314586
300642	-42.30624
300643	9.645569
300644	6.9962287
300645	12.004241
300647	8.755256
300648	1.0234927
300649	12.317618
300650	11.301135
300651	5.1920557
300652	7.9368515
300653	7.4786315
300654	11.191691
300655	6.1150665
300656	-29.34535
300657	-7.2153797
300658	10.020134
300659	10.971643
300660	-1.1992759
300661	1.0396771
300662	6.4544725
300663	1.8664439
300664	-0.18704863
300665	5.3076034
300666	-3.2464697
300667	4.835436
300668	0.40338123
300669	6.1121993
300670	7.241878
300671	4.106828
300672	5.0814886
300673	3.7286565
300674	11.188579
300675	10.419825
300676	4.6088014
300677	4.0916224
300678	3.929061
300679	3.7510676
300680	2.1020184
300681	-5.229971
300682	4.61833
300683	-11.606719
300684	2.6527987
300685	6.448099
300686	6.869197
300687	8.211997
300688	8.266047
300689	-0.46874627
300690	-5.508971
300691	-17.326443
300692	10.399132
300693	-0.5823941
300694	10.578091
300695	-32.359776
300696	7.294581
300697	8.517316
300698	3.3232574
300699	10.481659
300700	6.4646106
300701	8.520082
300702	-3.1034708
300703	10.73435
300705	5.309889
300706	-8.62055
300707	7.0730247
300708	11.203476
300709	-12.520651
300710	9.48223
300711	9.173498
300712	6.82943
300713	-6.1188135
300715	5.0899158
300716	9.12905
300717	5.056877
300718	-7.51486
300719	8.604903
300720	-14.734903
300721	8.065938
300722	-37.923645
300723	6.3301296
300724	3.7191203
300725	1.1182212
300726	-21.388103
300727	7.7842555
300729	4.576032
300730	10.161974
300731	9.480262
300732	10.076524
300733	9.720076
300735	-6.5870123
300736	9.49238
300737	6.8399973
300738	5.3014274
300739	8.830303
300740	5.49272
300741	-1.7112209
300743	6.3918166
300745	7.875119
300746	12.21435
300747	3.7191541
300748	5.505594
300749	3.9832852
300750	1.7697566
300751	3.6141093
300752	-9.389801
300753	-21.457058
300755	8.608335
300756	3.693088
300757	5.146376
300758	3.9641333
300759	-12.533495
300760	8.6260805
300761	5.309904
300762	3.3001204
300763	-11.849252
300765	-14.27221
300766	11.187966
300767	7.357827
300768	4.6954513
300769	3.7191203
300770	7.420769
300771	9.460791
300772	9.148952
300773	11.187617
300774	-15.691638
300775	11.718226
300776	3.7191203
300777	9.001976
300778	10.792868
300779	3.7191236
300780	6.3279614
300781	3.5169494
300782	4.605089
300783	7.069896
300785	5.235552
300786	6.240735
300787	5.7523293
300788	-19.983034
300789	-2.1589022
300790	1.9124296
300791	6.3836465
300792	-37.807133
300793	-15.692709
300795	4.7150736
300796	8.737213
300797	9.540622
300798	7.209901
300800	-13.225816
300801	5.5165906
300802	-9.850429
300803	9.697761
300804	11.270818
300805	9.353062
300806	-7.8013363
300807	8.861543
300808	6.4625616
300809	-10.592639
300810	3.0695603
300811	6.1081667
300812	-7.698345
300813	-6.9791265
300814	8.320676
300815	7.4234233
300816	6.498746
300817	8.4669285
300818	5.23184
300819	9.2931795
300820	-18.42509
300821	8.212507
300822	4.5056725
300823	11.191735
300824	11.12237
300825	10.551605
300826	11.286857
300827	-37.88757
300828	-15.226236
300829	6.624053
300830	10.49172
300831	8.501767
300832	10.176136
300833	1.9915003
300834	9.260494
300835	3.761445
300836	2.3280158
300837	8.724035
300838	4.2589555
300839	-2.9931016
300840	6.5265055
300841	5.448171
300842	3.7221794
300843	6.4674067
300844	2.178363
300845	6.9484816
300846	9.48242
300847	-21.343536
300848	8.879133
300849	10.679606
300850	5.557579
300851	11.1583395
300852	-1.9095802
300853	-16.599974
300854	11.387464
300855	-2.518889
300856	3.54677
300857	-5.0815396
300858	7.937863
300859	6.8964753
300860	-33.801517
300861	9.925111
300862	10.548188
300863	0.6512318
300864	-25.335146
300865	7.6222196
300866	5.1601295
300867	-12.199625
300868	9.482177
300869	-15.155972
300870	-7.2291026
300871	10.065825
300872	10.09795
300873	3.759589
300875	-18.89978
300876	6.4706135
300877	-19.655481
300878	-17.916817
300879	8.086853
300880	11.008791
300881	6.5002637
300882	7.6565523
300883	9.48245
300884	-21.53954
300885	10.452878
300886	9.620812
300887	-11.259965
300888	9.706391
300889	-0.41676474
300890	9.22822
300891	6.506348
300892	7.086416
300893	2.6654487
300894	8.722896
300895	0.740849
300896	1.9084406
300897	-19.871504
300898	7.62578
300899	9.274531
300900	9.718615
300901	5.73356
300902	6.8087397
300903	8.024834
300904	4.509532
300905	3.7191203
300906	11.159921
300907	7.04569
300908	5.1540265
300909	8.587106
300910	-4.945837
300911	8.719319
300912	8.793218
300913	3.6099513
300915	8.258341
300916	3.5153747
300917	2.0356162
300918	4.3213487
300919	6.3170676
300920	9.441287
300921	2.2337267
300922	11.159572
300923	9.482179
300925	11.191697
300926	6.5511928
300927	6.7913575
300928	7.8524384
300929	9.482022
300930	4.333612
300931	9.500766
300932	2.30253
300933	8.511604
300935	10.634128
300936	-2.7817612
300937	10.545456
300938	-1.9264265
300939	1.9085355
300940	8.775688
300941	11.116599
300942	-30.172483
300943	9.427985
300945	11.193241
300946	3.941469
300947	4.975145
300948	10.692964
300949	9.317131
300950	5.8404965
300951	2.5604694
300952	1.3634226
300953	5.309822
300955	-12.401193
300956	4.597409
300957	6.719532
300958	-12.035934
300959	-0.11614952
300960	10.555642
300961	9.033922
300962	8.471352
300963	9.635188
300964	-1.5066199
300965	4.2576385
300966	9.48201
300967	5.453984
300968	2.696078
300969	-4.611918
300970	-21.348486
300971	11.069645
300972	-16.00846
300973	5.4812093
300975	9.261395
300976	2.411954
300977	3.9249032
300978	8.5386915
300979	-14.411464
300980	6.4764495
300981	9.275045
300982	8.713864
300983	9.532141
300984	7.733713
300985	11.28346
300986	-19.26089
300987	-19.878246
300988	5.1030583
300989	5.22565
300990	0.044401858
300991	8.808757
300992	6.8741016
300993	10.0505495
300994	7.6967373
300995	7.2605596
300996	-29.533482
300997	8.619479
300998	5.4970765
300999	7.573084
301000	-9.114603
301001	5.3969784
301002	9.306747
301003	2.9854207
301004	4.754463
301005	3.5868938
301006	3.6416562
301007	9.482137
301008	11.201246
301009	9.482156
301010	5.7612276
301011	7.4653635
301012	5.488819
301013	6.9017243
301015	9.846755
301016	9.325971
301017	9.494712
301018	6.6924253
301019	9.636224
301020	8.691428
301021	9.478678
301022	10.541038
301023	-0.17083426
301024	-12.587161
301025	8.651264
301026	11.205039
301027	7.124677
301028	-1.2722989
301029	11.492284
301030	11.268455
301031	6.7526274
301032	10.290034
301033	-10.356595
301035	9.809745
301036	8.071421
301037	9.389304
301038	5.9832015
301039	10.651781
301040	9.482155
301041	7.1084633
301042	1.8407187
301043	10.317241
301045	6.8600492
301046	8.571102
301047	6.976761
301048	11.957877
301049	11.155521
301050	6.3422613
301051	2.223763
301052	7.7891417
301053	8.069598
301055	6.9670076
301056	7.096496
301057	5.610628
301058	4.32135
301059	6.7421584
301060	-16.6128
301061	4.222476
301062	9.461223
301063	10.1969185
301065	9.482163
301066	4.6423545
301067	-22.983002
301068	6.4536824
301069	5.5102687
301070	-1.8800716
301071	4.014653
301072	5.7303643
301073	9.651499
301075	9.48119
301076	6.5092587
301077	-13.054506
301078	3.8440034
301079	9.353344
301080	7.8301044
301081	10.797634
301082	8.32444
301083	4.245245
301085	-1.5980299
301086	1.6736531
301087	-39.143547
301088	8.146241
301089	-38.595016
301090	4.321353
301091	1.909818
301092	11.222241
301093	11.099693
301095	3.9243622
301096	3.7191162
301097	-37.080444
301098	9.0724745
301099	5.642267
301100	11.238778
301101	-17.55158
301102	11.175255
301103	-18.573729
301105	9.482166
301106	-10.361768
301107	6.0675907
301108	6.2580976
301109	8.304061
301110	5.265011
301111	-15.569803
301112	9.482158
301113	-0.5421547
301115	-15.491443
301116	6.688788
301117	9.477672
301118	5.7738748
301119	8.466634
301120	8.010131
301121	2.042976
301122	10.373777
301123	7.905161
301125	10.116929
301126	9.239633
301127	-5.3859363
301128	1.908085
301129	3.6906204
301130	5.488207
301131	-1.744096
301132	8.40198
301133	11.176409
301135	8.530386
301136	9.482238
301137	11.280105
301138	8.382972
301139	7.177744
301141	4.11059
301148	-17.549578
301149	4.0408835
301150	4.1185403
301151	8.667906
301152	9.250634
301153	9.257667
301155	1.4953198
301156	11.563151
301157	-3.9462788
301158	9.443773
301159	8.220551
301160	-0.655447
301161	10.389173
301162	3.7191446
301163	6.6011896
301165	-18.91181
301166	-39.103443
301167	10.900093
301168	8.865776
301169	6.982115
301170	4.562605
301171	11.601061
301172	7.850723
301175	10.116164
301176	4.3166075
301177	8.222162
301178	8.499258
301179	3.6970217
301180	11.1916895
301181	6.972912
301182	0.09322167
301183	4.8867974
301185	9.477427
301186	8.525622
301187	7.0829144
301188	5.20928
301189	8.879079
301190	9.052557
301191	-6.6134067
301192	9.993933
301193	8.45073
301195	5.833702
301196	10.099363
301197	10.175392
301198	-0.3862942
301199	9.483545
301200	-12.542794
301201	9.014301
301202	8.776861
301203	8.262469
301205	1.5092685
301206	8.459779
301207	9.940054
301208	-43.567482
301209	7.868514
301210	9.551759
301211	9.438393
301212	8.0695915
301213	11.130712
301215	6.689986
301216	8.069613
301217	8.669335
301218	8.706696
301219	7.889669
301220	10.34452
301221	7.331891
301222	6.76872
301223	6.6779513
301225	6.7351823
301226	-13.199199
301227	6.4426064
301228	9.441462
301229	4.5658803
301230	-0.7324731
301231	8.507315
301232	2.1139364
301233	-8.813841
301234	8.652662
301235	10.621287
301236	5.593438
301237	7.493256
301238	5.138058
301239	1.7412943
301246	8.322988
301248	8.171291
301251	4.2432494
301252	4.0308228
301255	2.0934477
301256	9.037867
301257	5.8545465
301258	8.639584
301259	8.828502
301260	6.52012
301261	3.22274
301262	9.218036
301263	7.7441587
301265	9.916784
301266	8.650707
301267	10.170592
301268	11.194737
301269	2.2998898
301270	-13.070227
301272	4.27525
301273	11.089724
301276	4.335721
301277	11.158866
301278	3.8859098
301279	9.393784
301280	3.9902225
301281	-0.12758411
301282	10.601739
301283	6.0534606
301285	8.688328
301286	11.074309
301287	-1.6403838
301288	-0.4970689
301289	7.7891192
301290	4.860334
301291	7.7155104
301292	8.881949
301293	-13.789936
301295	9.591646
301296	11.179539
301297	8.6616955
301298	9.415938
301299	7.078705
301300	8.519506
301301	7.0320544
301302	9.482643
301303	1.7567077
301305	-15.534298
301306	5.190742
301307	11.114484
301308	6.731754
301309	7.0405407
301310	7.1125855
301311	10.748235
301312	-22.161528
301313	9.466455
301314	6.96245
301315	2.6131039
301316	-17.086576
301317	7.8465734
301318	1.8969243
301319	5.198648
301320	7.6907034
301321	9.437383
301322	9.517408
301323	5.5039773
301325	3.7191203
301326	8.66786
301327	-12.820031
301328	2.5577166
301329	8.567289
301330	8.769958
301331	7.353897
301332	9.050951
301333	6.982301
301335	-22.027622
301336	9.521042
301337	11.187583
301338	10.115967
301339	11.119897
301345	5.3274245
301348	8.717121
301349	3.71912
301353	8.389324
301355	8.725625
301356	7.2913103
301357	10.438253
301358	5.497076
301359	7.410994
301360	2.4226623
301361	6.545396
301362	9.712983
301363	10.326887
301365	6.279964
301366	-7.8054795
301367	-4.945558
301368	5.9566545
301369	-29.585012
301370	7.1768703
301371	6.9066863
301372	4.321501
301373	10.339592
301376	11.143454
301377	9.225103
301378	4.275737
301379	6.8910356
301380	8.790984
301381	11.073836
301382	11.191368
301383	0.7145375
301386	10.91148
301387	-7.126777
301388	4.0894494
301389	7.066756
301390	8.231199
301391	3.7280688
301393	3.7209895
301395	6.9944086
301396	9.474655
301397	9.13892
301398	0.2904524
301399	-17.03408
301408	9.34509
301413	7.603659
301418	3.538044
301419	5.9907246
301421	0.04927295
301428	11.157228
301429	9.257259
301439	5.4763317
301446	9.551171
301448	8.632912
301456	8.716281
301459	-1.5043361
301468	7.8061686
301469	7.892776
301486	-0.088225
301487	5.3780494
301488	-9.550259
301489	5.1481314
301498	4.803835
301499	8.643788
301500	9.248528
301502	3.362591
301503	7.117525
301505	8.011716
301507	8.652558
301508	7.7897205
301509	4.457108
301510	8.069596
301511	8.441649
301512	7.5814743
301515	5.9760046
301516	9.534616
301517	2.5276382
301518	8.063177
301519	6.752914
301520	9.677349
301525	3.7249835
301526	7.4139056
301528	-12.968096
301529	4.241864
301533	9.743274
301536	2.3396316
301538	2.656006
301548	6.955291
301550	-20.913557
301555	9.482166
301558	10.992533
301559	-21.52774
301566	0.6984746
301567	2.0312557
301568	-29.858276
301577	3.9689314
301578	-41.281147
301587	5.350935
301588	6.0525656
301589	2.3115804
301591	7.7897215
600000	6.801883
600004	5.1545014
600006	9.957791
600007	6.231713
600008	9.973685
600009	0.479748
600010	10.660611
600011	3.9185662
600012	7.685426
600015	8.826984
600016	5.1481996
600017	12.256069
600018	-11.944835
600019	6.4604344
600020	-21.415083
600021	6.455839
600022	9.79545
600023	4.5501847
600025	9.556036
600026	-16.150839
600027	8.0317
600028	-34.79291
600029	9.407586
600030	-14.798136
600031	3.0807397
600032	8.674021
600033	9.634871
600035	2.32437
600036	10.202988
600037	-18.089214
600038	10.265381
600039	5.3202143
600048	2.1598191
600050	-30.228401
600051	8.389789
600052	9.28709
600053	9.351262
600054	-13.449505
600055	1.1643797
600056	9.527108
600057	3.318654
600058	6.469579
600059	7.8219614
600060	5.377937
600061	7.6390967
600062	7.5915656
600063	-3.0413134
600064	-13.040589
600066	3.9362934
600067	-11.020896
600070	10.994545
600071	4.6615157
600072	6.5009003
600073	9.595823
600075	8.811015
600076	9.278056
600078	3.7191203
600079	-12.562074
600080	10.791484
600081	2.827849
600082	9.630211
600083	9.346641
600084	6.7527223
600085	6.103495
600088	-0.10246164
600089	-17.022388
600094	7.5490804
600095	9.356779
600096	-14.840898
600097	8.310289
600098	9.100109
600099	10.295115
600100	1.3920835
600101	3.882687
600103	-12.959046
600104	9.54597
600105	-22.129362
600106	4.4376764
600107	10.096049
600108	10.389552
600109	9.75613
600110	1.90816
600111	4.78519
600113	-30.454897
600114	4.1593995
600115	10.216346
600116	4.8564734
600117	8.709486
600118	6.2745523
600119	10.7232895
600120	6.729445
600121	8.810838
600123	4.1087155
600125	4.1620946
600126	6.634625
600127	10.384758
600128	6.8126416
600129	3.8508415
600130	2.9224107
600131	7.5063696
600132	3.9137375
600133	5.0222683
600135	8.359483
600136	7.064405
600137	7.796992
600138	6.6160603
600141	0.4538926
600143	-17.572933
600148	5.3667517
600149	9.489556
600150	3.1424038
600151	5.008525
600152	9.445057
600153	5.2356687
600155	8.268985
600156	9.48217
600157	3.7466743
600158	6.5743785
600159	9.375216
600160	6.093013
600161	2.2892728
600162	-2.191296
600163	7.4075027
600165	11.191694
600166	9.852808
600167	-19.321918
600168	9.834955
600169	8.638989
600170	1.9709022
600171	4.0887227
600172	-19.261202
600173	10.724609
600176	10.078649
600177	-19.330107
600178	8.775814
600179	10.252067
600180	9.488298
600182	10.579991
600183	-3.8586993
600184	9.482159
600185	6.040755
600186	8.25214
600187	-3.1985927
600188	5.113924
600189	8.96916
600190	9.100607
600191	7.596226
600192	1.714377
600193	10.527351
600195	3.9396086
600196	-7.697392
600197	4.9407525
600198	2.5705495
600199	10.020553
600200	-10.023169
600201	4.828029
600202	9.394903
600203	0.0019081853
600206	0.6831565
600207	8.3022375
600208	11.01574
600210	-7.9794116
600211	-30.590607
600212	8.069655
600215	7.0808625
600216	-7.9171777
600217	8.601722
600218	11.39956
600219	7.04871
600221	8.986814
600222	8.726342
600223	10.698969
600225	7.47693
600226	1.9227821
600227	9.269066
600228	11.499205
600229	-12.058492
600230	10.984764
600231	-10.272278
600232	8.038534
600233	7.951884
600234	6.525515
600235	9.403548
600236	7.770777
600237	4.085671
600238	-5.77986
600239	5.7145014
600241	9.44231
600243	9.106657
600246	5.566612
600248	9.962386
600249	8.893858
600250	9.466478
600251	9.569487
600252	-20.760986
600255	10.54869
600256	-22.557882
600257	10.793295
600258	7.4401064
600259	5.153228
600261	-31.81288
600262	10.6249695
600265	5.8692904
600266	9.477662
600267	-10.421241
600268	8.864473
600269	1.6507006
600271	3.445592
600272	8.461121
600273	9.934334
600276	-10.351434
600278	-4.6339827
600279	9.793836
600280	8.8243685
600281	12.176391
600282	4.012779
600283	4.5577645
600284	9.485135
600285	7.5403304
600287	6.8981647
600288	4.6028895
600289	6.688332
600292	9.467974
600293	6.675571
600295	5.169395
600298	-10.846963
600299	6.138066
600300	10.432655
600301	7.0851984
600302	9.5302515
600303	7.3867126
600305	10.402827
600307	10.305481
600308	-5.1293416
600309	-4.014864
600310	-0.33172643
600312	6.1029835
600313	8.670264
600315	1.9909806
600316	6.921049
600318	6.7229323
600319	9.47811
600320	9.725223
600322	2.3688943
600323	7.2535524
600325	4.0556803
600326	-32.766434
600327	10.294277
600328	-17.999252
600329	4.030841
600330	7.292071
600331	1.7685399
600332	3.3921082
600333	9.449003
600335	-9.00744
600336	10.54593
600337	9.658978
600338	8.989399
600339	-15.529905
600340	9.390207
600343	9.85644
600345	6.8781314
600346	9.924623
600348	-0.51822037
600350	-33.020348
600351	12.173426
600352	10.090468
600353	4.012144
600354	11.302284
600355	8.927613
600356	2.376933
600358	9.48489
600359	9.753176
600360	10.883948
600361	8.066145
600362	5.192165
600363	3.9858599
600365	6.4899144
600366	-12.617883
600367	3.7207513
600368	11.229192
600369	7.0686193
600370	8.603416
600371	9.655255
600372	7.3854017
600373	3.241496
600375	-0.6155768
600376	10.916258
600377	6.2128615
600378	8.318681
600379	9.298387
600380	9.475522
600381	9.774845
600382	10.267585
600383	-21.915356
600386	9.712083
600387	10.938555
600388	9.308003
600389	3.7191212
600390	-15.429983
600391	9.09907
600392	4.046757
600395	-6.1061397
600396	8.130487
600397	10.358884
600398	5.2333546
600399	4.691419
600400	10.431662
600403	7.648546
600405	10.85883
600406	9.669848
600408	4.91546
600409	4.04619
600410	-13.162022
600415	7.6761937
600416	-0.33851537
600418	0.074060775
600419	9.094634
600420	-15.3086
600421	10.522978
600422	3.2149692
600423	8.518197
600425	10.95778
600426	6.184687
600428	6.4304037
600429	8.645342
600433	8.73408
600435	4.3623643
600436	9.674031
600438	2.4570537
600439	-31.838057
600444	9.088044
600446	-21.988194
600448	9.558918
600449	3.1750677
600452	3.9718814
600455	4.2728596
600456	8.173971
600458	7.565096
600459	8.817593
600460	7.869857
600461	3.505203
600462	8.473438
600463	8.4735
600467	10.088218
600468	8.384946
600469	7.947605
600470	8.66997
600475	8.877243
600476	10.619423
600477	9.5592985
600478	3.8724205
600479	1.7473427
600480	5.497194
600481	6.141699
600482	-12.504915
600483	5.1637344
600486	6.910421
600487	3.716604
600488	-15.442672
600489	5.933305
600490	4.6475873
600491	10.365596
600493	10.697628
600495	10.786619
600496	10.676426
600497	7.266143
600498	7.9968987
600499	5.5818906
600500	2.7410977
600501	-11.299646
600502	-17.591114
600503	9.365146
600505	5.4522214
600506	4.273201
600507	7.8323774
600508	-5.0901914
600509	10.254428
600510	8.038603
600511	1.6712123
600512	9.126943
600513	3.5939624
600515	2.2162147
600516	7.5645046
600517	9.865981
600518	7.04956
600519	10.008916
600520	-8.723172
600521	10.187224
600522	5.211375
600523	9.70992
600525	1.0011022
600526	11.407383
600527	10.01643
600528	9.367236
600529	5.395119
600530	11.158942
600531	5.431696
600533	-7.059598
600535	-8.605567
600536	1.7699364
600537	7.226324
600538	6.94339
600539	9.351904
600540	11.293895
600543	9.71547
600545	8.484315
600546	3.9351592
600547	-1.576252
600548	6.967192
600549	9.83144
600550	6.932734
600551	-35.739727
600552	3.3365004
600556	0.5807831
600557	5.131626
600558	9.305547
600559	-2.3075354
600560	1.0713619
600561	9.488757
600562	10.393915
600563	9.382834
600566	-37.815342
600567	8.114986
600568	9.3898115
600569	10.308242
600570	1.8062992
600571	1.8367987
600572	1.918965
600573	10.489636
600575	-34.115917
600576	-2.778293
600577	-36.550472
600578	10.297721
600579	8.818691
600580	4.16352
600581	9.793867
600582	7.9653673
600583	5.343342
600584	3.62284
600585	6.327954
600586	-1.3089715
600587	3.2509096
600588	6.392879
600589	5.4948406
600590	9.348101
600592	9.3576975
600593	7.0070634
600594	2.8812869
600595	7.36605
600596	8.887286
600597	8.6497345
600598	-1.8074368
600599	10.537484
600600	6.3809714
600601	5.1418023
600602	8.212758
600603	3.7192082
600604	4.2666006
600605	-8.55902
600606	9.192236
600608	-12.893289
600609	6.4623766
600610	3.723135
600611	-11.526585
600612	7.7477164
600613	8.613701
600615	-2.8250422
600616	2.1356022
600617	7.985219
600618	5.310306
600619	9.506642
600620	5.670725
600621	7.0405326
600622	2.3999646
600623	6.7429314
600624	-0.91801804
600626	9.180629
600628	8.389922
600629	-10.7119055
600630	6.025786
600633	4.219744
600635	1.9078472
600636	4.2877913
600637	7.4656463
600638	-3.2234373
600639	9.743414
600640	3.3784838
600641	6.3435555
600642	4.813527
600643	-5.7863674
600644	5.6050014
600645	-1.1784487
600648	5.566362
600649	4.9152064
600650	4.6707444
600651	7.768215
600653	-1.8995081
600654	9.752864
600655	8.573409
600657	9.639477
600658	10.776866
600660	2.0828335
600661	4.747675
600662	2.1989963
600663	6.964321
600664	-23.681877
600665	9.48215
600667	7.0618644
600668	-8.4456835
600671	4.3334537
600673	6.5591893
600674	5.1658597
600675	9.463074
600676	0.5460784
600678	9.775703
600679	11.289668
600681	8.068451
600682	-8.804695
600683	9.273764
600684	0.5665959
600685	3.7223914
600686	4.685719
600688	-21.556467
600689	11.003174
600690	4.0449553
600691	8.206875
600692	4.346047
600693	9.128343
600694	-8.629279
600696	8.69474
600697	11.039041
600698	-14.338527
600699	5.913475
600702	6.3387504
600703	3.8944364
600704	-35.54665
600705	9.643969
600706	7.0495257
600707	9.888914
600708	11.187519
600710	8.3394985
600711	4.020955
600712	10.66512
600713	-5.3005285
600714	8.983625
600715	9.322564
600716	8.620553
600717	-16.899998
600718	-0.7420686
600719	7.1509814
600720	-4.110839
600721	9.325525
600722	12.201692
600724	9.909287
600725	6.6219625
600726	7.725401
600727	3.854089
600728	-1.5757173
600729	5.3652787
600730	11.191691
600731	8.610857
600732	3.9572608
600733	4.710394
600734	-19.477936
600735	6.7488103
600736	0.041355647
600737	-18.287666
600738	8.042073
600739	3.7523627
600740	4.0217614
600741	5.3098125
600742	-1.0188254
600743	9.442159
600744	7.706471
600745	3.8569102
600746	8.717847
600748	8.187604
600749	3.9063926
600750	9.701883
600751	10.595432
600753	8.679903
600754	-10.303933
600755	-8.527371
600756	7.4249063
600757	5.128903
600758	10.53382
600759	6.464073
600760	9.671763
600761	7.440551
600763	-8.9517355
600764	9.619616
600765	6.590524
600768	9.318242
600769	9.90898
600770	3.1542957
600771	2.018838
600773	7.136108
600774	4.0472836
600775	8.368961
600776	-12.589693
600777	7.6802692
600778	6.682454
600779	9.6357765
600780	5.7540283
600782	3.7226932
600783	6.310334
600784	-1.6614935
600785	3.1080656
600787	-1.7637082
600789	9.482213
600790	6.546618
600791	8.7239895
600792	10.767712
600793	8.622822
600794	10.229135
600795	5.9127216
600796	7.1850934
600797	-1.7547138
600798	1.7847766
600800	9.365635
600801	3.7191267
600802	11.307294
600803	5.3010793
600804	11.166697
600805	10.727046
600807	-12.691479
600808	8.715959
600809	5.67518
600810	11.268544
600811	0.06643512
600812	-15.9987135
600814	9.790245
600815	-26.921862
600816	6.282305
600817	-40.586464
600818	6.4382243
600819	8.842489
600820	-20.245544
600821	5.1838303
600822	9.121526
600824	7.9144588
600825	-1.4574896
600826	-10.479985
600827	7.5118957
600828	11.191656
600829	-1.4035813
600830	-8.8953085
600831	8.128192
600833	7.610568
600834	9.701236
600835	1.5127192
600837	-15.618167
600838	5.1777124
600839	-37.001686
600841	9.373292
600843	11.141961
600844	6.6366096
600845	9.639472
600846	3.7424483
600847	-22.366901
600848	3.0704966
600850	9.278926
600851	3.3618305
600853	7.032222
600854	4.2663183
600855	9.144008
600857	9.899292
600858	9.40078
600859	8.139814
600860	10.036865
600861	3.719251
600862	9.670375
600863	-4.6167936
600864	4.275405
600865	-1.4042708
600866	3.9237154
600867	7.3787007
600868	-28.567883
600869	-15.057503
600871	-15.556491
600872	5.544761
600873	-10.557683
600874	9.265611
600875	4.976641
600876	9.593653
600877	9.146884
600879	10.041172
600880	1.795801
600881	-1.5755285
600882	4.0334506
600883	9.4146805
600884	3.407897
600885	-0.75460404
600886	-1.7147858
600887	4.1088343
600888	4.565255
600889	9.461383
600892	-21.250126
600893	9.796265
600894	2.0254073
600895	-0.8040059
600897	7.8647995
600898	9.773698
600900	9.471983
600901	7.0077853
600903	-16.35724
600905	10.097547
600906	10.490935
600908	-14.714683
600909	2.900995
600916	7.071627
600917	9.2007475
600918	6.1256995
600919	10.453327
600925	11.039444
600926	-16.27895
600927	10.355097
600928	-14.27287
600929	9.191719
600933	5.4011884
600935	6.0221577
600936	-7.1597056
600938	0.16299865
600939	11.2735815
600941	-3.9825096
600955	9.214302
600956	5.6545796
600958	-19.740057
600959	-14.922568
600960	8.78596
600961	6.081425
600962	0.8755822
600963	10.340859
600965	9.351666
600966	5.4797344
600967	9.180802
600968	6.915517
600969	11.25802
600970	7.888724
600971	8.186839
600973	9.754276
600975	3.8248038
600976	-3.493741
600977	10.515807
600979	8.536844
600980	-5.562872
600981	10.236748
600982	7.741786
600983	7.155745
600984	12.1364765
600985	4.943612
600986	10.028791
600987	5.1011376
600988	1.8752793
600989	8.561601
600990	-0.36559415
600992	5.5223017
600993	2.872405
600995	-35.996014
600996	9.117569
600997	7.120235
600998	-26.411394
600999	-36.83939
601000	-12.948489
601001	6.452536
601002	9.531337
601003	-0.82107854
601005	7.6925325
601006	10.011683
601007	10.646501
601008	8.805645
601009	4.268245
601010	9.166675
601011	-17.496737
601012	-4.286868
601015	8.747067
601016	9.202654
601018	-14.2043295
601019	-20.432575
601020	11.137254
601021	8.659411
601022	7.74565
601028	5.888077
601033	5.663878
601038	7.3374104
601058	-2.3077137
601059	10.585444
601061	11.188674
601065	8.7313
601066	2.924901
601068	9.444317
601069	11.040095
601077	10.927239
601083	7.994829
601086	11.265751
601088	8.471777
601089	-15.2153845
601096	4.869955
601098	-20.190845
601099	9.026773
601100	9.84132
601101	7.3006687
601106	10.6536
601107	10.690499
601108	5.880659
601111	10.97727
601113	8.589629
601116	8.457609
601117	6.7044477
601118	-7.56258
601121	8.052131
601126	7.412694
601127	7.299103
601128	7.0880446
601133	6.8079453
601136	10.298384
601137	5.4115047
601138	5.066328
601139	10.7217045
601155	9.484891
601156	6.6953716
601158	-18.883272
601162	8.46147
601163	11.191719
601166	8.910572
601168	7.079495
601169	11.374599
601177	9.812557
601179	8.76581
601186	2.8766866
601187	11.159551
601188	7.6077957
601198	8.693133
601199	-15.200438
601200	7.2554965
601208	4.3296127
601211	0.20188184
601212	7.104993
601216	10.108397
601218	9.330779
601222	-37.937527
601225	8.020904
601226	9.482164
601228	6.7751794
601229	-14.639503
601231	-1.636651
601233	5.9150805
601236	9.728917
601238	7.723014
601279	7.084791
601288	-14.777103
601298	8.889499
601311	6.4395876
601318	6.6415143
601319	-14.957153
601326	-14.949401
601328	-14.79967
601330	9.123437
601333	11.1916895
601336	-0.8165952
601339	7.7891397
601360	9.34066
601366	7.5367703
601368	9.479754
601369	9.488406
601375	9.482179
601377	-4.848438
601388	10.520762
601390	10.378982
601398	-17.290651
601399	9.40328
601456	8.763711
601500	7.0361447
601512	11.210109
601515	6.9873147
601518	-18.936901
601519	8.453711
601528	10.475225
601555	7.1720576
601566	6.0314903
601567	4.278093
601568	10.053874
601577	-14.64028
601579	11.270762
601588	10.4517765
601595	7.947944
601598	7.0746493
601599	9.106477
601600	9.500075
601601	-1.5755116
601606	7.464481
601607	-22.821999
601608	10.357614
601609	6.947334
601611	-12.181632
601615	8.483341
601616	9.896037
601618	-15.316597
601619	9.504344
601628	9.708541
601633	5.222415
601636	5.4970756
601658	2.4064884
601665	11.273042
601666	6.2083235
601668	-15.544719
601669	6.6119447
601677	7.3137136
601678	6.1745086
601686	9.597881
601688	-6.0027056
601689	-4.905069
601696	8.508659
601698	9.11377
601699	-9.30828
601700	6.832256
601702	6.677724
601717	4.4305897
601718	10.282794
601727	9.788531
601728	8.124768
601766	-15.636587
601777	10.882618
601778	-21.534931
601788	3.8407192
601789	9.993956
601798	9.47161
601799	-8.868021
601800	-15.396312
601801	-13.528624
601808	7.087559
601811	-15.676096
601816	9.793357
601818	-13.755709
601825	10.809705
601827	9.950687
601828	4.360014
601838	2.26678
601857	-1.9412016
601858	8.971356
601860	3.099949
601865	7.0463405
601866	8.435925
601868	4.609715
601869	10.427699
601872	-23.11839
601877	7.7241306
601878	9.339809
601880	9.441969
601881	8.869867
601882	7.9408813
601886	7.362095
601888	8.773766
601890	8.076764
601898	-13.11725
601899	5.124332
601900	10.441778
601901	4.3221803
601908	5.61438
601916	6.8120055
601918	7.085347
601919	7.041609
601921	-19.284706
601928	10.554396
601929	7.3741064
601933	9.033666
601939	-15.176848
601949	-15.42998
601952	9.193904
601956	11.186362
601958	4.730836
601963	8.597846
601965	10.9717455
601966	7.10529
601968	9.682733
601969	6.691722
601975	7.020499
601985	11.147296
601988	-15.350372
601989	9.482515
601990	8.533818
601991	8.247453
601992	10.685904
601995	4.68025
601996	10.268564
601997	11.284638
601998	-31.79612
601999	4.3365273
603000	5.7090683
603001	8.701612
603002	6.977119
603003	11.824661
603004	7.6151533
603005	8.065341
603006	9.353706
603007	7.6942954
603008	7.1093893
603009	5.885127
603010	8.484962
603011	8.724513
603012	10.170816
603013	-1.6312321
603015	6.6109877
603016	-1.7072417
603017	6.5418344
603018	3.7191255
603019	-0.952808
603020	6.711285
603021	9.683601
603022	8.160531
603023	11.191692
603025	8.218544
603026	5.4902887
603027	-10.171947
603028	9.102292
603029	10.1815195
603030	7.0365405
603031	5.4634566
603032	9.482163
603033	5.3098216
603035	10.920042
603036	9.914912
603037	-11.478816
603038	11.310859
603039	6.658923
603040	5.3250623
603041	9.38084
603042	8.216708
603043	4.274196
603045	11.296961
603048	7.959429
603050	-15.68841
603051	8.412353
603052	3.771173
603053	4.916092
603055	10.978374
603056	-1.7726327
603057	11.163661
603058	8.012987
603059	10.275169
603060	8.10742
603061	-1.5572281
603062	10.298609
603063	5.4925494
603065	2.7127585
603066	2.5960183
603067	-0.12966701
603068	4.32408
603069	10.685115
603070	7.2708497
603071	9.006715
603073	8.731019
603075	8.404136
603076	5.8051887
603077	1.2815194
603078	10.367462
603079	8.492069
603080	9.599517
603081	7.056025
603082	9.495922
603083	5.4808073
603085	9.112606
603086	9.512205
603087	3.3506453
603088	3.5232186
603089	9.851227
603090	5.497076
603093	2.3507013
603095	-0.8804795
603096	5.6010714
603097	4.32135
603098	6.666978
603099	9.854634
603100	10.895535
603101	8.308021
603102	9.29981
603103	6.672373
603105	5.514255
603106	9.38406
603107	11.221863
603108	4.147736
603109	7.8993874
603110	4.3225183
603111	9.504811
603112	10.618896
603113	7.059863
603115	5.738533
603116	9.3602085
603117	9.702638
603118	10.441905
603119	7.034947
603121	-21.4071
603122	-19.436277
603123	11.172636
603125	5.5040445
603126	9.322038
603127	-6.07119
603128	9.346015
603129	4.136822
603130	-2.903465
603131	3.9003282
603132	5.542026
603135	7.7546196
603136	10.215404
603137	10.0547695
603138	9.107781
603139	7.21411
603150	8.949831
603151	4.322046
603153	8.76571
603155	9.950434
603156	6.955396
603158	9.351062
603159	-3.9992192
603160	5.161183
603161	6.0523553
603162	4.3064766
603163	5.4481816
603165	5.606912
603166	9.48212
603167	8.9224825
603168	2.026537
603169	6.9540277
603170	5.7047114
603171	8.066404
603172	8.4482355
603173	4.978868
603176	9.480656
603177	9.670368
603178	4.6782537
603179	2.2554348
603180	5.309927
603181	3.3426423
603182	10.301407
603183	11.197706
603185	3.719182
603186	0.4938597
603187	3.7220495
603188	7.5436573
603189	11.105164
603190	4.32135
603191	5.4883423
603192	8.963935
603193	9.482264
603195	5.1791534
603196	-16.499424
603197	7.3040795
603198	5.0755286
603199	-18.660206
603200	3.6851575
603201	5.505402
603203	3.720381
603206	10.68489
603208	1.9162248
603209	-19.269854
603211	11.187767
603212	7.2643
603213	8.371291
603214	7.109497
603215	-21.009314
603216	10.246132
603217	5.8497424
603218	6.0558662
603219	9.095588
603220	6.8249593
603221	3.9551027
603222	8.7239895
603223	-38.11655
603225	8.494766
603226	8.672901
603227	10.971353
603228	5.9747915
603229	-12.586782
603230	-9.623308
603231	8.644661
603232	3.3369272
603233	-4.041379
603235	10.5069
603236	9.51447
603237	6.6884856
603238	11.296206
603239	4.069783
603255	-32.615902
603256	8.650484
603258	-14.454129
603259	-3.7393193
603260	5.6682262
603261	9.112689
603266	9.414828
603267	1.6916777
603268	8.529834
603269	4.422134
603270	5.3131223
603272	11.301079
603273	4.32191
603275	8.872137
603276	11.037196
603277	4.7789445
603278	5.9249244
603279	5.2304196
603280	-15.207768
603281	7.8682823
603282	5.449391
603283	7.2632313
603286	8.912029
603288	7.5104084
603289	9.665609
603290	0.9130664
603291	4.3233867
603296	4.7360044
603297	3.9172893
603298	5.1358585
603299	8.420572
603300	5.501862
603301	5.9478474
603303	8.8857565
603305	6.4796963
603306	5.285029
603307	7.4272175
603308	9.266727
603309	8.313779
603311	1.37091
603312	9.481254
603313	6.968029
603315	9.478068
603316	9.240912
603317	5.4735413
603318	9.419139
603319	7.4180555
603320	8.723337
603321	7.487964
603322	7.7313957
603323	10.756812
603324	-27.811352
603325	3.7307296
603326	9.377175
603327	8.581887
603328	10.004402
603329	10.489292
603330	9.868139
603331	11.185984
603332	9.365113
603333	9.482162
603335	11.191687
603336	4.624743
603337	7.460117
603338	7.7791376
603339	10.569315
603341	2.0113022
603344	4.3255596
603345	0.35423252
603348	6.934073
603351	5.447569
603353	8.268957
603355	2.8562288
603356	9.688816
603357	9.649744
603358	-11.354174
603359	9.440822
603360	9.426736
603363	6.5282273
603365	6.8527727
603366	9.466314
603367	10.311759
603368	6.277868
603369	3.756559
603373	10.303707
603375	3.5107367
603377	7.928476
603378	8.869926
603379	4.9619136
603380	10.548434
603383	2.000189
603385	11.301597
603386	4.835006
603387	-39.31179
603388	8.464023
603389	9.512247
603390	9.493924
603392	-1.0811007
603393	3.381455
603396	3.7191203
603398	4.7806334
603399	6.716078
603408	5.9628725
603416	-5.7881217
603421	8.931435
603429	10.36355
603439	6.5398135
603444	8.704198
603456	9.775725
603458	8.691841
603466	-10.4110155
603477	4.323269
603486	6.1068625
603488	-21.274302
603489	-10.13009
603496	-2.513322
603499	11.155969
603500	10.690825
603501	3.7242029
603505	5.427791
603506	4.6435375
603507	6.87335
603508	-24.640894
603511	7.974552
603515	9.348437
603516	3.632136
603517	6.465296
603518	4.2122407
603519	5.232473
603520	10.87557
603527	9.290794
603528	2.2685733
603529	10.432465
603530	5.5786214
603533	9.330175
603535	2.9289024
603536	7.6099977
603538	10.374226
603551	-6.680139
603556	5.251464
603557	2.2366903
603558	-1.0043516
603559	-21.476955
603565	5.65953
603566	8.048337
603567	4.0370836
603568	7.8472266
603569	9.349827
603577	9.608503
603578	8.301224
603579	3.9190903
603580	1.7935395
603583	3.5638502
603585	-15.025343
603586	10.330788
603587	9.434051
603588	5.4971304
603589	-15.947557
603590	-21.751781
603595	8.41884
603596	4.5008607
603598	9.459197
603599	3.8477628
603600	6.6896443
603601	1.9081515
603602	-12.379386
603605	3.7196767
603606	1.9310974
603607	9.8814535
603608	9.083702
603609	8.72435
603610	6.7975574
603611	6.8111763
603612	7.071031
603613	-1.4046009
603615	-19.993597
603616	11.033768
603617	7.4297495
603618	10.251242
603619	8.592093
603626	12.127283
603628	9.482158
603629	5.1398335
603630	7.6699944
603633	4.322234
603636	-6.4298115
603637	10.17083
603638	9.669899
603639	-39.35143
603648	9.11824
603650	6.0819936
603655	11.171186
603656	9.482248
603657	7.2962008
603658	7.2942014
603659	3.7191203
603660	9.017398
603661	5.185946
603662	-32.62418
603663	4.177412
603665	5.4347086
603666	7.9954762
603667	7.0955653
603668	11.950635
603669	4.5793056
603676	4.695152
603677	6.057488
603678	-0.04229576
603679	6.990593
603680	6.878044
603681	6.8068423
603682	8.407544
603683	5.784273
603685	9.3651495
603686	9.50795
603687	8.504983
603688	4.567798
603689	9.41231
603690	6.9748807
603693	4.6635394
603696	10.204623
603697	7.7250776
603698	10.458127
603699	5.784293
603700	-16.531843
603701	-38.17443
603703	-26.730251
603706	6.8357844
603707	10.5372305
603708	7.463803
603709	9.495535
603711	8.042465
603712	11.421373
603713	7.1353025
603716	-18.269022
603717	5.152026
603718	-21.21757
603719	6.8879457
603721	8.741258
603722	5.3519363
603725	7.088132
603726	-10.297365
603727	6.642608
603728	1.9451545
603729	9.787339
603730	5.2210903
603733	5.549297
603737	3.7173007
603738	-1.5571784
603739	5.1459737
603755	8.495247
603757	8.868865
603758	8.926927
603759	9.279424
603766	6.9749064
603767	6.6614804
603768	10.46177
603773	3.7202456
603776	9.310608
603777	9.296716
603778	6.3791876
603779	5.5093026
603786	5.37477
603787	7.817264
603788	10.068373
603789	8.954887
603790	8.14712
603797	11.032422
603798	8.68296
603799	-12.748986
603800	7.0630894
603801	3.50564
603803	9.15303
603806	-9.107004
603808	8.566757
603809	5.6718793
603810	8.9972925
603811	9.501104
603813	8.461202
603815	7.057839
603816	3.9869974
603817	9.117496
603818	4.54657
603819	6.4741287
603822	-17.469736
603823	6.8312984
603825	7.055431
603826	-27.282305
603828	9.087627
603829	7.9432435
603833	1.318392
603836	5.688921
603838	8.135263
603839	-20.508791
603843	9.459947
603848	5.421055
603855	4.4522667
603856	9.032218
603858	-6.873037
603859	8.088036
603860	7.8896303
603861	7.1899667
603863	9.102963
603866	9.482166
603867	5.562962
603868	10.389217
603869	11.191717
603871	2.1213243
603876	8.467116
603877	10.312048
603878	7.0707355
603879	9.481388
603880	-15.381271
603881	4.471977
603882	11.172771
603883	4.916095
603885	0.060309973
603886	8.254411
603887	8.501568
603888	8.245498
603889	5.794824
603890	6.8839054
603893	6.988413
603895	4.6665053
603896	8.971842
603897	9.483267
603898	9.205163
603899	4.0149894
603900	11.154649
603901	6.1188893
603903	9.457786
603906	5.505622
603908	2.2853882
603909	7.6100082
603912	9.480446
603915	6.6494036
603916	8.794761
603917	9.744002
603918	6.3024945
603919	5.010924
603920	11.702783
603922	1.6692485
603926	10.317644
603927	9.134368
603928	2.0403953
603929	8.169816
603931	4.616368
603933	10.401649
603936	8.277808
603937	9.414784
603938	4.309192
603939	3.72189
603948	8.661016
603949	5.4735174
603950	8.938071
603955	11.228915
603956	0.16447175
603958	9.306245
603959	7.4421535
603960	4.736137
603963	9.134699
603966	8.414774
603967	10.843893
603968	7.6931667
603969	6.9480257
603970	7.093833
603976	5.039112
603977	6.9862514
603978	9.792247
603979	-1.8773423
603980	7.5954413
603982	6.709022
603983	9.13633
603985	3.719196
603986	-3.0546699
603987	11.302256
603988	-10.302028
603989	5.497076
603990	7.7203417
603991	-10.089851
603992	8.077819
603993	7.3038106
603995	6.57553
603997	10.410205
603998	-12.167386
603999	2.1556165
605001	11.120745
605003	9.74735
605005	-0.50909066
605006	8.890729
605007	6.4955535
605008	6.4834423
605009	5.420599
605011	5.147523
605016	5.2266655
605018	6.507671
605020	5.490084
605028	6.4162045
605033	10.98805
605050	4.339403
605055	9.920141
605056	7.596972
605058	9.4424715
605060	4.071065
605066	-2.7891703
605068	7.795609
605069	7.302857
605077	5.15905
605080	4.5839376
605081	5.2948256
605086	9.536826
605088	7.4902163
605089	5.4756303
605090	2.3138614
605098	5.157486
605099	6.797565
605100	9.320399
605108	7.0473394
605111	6.9053354
605116	6.0383935
605117	-11.46596
605118	7.1195917
605122	11.240192
605123	5.8970904
605128	4.653456
605133	10.968639
605136	-19.260717
605138	9.011798
605151	2.5385501
605155	9.442384
605158	-19.048431
605162	4.2766414
605166	7.141775
605167	4.838452
605168	8.62633
605169	8.571773
605177	7.838775
605178	-15.476262
605179	9.353167
605180	6.705304
605183	10.949882
605186	6.6984944
605188	8.095384
605189	8.009234
605196	5.5084662
605198	7.719503
605199	-15.167721
605208	9.467409
605218	1.8753783
605222	8.432887
605228	5.457278
605255	9.775213
605258	8.048013
605259	5.7366843
605266	3.9324646
605268	8.56379
605277	7.9166074
605286	8.762615
605287	4.7338266
605288	-32.81823
605289	4.2748556
605296	3.8120582
605298	9.853994
605299	6.997371
605300	9.897859
605303	12.176801
605305	5.3090506
605318	8.924579
605319	8.252863
605333	6.9626393
605336	10.284434
605337	8.991153
605338	6.1392083
605339	1.797151
605358	7.941966
605365	8.442035
605366	10.403055
605368	-26.411163
605369	7.904596
605376	8.962782
605377	5.8550267
605378	10.910157
605388	10.114002
605389	4.320347
605398	-40.635357
605399	6.4649777
605488	4.2404985
605499	6.747385
605500	9.525955
605507	4.774125
605555	-1.9469682
605566	10.93147
605567	7.2953935
605577	10.445766
605580	9.641323
605588	5.0783195
605589	6.7141075
605598	7.570405
605599	5.0930576
688001	-2.0479176
688002	6.7615466
688003	2.3080995
688004	-6.471485
688005	8.457425
688006	8.721045
688007	7.13505
688008	6.172058
688009	10.570243
688010	8.808697
688011	4.435409
688012	10.487102
688013	8.824941
688015	11.549456
688016	3.126953
688017	3.9102333
688018	-13.894283
688019	3.7204618
688020	-10.328787
688021	4.333433
688022	8.90622
688023	6.3215213
688025	3.7940478
688026	-6.391358
688027	-1.3003856
688028	8.81016
688029	7.1730323
688030	9.219207
688031	6.4475274
688032	-48.575764
688033	4.320011
688035	7.0234127
688036	-1.5756533
688037	-6.553355
688038	8.418195
688039	6.9692106
688041	-13.978433
688045	5.4751396
688046	9.741483
688047	-10.299259
688048	5.4648128
688049	6.954189
688050	-11.200804
688051	9.326334
688052	3.8392632
688053	4.191591
688055	9.110324
688056	8.30263
688057	8.194589
688058	9.699843
688059	8.804428
688060	6.443169
688061	5.651711
688062	6.4658217
688063	4.900514
688065	5.3098125
688066	8.40123
688067	10.684978
688068	-38.48397
688069	10.693449
688070	8.456851
688071	8.266754
688072	-6.620228
688073	0.29715404
688075	-1.1131123
688076	-0.55626255
688077	8.335104
688078	11.340721
688079	9.480373
688080	3.907184
688081	9.236295
688082	3.871752
688083	-10.301639
688084	-4.3432765
688085	11.090322
688087	3.3555033
688088	6.8742814
688089	8.971637
688090	-29.989416
688091	-36.59233
688092	8.52136
688093	7.0452895
688095	-1.7258793
688096	7.000162
688097	9.340062
688098	9.481629
688099	3.7218082
688100	1.955379
688101	-9.720146
688102	4.4381876
688103	5.488341
688105	9.482229
688106	9.363959
688107	5.156645
688108	10.155831
688109	1.9017661
688110	10.995509
688111	-0.95291305
688112	3.6809502
688113	7.96834
688114	3.744933
688115	9.5036745
688116	5.4970756
688117	-40.511555
688118	11.165121
688119	7.5931168
688120	1.9052825
688121	4.32135
688122	3.0291529
688123	1.6129966
688125	8.104201
688126	9.475604
688127	10.711492
688128	9.027196
688129	-10.927541
688130	5.181574
688131	6.3409505
688132	5.4972386
688133	1.9088529
688135	7.736141
688136	-22.0281
688137	7.7396936
688138	7.0387187
688139	5.4971976
688141	9.7685585
688143	8.764348
688146	9.093245
688147	5.618939
688148	8.854946
688150	7.0094333
688151	8.391589
688152	-1.5755568
688153	7.0709925
688155	3.7283165
688156	9.400146
688157	5.98892
688158	10.972062
688159	7.5478473
688160	-13.364579
688161	10.252109
688162	5.5000553
688163	-15.546553
688165	10.339405
688166	9.439803
688167	4.0386534
688168	-22.000914
688169	4.034469
688170	8.035595
688171	9.468902
688172	4.6510563
688173	4.0306654
688175	10.755619
688176	9.441936
688177	11.193355
688178	9.364388
688179	11.180311
688180	4.3020177
688181	8.952554
688182	11.713353
688183	7.432365
688184	5.066967
688185	-40.721764
688186	7.8644423
688187	6.6356506
688188	5.186164
688189	9.48069
688190	4.096671
688191	11.188343
688192	-13.384598
688193	-16.033247
688195	8.023176
688196	5.7691193
688197	3.9599423
688198	9.55405
688199	9.546427
688200	3.7191203
688201	11.188042
688202	-10.256219
688203	9.365234
688205	-32.282776
688206	5.5041285
688207	9.482162
688208	5.490179
688209	7.1580787
688210	-3.814189
688211	-3.3873253
688212	-11.525044
688213	2.0714116
688215	9.786378
688216	8.949822
688217	7.7786875
688218	9.435433
688219	10.207171
688220	4.4730926
688221	10.05144
688222	5.4975667
688223	9.411873
688225	11.088116
688226	6.862892
688227	8.993293
688228	3.9443176
688229	-3.4704134
688230	6.546248
688231	8.730673
688232	-18.842363
688233	6.458618
688234	5.0918384
688235	-43.5573
688236	9.190559
688237	7.375611
688238	8.4613285
688239	6.9285555
688244	10.183146
688246	6.4613504
688247	9.48565
688248	4.570985
688249	10.627887
688251	10.7236805
688252	9.376887
688253	-41.799576
688255	7.62993
688256	8.999237
688257	6.6879406
688258	-30.60453
688259	-37.687046
688260	8.571672
688261	4.738906
688262	8.652108
688265	9.013794
688266	-21.833012
688267	9.385447
688268	4.945598
688269	7.4223785
688270	-1.1699979
688271	-1.4033908
688272	9.53653
688273	10.468156
688275	3.7191374
688276	7.438904
688277	-14.680461
688278	6.1385093
688279	5.3349786
688280	7.881233
688281	3.7190897
688282	4.3068943
688283	9.01602
688285	11.191691
688286	3.9237502
688287	9.679426
688288	9.243611
688289	-0.5510023
688290	-41.645153
688291	5.842842
688292	7.2738657
688293	9.101243
688295	4.438422
688296	4.7513657
688297	11.391927
688298	-5.9820247
688299	5.788739
688300	3.7218866
688301	5.3099775
688302	11.246887
688303	8.317981
688305	9.848809
688306	7.0083904
688307	8.708616
688308	4.55917
688309	1.5707932
688310	7.1371017
688311	9.571414
688312	7.0123425
688313	11.119814
688314	-31.08253
688315	11.191526
688316	9.555989
688317	-16.0296
688318	-10.513911
688319	10.950224
688320	10.194776
688321	11.167581
688322	11.292206
688323	0.79861784
688325	9.889428
688326	-3.8572006
688327	7.893111
688328	9.30439
688329	9.281392
688330	10.167753
688331	9.505693
688332	-11.627492
688333	5.3099313
688334	9.238437
688335	6.643086
688336	8.090667
688337	0.17635566
688338	-21.482576
688339	-1.4668808
688343	9.409674
688345	7.800448
688347	8.011053
688348	-9.926001
688349	5.451195
688350	3.895375
688351	-1.2465152
688352	4.321355
688353	8.600321
688355	5.208161
688356	3.8269007
688357	-10.639001
688358	9.317521
688359	6.995258
688360	-16.263432
688361	-3.5563843
688362	4.3214025
688363	6.3399453
688365	5.1352196
688366	-10.637358
688367	2.993374
688368	2.2990677
688369	6.9790783
688370	7.953671
688371	9.134789
688372	-37.95783
688373	8.823455
688375	4.9697795
688376	6.920061
688377	7.6365504
688378	3.7191203
688379	-0.25463793
688380	9.470884
688381	4.3213186
688382	6.9028788
688383	4.716956
688385	7.9424734
688386	7.363258
688387	6.897663
688388	5.342809
688389	4.290726
688390	-5.4417896
688391	4.773548
688392	4.8878317
688393	-21.413643
688395	7.5631905
688396	10.293926
688398	6.705733
688399	8.082559
688400	6.2039022
688401	5.6190763
688403	8.406977
688408	3.5874772
688409	6.4293804
688410	9.654308
688416	5.4931684
688418	3.9568872
688419	6.66757
688420	7.999647
688425	0.3940033
688426	8.779354
688428	9.7749
688429	9.326531
688432	9.381768
688433	4.4974265
688435	7.081873
688439	3.7191203
688443	7.891785
688448	9.852828
688450	9.583785
688455	10.1297455
688456	5.5010715
688458	5.2763133
688459	8.954409
688466	8.760999
688468	11.087848
688469	5.746494
688472	9.477596
688475	5.19712
688478	5.1804285
688479	10.044828
688480	5.213661
688484	6.7370324
688485	9.351906
688486	7.3040624
688488	4.3217583
688489	5.309533
688496	4.596226
688498	5.951309
688499	5.4972425
688500	11.190753
688501	9.221864
688502	2.0128434
688503	-38.05629
688505	-19.86148
688506	-38.856743
688507	2.0246742
688508	4.097344
688509	6.8300405
688510	7.8960004
688511	8.493663
688512	7.1534433
688513	-16.128824
688515	-12.58216
688516	3.7191195
688517	6.4277225
688518	8.054033
688519	7.0293517
688520	5.6419487
688521	7.89656
688522	3.7191195
688523	5.06548
688525	2.5314329
688526	-1.7583573
688528	10.152565
688529	5.148591
688531	3.4997907
688533	6.3905463
688535	-4.865765
688536	7.7031384
688538	-14.583863
688539	7.7830615
688543	10.46001
688548	7.299317
688549	9.948324
688550	3.7230346
688551	5.374981
688552	10.538082
688553	7.1122785
688556	2.4111717
688557	9.287021
688558	10.782797
688559	8.022212
688560	4.334259
688561	7.7258124
688562	9.490401
688563	3.9996684
688565	6.390623
688566	11.162902
688567	6.4700522
688568	5.309907
688569	11.191692
688570	4.32135
688571	8.338416
688573	6.4650874
688575	6.9774384
688576	3.7191315
688577	4.0289254
688578	5.1425796
688579	11.322026
688580	7.5597024
688581	9.858333
688582	-15.285271
688584	5.5888534
688585	12.182269
688586	10.292819
688588	11.190896
688589	6.121592
688590	7.0958776
688591	4.3255367
688592	7.2557907
688593	4.3271523
688595	4.0273304
688596	7.2740254
688597	9.169114
688598	3.71912
688599	6.665054
688600	-20.698082
688601	3.5631695
688602	4.380765
688603	-29.377428
688606	-9.579018
688607	6.615821
688608	-10.484643
688609	6.852908
688610	7.840872
688611	8.137383
688612	8.068816
688613	-20.464699
688616	10.531362
688617	-21.680115
688618	-8.80378
688619	9.514196
688620	4.4656076
688621	3.7194088
688622	-24.964617
688623	3.9407086
688625	9.048513
688626	4.5895667
688627	-13.30707
688628	9.324369
688629	9.482203
688630	6.117375
688631	3.7195833
688633	7.544011
688636	1.8037
688638	5.6642895
688639	3.7191188
688646	7.9950247
688648	8.213853
688651	12.232396
688652	-28.333046
688653	6.9892697
688655	7.9685016
688656	5.8782682
688657	3.737525
688658	1.1873797
688659	6.67774
688660	8.856873
688661	4.030361
688662	10.334479
688663	4.321388
688665	6.42563
688667	5.2885003
688668	6.726438
688669	9.506622
688670	9.326362
688671	4.3241086
688676	7.2276745
688677	3.7192526
688678	6.93204
688679	11.138899
688680	4.872132
688681	7.0888934
688682	-10.075069
688683	8.510425
688685	-3.5513964
688686	6.440048
688687	8.646275
688689	8.543704
688690	8.106154
688693	7.9015203
688695	6.873868
688696	3.7191203
688697	6.459001
688698	8.333756
688699	4.0173616
688700	4.7864914
688701	1.9959625
688702	4.248503
688707	7.868327
688709	4.3216276
688711	5.4927144
688716	11.3560505
688717	-3.5310364
688718	10.317863
688719	7.839661
688720	5.1501584
688722	10.670169
688728	6.4541354
688733	6.3815646
688737	6.4922338
688739	6.950031
688766	5.8358283
688767	-14.113729
688768	-4.346193
688772	7.0707088
688776	3.71912
688777	1.7966604
688778	5.319813
688779	10.02726
688786	6.762321
688787	1.421764
688788	8.167072
688789	3.9539964
688793	4.260482
688798	3.7237804
688799	10.513316
688800	3.852533
688819	7.318414
688981	2.0763812
689009	-12.669402
