1	9.5268345
2	-13.156041
4	8.122188
6	-4.219589
7	5.126642
8	-6.335258
9	5.659731
10	7.3376923
11	1.9338756
12	-17.322817
14	5.8096437
16	-10.273201
17	5.773729
19	9.401025
20	-14.852325
21	-0.6209333
25	9.8828125
26	10.492099
27	7.854593
28	3.72617
29	10.106645
30	8.366587
31	0.13777906
32	3.891474
34	-1.569314
35	9.12983
36	6.6446223
37	5.264587
39	5.500256
40	8.624284
42	-14.037938
45	-15.507501
48	3.623182
49	6.5450187
50	-1.5755465
55	4.8146415
56	10.7351055
58	11.969752
59	8.836308
60	8.377832
61	3.9846046
62	-40.62402
63	8.469973
65	3.742987
66	3.7186966
68	9.389112
69	8.590768
70	10.466683
78	-10.516479
88	6.924999
89	6.3884234
90	6.5665236
96	-16.15067
99	-13.81454
100	7.085835
151	7.04971
153	2.8822765
155	5.454191
156	-9.522756
157	5.1846747
158	11.103953
159	9.481249
166	4.6857843
301	9.596291
333	9.488361
338	3.7617214
400	3.719232
401	9.475597
402	2.0897129
403	5.124012
404	9.365016
407	1.6237977
408	5.2880073
409	10.17827
410	0.1944325
411	-1.2831788
415	9.643918
417	-0.1475978
419	1.9078865
420	6.6576295
421	-10.385931
422	6.902747
423	-3.9020503
425	-0.6247934
426	6.5334105
428	8.020502
429	8.7001705
430	9.9522915
488	-12.585761
498	7.7890058
501	6.723712
503	7.1754274
504	8.533458
505	9.451608
506	9.426606
507	10.09674
509	8.685878
510	5.6004686
513	5.6322002
514	-10.741712
516	4.0219374
517	-34.622902
518	10.7984915
519	6.977468
520	4.4666567
521	-10.074642
523	9.3759575
524	4.9528217
525	-35.579918
526	-1.836044
528	-6.7546473
529	6.6450615
530	4.9629083
531	3.8006983
532	-36.555782
533	11.040657
534	9.201782
536	-15.506368
537	5.5040355
538	9.950866
539	3.9376495
541	1.021979
543	0.2865124
544	6.1402297
545	9.849128
546	9.491184
547	-5.803601
548	9.239725
550	-12.582364
551	-32.742687
552	8.49503
553	8.511181
554	10.171938
555	12.126591
557	6.8680224
558	10.70513
559	9.93956
560	11.157446
561	9.482163
563	-32.161522
564	9.662853
565	9.453408
566	10.999964
567	-12.105241
568	5.1476946
570	9.48347
571	11.930652
572	8.744406
573	8.662216
576	-1.4604352
581	6.3685083
582	-24.719831
584	5.276388
586	11.302823
589	6.959473
590	11.237314
591	-17.472078
592	11.177342
593	8.952514
595	9.481042
596	5.288572
597	8.657857
598	-17.07646
599	8.741134
600	3.720647
601	10.792519
603	6.867736
605	9.198295
607	0.6376109
608	10.0814295
609	11.260533
610	0.04737234
612	8.202383
615	4.26112
617	9.274402
619	1.9079978
620	8.182402
622	10.704964
623	3.7440577
625	5.2366185
626	1.1357951
627	4.947269
628	-0.43506223
629	7.085007
630	5.6477613
631	9.571764
632	9.476386
633	10.857019
635	11.302237
636	-6.804906
637	-34.80956
638	11.186894
639	7.084001
650	6.8939857
651	-21.80467
652	-12.594736
655	4.8320217
656	-13.390851
657	8.19846
659	-17.243027
661	3.951941
663	8.348652
665	-29.931925
668	3.077866
669	8.724037
670	-14.748298
672	-17.069471
676	8.31938
677	-12.714805
678	10.631723
679	9.673559
680	3.4600365
681	2.300667
682	9.368996
683	3.7219195
685	4.7476153
686	-14.849389
688	7.2687445
690	5.1944995
691	-16.241175
692	-16.313107
695	9.415207
697	10.0468645
698	7.050717
700	-10.304198
701	10.072422
702	9.73953
703	7.7651362
705	2.3974566
707	8.392111
708	5.3098125
709	10.03632
710	6.8619785
711	5.650314
712	4.5648293
713	2.1122208
715	9.347531
716	9.478117
717	10.343751
718	4.574696
719	-10.752853
720	7.9232874
721	6.016131
722	3.901407
723	6.4166565
725	10.29182
726	6.8114114
727	7.3115807
728	6.908833
729	-19.372574
731	6.6978135
733	-10.323465
735	9.482183
736	7.8851056
737	-3.6199887
738	-1.4028698
739	-18.681475
750	-17.639076
751	10.39815
752	-16.34578
753	10.884748
755	10.396227
756	9.10217
757	3.5932324
758	7.5110497
759	8.496632
761	11.25722
762	-1.6817167
766	-0.4558047
767	8.969173
768	5.450457
776	9.461176
777	-40.048832
778	-1.1861829
779	10.665088
782	7.275259
783	9.3835745
785	9.482164
786	2.5872881
788	3.8622394
789	9.440938
790	1.4171898
791	5.494526
792	5.3098145
793	7.38245
795	10.569149
796	6.663616
797	11.191081
798	9.773363
799	5.2736344
800	8.598959
801	2.2910256
802	12.018253
803	9.370853
807	6.025403
809	6.6908975
810	-37.498955
811	2.8999887
812	9.437092
813	-1.2235641
815	11.09886
816	5.484507
818	-0.3203328
819	6.8180113
820	11.009576
821	7.5146194
822	10.890554
823	11.1669655
825	-2.1785595
826	9.482426
828	0.021893254
829	3.704279
830	3.890381
831	5.7025146
833	-15.180872
837	10.612396
838	9.421192
839	4.839446
848	-5.737899
850	9.930981
851	7.3738284
852	9.46614
856	9.440653
858	10.299017
859	-0.8831811
860	2.2080383
862	9.724242
863	7.262234
868	-10.879715
869	5.4800844
875	6.8638787
876	-17.073914
877	3.7276738
878	6.6724453
880	0.6136708
881	-30.246151
882	9.465854
883	7.031706
885	9.347616
886	12.427324
887	4.024312
888	3.0134892
889	9.690368
890	10.019206
892	10.140983
893	-0.26099288
895	5.870224
897	9.801932
898	9.861704
899	5.51503
900	-22.798618
901	-8.253193
902	1.1996298
903	11.191694
905	10.816507
906	5.2237744
908	5.5993223
909	11.008671
910	10.563772
911	9.776127
912	9.209611
913	3.4504397
915	6.189899
917	-1.8269709
919	10.096899
920	10.36207
921	3.721843
922	-30.35033
923	4.6076593
925	10.274879
926	7.1703134
927	7.5897245
928	10.424738
929	9.691081
930	-7.0521355
931	9.916654
932	5.413812
933	5.301342
935	4.164472
936	9.22325
937	-6.7829733
938	4.127769
948	9.881602
949	9.490945
950	6.307816
951	-8.962248
952	11.040108
953	8.794404
955	9.461408
957	1.5944501
958	4.6667504
959	10.074458
960	6.1691365
962	9.852512
963	-22.674107
965	11.090827
966	7.4806786
967	9.482227
968	8.970114
969	4.126903
970	-0.92864853
972	8.959487
973	-12.7631035
975	3.8189516
977	9.301194
978	12.306257
980	11.163022
981	7.141478
983	5.0288
985	10.393906
987	9.643862
988	-1.5417467
989	7.7313433
990	5.493678
993	6.6650696
995	-0.34556544
997	4.7343106
998	-12.897107
999	-2.5412295
1201	9.512962
1202	9.4408245
1203	4.3213553
1205	5.906625
1206	10.995838
1207	6.0607557
1208	11.188674
1209	10.034466
1210	4.3383174
1211	10.4342985
1212	8.745051
1213	10.655004
1215	7.0315332
1216	8.712386
1217	9.749479
1218	6.1361876
1219	9.352364
1222	6.8388534
1223	-18.668854
1225	5.3242216
1226	6.462006
1227	10.411482
1228	8.441561
1229	10.749299
1230	9.773944
1231	11.167409
1234	9.819251
1236	9.891606
1238	-15.193064
1239	9.6112
1255	5.9104924
1256	5.2183475
1258	8.512173
1259	8.156757
1260	10.90558
1266	11.157504
1267	-15.842548
1268	9.683917
1269	-6.434598
1270	3.1563241
1278	8.394352
1282	6.841828
1283	3.8774788
1286	8.764934
1287	10.561554
1288	7.0927105
1289	10.69712
1296	10.433759
1298	-39.512745
1299	9.501447
1300	5.452037
1301	0.97665465
1306	6.7047257
1308	6.671074
1309	5.381683
1311	8.478967
1313	4.233447
1314	-27.54859
1316	9.828879
1317	-0.42262423
1318	10.808371
1319	11.16544
1322	8.133321
1323	9.32103
1324	10.429331
1326	5.7941856
1328	9.109459
1330	7.1298246
1331	9.36786
1332	-12.250157
1333	8.724009
1336	7.5301623
1337	7.706464
1338	5.8129663
1339	6.0345225
1358	1.0474249
1359	10.962263
1360	8.65166
1366	10.005888
1367	-42.540474
1368	7.328327
1373	11.191655
1376	4.4148574
1378	11.338489
1379	10.941113
1380	7.0593543
1387	11.258521
1389	5.173074
1696	-11.971198
1872	10.347658
1896	6.4091797
1914	3.727508
1965	-21.414131
1979	6.085949
2001	-0.7064221
2003	-7.850181
2004	-19.303455
2005	6.474457
2006	5.5911627
2007	7.238332
2008	1.7452127
2009	2.375083
2010	-13.024544
2011	5.3993287
2012	-13.171431
2014	0.7892376
2015	3.1524858
2016	-1.9078735
2017	3.8732324
2019	5.6437573
2020	-30.503471
2021	4.9128804
2022	-32.474316
2023	10.4719715
2024	9.32461
2025	2.0611534
2026	10.365828
2027	5.946942
2028	2.1020207
2029	-17.07463
2030	-11.963205
2031	7.8393106
2032	8.273663
2033	3.8159466
2034	-32.286907
2035	4.348814
2036	-4.137409
2037	0.9972694
2038	1.793937
2039	7.3012333
2040	8.4909115
2041	-1.4036278
2042	7.077166
2043	5.5766034
2044	6.4783707
2045	5.240937
2046	-10.301313
2047	-1.8074458
2048	5.649505
2049	5.5806293
2050	-1.8291943
2051	-10.499617
2052	9.562478
2053	7.488281
2054	10.433981
2055	5.9368243
2056	1.9895586
2057	4.470896
2058	11.3404045
2059	11.286309
2060	10.280399
2061	9.775606
2062	9.553712
2063	-12.891216
2064	10.460207
2065	-0.63757896
2066	9.36515
2067	9.657111
2068	3.920242
2069	8.4611845
2072	4.9606133
2073	3.9708836
2074	8.369279
2075	-19.281826
2076	8.364816
2077	10.343206
2078	3.7192757
2079	8.246082
2080	3.719122
2081	-9.91467
2082	9.235657
2083	6.5385237
2084	-15.14408
2085	-1.0154699
2086	11.159895
2088	5.3098493
2090	3.9290373
2091	5.481159
2092	8.983325
2093	9.792345
2094	11.520366
2095	1.228149
2096	1.9455266
2097	8.710615
2098	-5.113913
2099	6.9625077
2100	3.8108525
2101	-1.7797847
2102	9.772168
2103	10.473969
2104	1.1873574
2105	5.764504
2106	6.555132
2107	-1.8308616
2108	-32.715443
2109	6.4649653
2110	6.5801563
2111	4.298834
2112	2.9702961
2114	10.887913
2115	11.119261
2116	4.4063377
2117	-0.1457045
2119	-1.1480409
2120	3.7191212
2121	-13.608533
2122	11.191692
2123	5.721366
2124	-12.97924
2125	5.3539844
2126	4.5808463
2127	10.541163
2128	5.9373026
2129	4.06875
2130	0.2537869
2131	1.8201182
2132	10.9720745
2133	11.172519
2134	8.326311
2135	9.482183
2136	8.08661
2137	-13.736611
2138	-3.023908
2139	8.436377
2140	3.733155
2141	11.166916
2142	3.725452
2144	9.3095875
2145	11.290278
2146	10.141204
2148	-16.514618
2149	4.0297427
2150	-0.7081497
2151	3.1031582
2152	6.529233
2153	5.0675054
2154	3.71912
2155	5.8792934
2156	7.317415
2157	4.147415
2158	-8.791153
2159	9.1828375
2160	11.973794
2161	4.8056245
2162	10.789826
2163	-11.09785
2164	5.227017
2165	9.476359
2166	-7.618704
2167	7.9068236
2168	-7.258177
2169	-36.996624
2170	5.6756864
2171	4.043656
2172	10.97232
2173	10.323102
2174	8.758086
2175	-2.1062033
2176	0.07254649
2177	11.168681
2178	9.970058
2179	-1.3346936
2180	3.719175
2181	-26.41122
2182	5.3498588
2183	-7.7607317
2184	11.155185
2185	5.876611
2186	10.519408
2187	10.543904
2188	10.809651
2189	-19.260721
2190	9.428234
2191	9.485135
2192	-1.5728925
2193	9.357873
2194	10.918665
2195	-1.5149881
2196	9.483561
2197	7.157093
2198	2.9391732
2199	11.185013
2200	8.634647
2201	8.412799
2202	-5.815207
2203	10.932919
2204	8.652741
2205	7.8710423
2206	-4.819974
2207	8.674459
2208	-15.245913
2209	7.069289
2210	7.2076387
2211	10.108651
2212	7.5213723
2213	10.576663
2214	8.295437
2215	3.9084995
2216	8.818636
2217	11.1710615
2218	9.220297
2219	1.8999925
2221	-20.37708
2222	-0.08267856
2223	3.7344568
2224	7.619675
2225	4.7169404
2226	3.748806
2227	-22.046228
2228	1.7021738
2229	6.0765815
2230	4.1039395
2231	-15.310299
2232	-9.904229
2233	9.259282
2234	8.336423
2235	5.257656
2236	7.034741
2237	3.7525449
2238	10.886715
2239	10.582652
2240	5.5055623
2241	-12.243117
2242	4.416124
2243	11.039922
2244	-8.583245
2245	-4.238771
2246	9.692649
2247	-15.71923
2248	4.6279626
2249	2.865014
2250	11.202399
2251	8.206963
2252	10.202959
2253	5.288839
2254	1.3176315
2255	7.071474
2256	-6.4039974
2258	5.359959
2259	8.520585
2261	-1.423345
2262	4.1318264
2263	11.19158
2264	5.4457603
2265	8.654509
2266	-12.541605
2267	7.091084
2268	4.709519
2269	9.748439
2270	3.9043362
2271	3.9213946
2272	-16.697092
2273	-13.272381
2274	7.1225204
2275	-17.813137
2276	6.0815997
2277	8.597193
2278	9.478844
2279	-4.166156
2281	5.2628856
2282	10.300853
2283	11.150697
2284	9.175353
2285	9.852563
2286	8.328526
2287	6.5248656
2289	5.687783
2290	8.856649
2291	10.719724
2292	1.792352
2293	5.4279585
2294	10.269187
2295	11.191156
2296	3.9492736
2297	9.360706
2298	10.191902
2299	-1.4046235
2300	3.2370205
2301	-16.982355
2302	10.053945
2303	11.329717
2304	10.3915205
2305	11.195461
2306	11.191321
2307	9.129803
2308	5.2699656
2309	10.447398
2310	-0.1240199
2311	5.3108735
2312	3.845758
2313	7.813231
2314	9.304625
2315	-0.98066586
2316	7.0325637
2317	-10.554421
2318	3.7300775
2319	10.582926
2320	10.718142
2321	8.965271
2322	5.037158
2323	8.381038
2324	3.849829
2326	8.053658
2327	3.7191203
2328	6.235881
2329	11.158083
2330	10.745815
2331	4.876681
2332	-8.620547
2333	10.901438
2334	-8.162711
2335	3.7193415
2336	9.773846
2337	4.5376563
2338	2.3122773
2339	9.226075
2340	7.5433745
2342	10.255682
2343	-21.231539
2344	10.418806
2345	1.7774184
2346	10.345543
2347	10.18746
2348	9.409246
2349	2.409624
2350	9.357634
2351	5.141565
2352	10.178288
2353	5.4026356
2354	11.111328
2355	10.082125
2356	-17.89507
2357	9.535964
2358	11.334973
2360	7.0434933
2361	1.3146302
2362	7.8958826
2363	11.191823
2364	6.8363523
2365	10.018967
2366	-18.174696
2367	2.948282
2368	5.9275775
2369	-20.022493
2370	-16.855587
2371	1.6982428
2372	5.310334
2373	-0.11857633
2374	9.913912
2375	8.376673
2376	7.7185526
2377	11.074274
2378	5.413348
2379	3.9891145
2380	8.289844
2381	-0.9789702
2382	4.8671975
2383	7.982634
2384	7.7624564
2385	1.6815095
2386	9.365003
2387	5.5498543
2388	-14.024603
2389	-10.32807
2390	-12.137257
2391	7.68513
2392	9.480941
2393	4.3645816
2394	-46.61485
2395	8.366011
2396	-8.910648
2397	3.468549
2398	9.476359
2399	7.722529
2400	8.261857
2401	11.815801
2402	3.2607753
2403	10.888274
2404	11.275087
2405	9.489603
2406	9.619341
2407	5.3099046
2408	5.636658
2409	2.0918272
2410	-9.906028
2412	-1.0219611
2413	9.491208
2414	2.9899037
2415	6.5842443
2416	10.83538
2418	9.482164
2419	8.305999
2420	5.587017
2421	-1.5596792
2422	-7.7123837
2423	4.3047237
2424	-10.311134
2425	-21.463932
2426	-15.14119
2427	9.482164
2428	6.714798
2429	-2.544898
2430	4.83694
2431	4.6510854
2432	8.530819
2434	-12.612778
2436	2.4137833
2437	10.282924
2438	-38.73796
2439	3.7224863
2440	-10.29967
2441	10.470397
2442	7.71866
2443	9.418733
2444	6.51305
2445	11.176634
2446	8.672985
2448	3.5392628
2449	-21.50286
2451	-26.354454
2452	0.8645181
2453	5.4751396
2454	9.114246
2455	4.71236
2456	-7.9661145
2457	11.160962
2458	-1.397568
2459	10.186321
2460	7.0210705
2461	4.488402
2462	10.523377
2463	5.1212525
2465	6.9958625
2466	4.4016786
2467	-16.93232
2468	10.449011
2469	5.5540776
2470	9.316137
2471	10.348302
2472	1.2060355
2474	8.619308
2475	3.9756134
2476	8.723869
2478	9.231392
2479	-0.94682294
2480	10.45161
2481	3.0770159
2482	9.431819
2483	10.279909
2484	6.7852855
2485	9.866838
2486	11.178427
2487	5.680121
2488	0.58916444
2489	-22.123291
2490	8.792952
2491	10.8937645
2492	10.351623
2493	5.6362095
2494	6.167938
2495	11.302231
2496	-3.9871418
2497	3.4880917
2498	-0.53713226
2500	4.8506026
2501	10.347325
2506	9.481769
2507	9.847257
2508	4.4476695
2510	7.6683283
2511	1.980962
2512	6.350985
2513	9.380335
2514	11.172285
2515	-10.270768
2516	2.8870013
2517	-1.2364951
2518	1.9609855
2519	2.6101806
2520	-0.9528069
2521	4.1397605
2522	12.22055
2523	9.755557
2524	-14.867898
2526	11.02359
2527	9.974813
2528	11.186563
2529	-8.779038
2530	10.2432165
2531	3.8812382
2532	5.5775504
2533	3.7191675
2534	10.573552
2535	9.274953
2536	7.476991
2537	-1.5346653
2538	8.422992
2539	5.4321513
2540	-1.8623924
2541	3.7191203
2542	10.115108
2543	5.1182885
2544	4.008313
2545	-5.9892225
2546	-17.116869
2547	-16.274773
2548	11.121893
2549	1.9218433
2550	4.1334624
2551	8.27033
2552	6.5653
2553	-35.251377
2554	8.460194
2555	-11.329035
2556	7.340297
2557	1.8566526
2558	-35.808025
2559	-0.95296735
2560	8.730839
2561	10.912331
2562	10.883792
2563	5.2195077
2564	4.60424
2565	8.806061
2566	11.099
2567	8.681092
2568	-4.6321573
2569	12.233369
2570	9.464821
2571	6.6379137
2572	5.467018
2573	9.139479
2574	10.609757
2575	9.334143
2576	8.750689
2577	-19.531986
2578	11.191142
2579	-1.5755002
2580	9.426079
2581	10.370414
2582	9.662709
2583	11.040583
2584	11.127817
2585	7.0619583
2586	9.672037
2587	-10.303843
2588	5.1697106
2589	-11.588476
2590	1.3482772
2591	4.7396994
2592	10.668998
2593	10.322801
2594	5.1779284
2595	6.2939053
2596	11.853992
2597	-15.884858
2598	8.796067
2599	10.624518
2600	10.647651
2601	5.309904
2602	11.168566
2603	2.0028965
2605	-10.324544
2606	8.684712
2607	11.099101
2608	6.06054
2609	3.6534247
2611	-6.608083
2612	1.4928135
2613	10.781313
2614	7.502792
2615	-12.401686
2616	10.230606
2617	-40.52836
2620	9.775118
2622	-15.097584
2623	10.626497
2624	9.4506855
2625	3.7191203
2626	-1.5731385
2627	9.8448305
2628	10.750081
2629	8.6530075
2630	-17.696154
2631	-15.467403
2632	1.8192012
2633	9.795107
2634	4.322236
2635	5.938413
2636	10.651239
2637	-15.812731
2638	7.3721304
2639	8.740124
2640	11.234976
2641	-1.5685319
2642	-21.457504
2643	4.03837
2644	6.8685374
2645	0.15170854
2646	11.302261
2647	9.482277
2648	6.196758
2649	2.9711998
2650	8.281553
2651	9.493715
2652	-21.467245
2653	6.853206
2654	6.188408
2655	7.200215
2656	9.449736
2657	6.477176
2658	8.8110895
2659	9.482316
2660	11.161289
2661	9.482253
2662	6.9290385
2663	6.9094143
2664	2.015846
2666	9.481579
2667	-0.33545423
2668	4.7152734
2669	-16.233246
2670	11.276351
2671	9.36984
2672	12.012072
2673	8.875382
2674	6.80798
2675	6.9427342
2676	9.507137
2677	5.443956
2678	10.825935
2679	11.301286
2681	7.367225
2682	8.743345
2683	4.636164
2685	9.553992
2686	9.37077
2687	8.796034
2688	9.60339
2689	4.3097124
2690	4.368294
2691	10.761801
2692	4.300289
2693	9.444681
2694	6.784506
2695	9.083109
2696	9.346135
2697	7.9314303
2698	-1.5754663
2700	-13.019478
2701	-20.236336
2702	8.573904
2703	11.191697
2705	5.8104177
2706	4.5250893
2707	5.793895
2708	11.158976
2709	3.7195647
2712	11.19166
2713	10.204977
2714	7.0376167
2715	7.1253295
2716	5.083837
2717	7.077345
2718	9.401566
2719	9.331013
2721	7.965503
2722	0.3858486
2723	7.0714197
2724	11.189217
2725	10.348212
2726	4.632328
2727	5.4970074
2728	2.010384
2729	-40.254005
2730	0.6483246
2731	6.058732
2732	8.568702
2733	9.879928
2734	7.516056
2735	10.041963
2736	-39.327896
2737	-4.4520817
2738	-2.9645653
2739	5.5075665
2741	9.296216
2742	-33.02668
2743	9.475587
2745	11.19158
2746	9.11119
2747	7.985525
2748	-21.256104
2749	3.7415187
2750	9.742053
2752	5.838202
2753	7.0558314
2755	-15.988165
2756	6.7328196
2757	11.002762
2758	6.2123356
2759	7.120409
2760	-0.57323897
2761	11.157174
2762	10.99017
2763	11.2151375
2765	9.46806
2766	0.84298444
2767	-15.7625475
2768	-15.41088
2769	8.212404
2771	-7.96296
2772	6.4209847
2773	6.337739
2774	8.349795
2775	-19.466003
2777	3.9224417
2778	5.299615
2779	-34.847034
2780	10.824785
2782	7.431055
2783	7.905664
2785	11.289605
2786	7.419123
2787	7.4762597
2788	9.48167
2789	9.584404
2790	6.865587
2791	4.0529995
2792	6.7751017
2793	10.252184
2795	11.191661
2796	-23.062822
2797	-2.5930545
2798	9.425224
2799	10.116105
2800	7.4138255
2801	2.019764
2802	10.961529
2803	-14.220119
2805	10.062199
2806	2.8457813
2807	10.354635
2808	9.283681
2809	7.725462
2810	-9.743922
2811	-6.8750715
2812	3.7191246
2813	9.181483
2815	10.3579235
2816	5.2409525
2817	9.40234
2818	10.243699
2819	5.3756137
2820	8.951264
2821	5.8848433
2822	4.968297
2823	8.668548
2824	4.637949
2825	9.677643
2826	1.5447748
2827	0.78074527
2828	11.077705
2829	4.6564655
2830	9.337693
2831	5.4205527
2832	3.8195064
2833	-0.29432562
2835	6.952677
2836	5.975988
2837	-10.2441
2838	6.4111304
2839	9.599732
2840	7.6746283
2841	-2.2943938
2842	10.572989
2843	-21.663591
2845	1.8263946
2846	11.416618
2847	4.923921
2848	11.037034
2849	7.6048937
2850	4.533706
2851	7.326911
2852	9.036
2853	10.324687
2855	11.138566
2856	8.592035
2857	9.21507
2858	10.707886
2859	5.2180047
2860	10.757763
2861	2.3173661
2862	10.030709
2863	10.946941
2864	-3.7807684
2865	-8.5010395
2866	7.7706046
2867	5.497076
2868	10.053761
2869	3.5761218
2870	-15.000222
2871	9.642059
2872	8.792592
2873	11.26105
2875	3.0974889
2876	5.1419744
2877	9.711726
2878	4.7573934
2879	-0.22741453
2880	11.106545
2881	-19.55608
2882	5.8050127
2883	8.562101
2884	4.962411
2885	1.7200252
2886	-2.1310341
2887	8.846638
2888	5.193837
2889	-2.4492223
2890	9.571089
2891	9.0919895
2892	5.1006656
2893	5.9255915
2895	8.461577
2896	-1.4907807
2897	-0.4983284
2898	2.0975614
2899	5.9759865
2900	9.753247
2901	5.325723
2902	7.2645617
2903	7.100705
2905	9.252758
2906	8.742105
2907	11.058226
2908	8.053426
2909	7.7246685
2910	10.332873
2911	2.0483487
2912	2.1799598
2913	4.3654265
2915	11.212697
2916	-1.5733323
2917	11.272524
2918	8.9880495
2919	8.6975765
2920	-9.437109
2921	7.0092525
2922	5.6395807
2923	3.9974203
2925	10.9725685
2926	8.453256
2927	11.273294
2928	6.5457964
2929	8.586327
2930	5.4962215
2931	8.487233
2932	-29.736248
2933	10.273374
2935	-10.30342
2936	3.6914556
2937	8.069613
2938	3.1793165
2939	3.6603422
2940	6.9810834
2941	9.233204
2942	8.17709
2943	7.024428
2945	9.7205515
2946	8.749807
2947	4.8207407
2948	10.476986
2949	9.481268
2950	10.50314
2951	7.958974
2952	-42.91113
2953	9.782425
2955	-1.4429853
2956	5.8534713
2957	11.188686
2958	11.147593
2959	-5.3153343
2960	5.850779
2961	8.517111
2962	11.191703
2963	10.49862
2965	5.458045
2966	12.363276
2967	9.766579
2968	8.574407
2969	10.092065
2970	5.3785677
2971	4.3257723
2972	0.1966821
2973	9.829504
2975	1.4918308
2976	10.104083
2977	7.6625495
2978	7.707689
2979	-36.564835
2980	10.487083
2981	11.188358
2982	8.461726
2983	7.3648367
2984	10.701614
2985	0.46058804
2986	4.5259547
2987	4.9585457
2988	7.394772
2989	8.069801
2990	-1.5753297
2991	5.3255386
2992	-0.3531773
2993	5.4885864
2995	1.8228941
2996	7.0026646
2997	7.554542
2998	9.751818
2999	8.596098
3000	8.373866
3001	10.10518
3002	9.270462
3003	2.6773217
3004	9.457366
3005	8.04779
3006	6.88926
3007	5.394781
3008	9.986986
3009	9.643754
3010	11.159131
3011	11.100458
3012	7.70887
3013	7.4829574
3015	-15.577604
3016	10.201489
3017	9.481734
3018	3.8586297
3019	8.721604
3020	-38.41764
3021	1.8329914
3022	5.9469194
3023	9.095752
3025	-15.0614395
3026	-13.045023
3027	8.934888
3028	9.060241
3029	12.873833
3030	8.572053
3031	4.6988554
3032	8.715984
3033	9.1659565
3035	4.763849
3036	11.2478285
3037	7.0843983
3038	6.270633
3039	7.6156235
3040	8.455193
3041	7.7485895
3042	6.6638737
3043	-38.205574
3816	10.590601
300001	4.603199
300002	-34.79418
300003	3.7376776
300004	-15.570992
300005	-43.48814
300006	-15.537376
300007	-0.54518396
300008	-14.217716
300009	-1.4315057
300010	11.225827
300011	7.819738
300012	1.9098928
300013	10.465815
300014	-12.900228
300015	-10.20002
300016	-8.907503
300017	5.5550385
300018	-21.78603
300019	4.1446757
300020	11.151101
300021	1.9554476
300022	9.480673
300024	6.845598
300025	7.4942374
300026	1.7778174
300027	-17.946915
300029	9.481375
300030	5.477603
300031	-1.5758654
300032	-16.883814
300033	4.6075034
300034	3.7192783
300035	6.635104
300036	-18.13428
300037	-8.163946
300039	-10.020929
300040	0.46520254
300041	7.1815014
300042	-30.792555
300043	-30.525343
300044	-9.879381
300045	-1.5736471
300046	2.5333326
300047	-10.298413
300048	7.7227874
300049	7.8244267
300050	-50.023655
300051	5.0967264
300052	11.943027
300053	-10.265871
300054	3.1779377
300055	-18.006071
300056	4.5423284
300057	11.101853
300058	-10.149613
300059	8.760896
300061	5.91176
300062	-32.79362
300063	-24.063715
300065	-12.142268
300066	-37.03689
300067	5.3895626
300068	4.6022573
300069	9.48107
300070	4.2261367
300071	-12.5865135
300072	-10.860362
300073	3.7191203
300074	-37.433403
300075	4.841001
300076	-43.330395
300077	2.9294755
300078	-42.939674
300079	-27.648714
300080	-21.405855
300081	-16.277424
300082	8.511672
300083	-28.967636
300084	6.7895327
300085	3.1809952
300086	-15.384486
300087	5.373692
300088	-6.9930043
300091	-19.260685
300092	2.5251236
300093	8.053263
300094	10.059735
300095	11.161924
300096	9.425176
300097	10.588219
300098	-13.38205
300099	9.05078
300100	-29.652878
300101	9.8074465
300102	-0.7996311
300103	-11.953177
300105	5.1286597
300106	9.3702545
300107	-0.29976985
300108	10.402283
300109	-4.8499527
300110	-21.467596
300111	-14.273718
300112	5.438478
300113	-35.677696
300114	3.7063668
300115	3.8862967
300117	-34.125496
300118	1.0171932
300119	-17.044048
300120	9.364177
300121	-0.5823844
300122	4.066936
300123	11.1572895
300124	3.931144
300125	5.105808
300126	-15.503184
300127	8.736078
300128	-4.241235
300129	1.8298645
300130	8.22422
300131	-43.4678
300132	-16.713238
300133	2.1105018
300134	-21.455505
300135	-17.249239
300136	6.1324763
300137	7.6178727
300138	4.1958523
300139	1.909379
300140	6.868996
300141	7.0534205
300142	-0.0045036115
300143	-1.7981704
300144	1.5987419
300145	-1.8231289
300146	3.7191584
300147	4.684409
300148	-20.977068
300149	-10.178044
300150	-13.390906
300151	8.333699
300152	-15.475026
300153	10.419287
300154	4.1040616
300155	-21.406279
300157	-17.457823
300158	11.159716
300159	-2.1543572
300160	8.374421
300161	0.043887552
300162	-30.52657
300163	11.480973
300164	9.481688
300165	-18.727802
300166	-1.5453649
300167	11.1560955
300168	-11.498333
300169	9.461041
300170	-0.9622739
300171	8.379159
300172	2.015556
300173	10.484192
300174	7.687801
300175	5.6768417
300176	8.432364
300177	-8.896422
300179	-1.9965342
300180	11.162413
300181	3.6569211
300182	-1.3932247
300183	-39.531418
300184	-41.031464
300185	6.0306125
300187	-12.372048
300188	1.7838262
300189	9.265047
300190	-23.48456
300191	-5.112377
300192	-10.345827
300193	10.331373
300194	-15.214635
300195	-15.195673
300196	4.495606
300197	-28.930145
300198	-21.476667
300199	-1.6658928
300200	5.4034576
300201	6.733046
300203	9.484144
300204	-10.865036
300205	3.7197988
300206	9.347996
300207	0.8843428
300208	4.559236
300209	-21.37267
300210	5.1715083
300211	-39.958008
300212	10.282133
300213	-16.952963
300214	8.672611
300215	3.6887286
300217	-1.4559094
300218	1.7701838
300219	-13.211556
300220	6.4519687
300221	9.504455
300222	-10.696179
300223	6.542935
300224	4.725307
300225	1.5172526
300226	-1.576773
300227	11.141394
300228	-38.528385
300229	5.255191
300230	0.55052
300231	-2.2687445
300232	7.3296576
300233	2.3482833
300234	10.859841
300235	-1.4809673
300236	-1.2512795
300237	-15.978187
300238	-1.8679203
300239	10.37695
300240	11.166322
300241	-13.303975
300242	-18.966064
300243	3.939652
300244	9.975575
300245	7.0720577
300246	-3.7859268
300247	-11.578499
300248	-8.102714
300249	6.787287
300250	7.8881936
300251	3.719544
300252	-14.796984
300253	8.351301
300254	-15.5783825
300255	1.5096732
300256	-32.59916
300257	3.7194176
300258	-0.087361455
300259	-30.343573
300260	6.765021
300261	-8.8589
300263	-12.576995
300264	-13.014041
300265	11.191691
300266	-18.69025
300267	9.297218
300268	9.39465
300269	-15.747778
300270	-1.598275
300271	-1.0790528
300272	4.6708817
300274	-12.629011
300275	-4.4284434
300276	-5.3794994
300277	-0.7323789
300278	-13.251101
300279	-13.47745
300280	9.4821615
300281	3.3309746
300283	6.7406597
300284	9.610847
300285	4.134007
300286	6.429837
300287	6.03333
300288	-10.309653
300289	-16.345655
300290	-1.5755551
300291	-37.28215
300292	-3.667671
300293	-10.299891
300294	3.7462764
300295	7.633222
300296	-24.221226
300298	8.043733
300299	-40.464462
300300	11.164933
300301	10.168217
300302	-10.758468
300303	-38.012707
300304	-3.0660641
300305	6.0132475
300306	-29.88524
300307	10.211864
300308	5.5208893
300310	-13.32966
300311	11.754169
300313	11.2147875
300314	10.084156
300315	-11.880992
300316	4.063938
300317	11.074068
300318	-43.46685
300319	7.74202
300320	5.2697287
300321	2.265845
300322	-36.420364
300323	-15.357175
300324	-8.47461
300326	-17.441301
300327	9.969989
300328	-39.07635
300329	9.14629
300331	7.2378106
300332	6.658162
300333	10.100188
300334	-21.475119
300335	-11.646628
300337	0.81090975
300338	-19.697697
300339	7.8558736
300340	-22.048487
300341	1.7181256
300342	9.134008
300343	3.8420718
300344	-13.2891865
300345	-21.476927
300346	6.5971737
300347	-6.2670617
300348	2.6441443
300349	4.0311203
300350	11.509577
300351	1.141795
300352	-1.9271239
300353	-8.5681505
300354	3.8879542
300355	-15.276397
300357	-6.0116377
300358	-36.77264
300359	1.7985551
300360	6.1682515
300363	1.9079729
300364	2.4136963
300365	7.418384
300366	-6.203004
300368	9.482158
300369	-1.2972296
300370	-36.932453
300371	-43.323902
300373	4.9251204
300374	8.063913
300375	11.16033
300376	3.4542663
300377	-9.623567
300378	-39.2222
300379	-1.5502342
300380	-3.8150136
300381	7.165694
300382	9.272964
300383	5.287003
300384	4.3480945
300385	2.9146206
300386	6.567404
300387	11.041242
300388	-32.06594
300389	6.373283
300390	-1.5688179
300391	5.088371
300393	1.887872
300394	6.673248
300395	2.675113
300396	5.0699706
300397	5.644261
300398	-0.9492163
300399	-21.393015
300400	-36.55012
300401	-1.9797112
300402	6.847774
300403	-8.026428
300404	5.907777
300405	-15.484146
300406	5.5941796
300407	-11.386369
300408	7.27588
300409	2.3056684
300410	-21.23634
300411	3.7245984
300412	-21.109472
300413	-17.27121
300414	-15.480404
300415	3.7192125
300416	3.5637453
300417	8.492206
300418	-0.8585102
300419	-8.278294
300420	-30.032087
300421	11.230871
300422	11.035866
300423	-13.399303
300424	9.481952
300425	6.5306954
300426	-12.040006
300427	7.9077153
300428	5.310279
300429	5.1690035
300430	5.332999
300432	10.605043
300433	2.1393504
300434	5.1396346
300435	3.8847752
300436	-26.724197
300437	8.389854
300438	3.7401798
300439	-11.565029
300440	-7.430455
300441	0.80395406
300442	6.067246
300443	8.5061655
300444	10.972078
300445	-1.575507
300446	-9.325676
300447	-4.4857187
300448	-34.828896
300449	10.433676
300450	10.120034
300451	2.3325076
300452	-7.004468
300453	-12.552588
300454	6.184807
300455	7.015244
300456	-0.7834624
300457	4.006004
300458	-10.30288
300459	-38.1016
300460	-19.226942
300461	4.2477007
300462	9.496238
300463	-35.0498
300464	-13.946908
300465	10.539083
300466	-1.4124881
300467	1.9202292
300468	4.6660895
300469	4.3949556
300470	3.8549976
300471	-26.595663
300472	-16.477652
300473	-0.35589463
300474	2.1600049
300475	5.2471094
300476	7.8639407
300477	-11.592336
300478	10.661295
300479	10.8964815
300480	7.42265
300481	8.250874
300482	3.7700434
300483	10.685963
300484	-1.5730515
300485	-21.548458
300486	12.29774
300487	8.784468
300488	-17.044512
300489	8.323981
300490	8.667184
300491	6.953669
300492	7.7750735
300493	-2.21802
300494	-36.14735
300496	5.25421
300497	4.4521613
300498	-17.270998
300499	-10.303992
300500	5.2131405
300501	-29.677986
300502	5.5966754
300503	-10.533099
300504	-17.43917
300505	6.0328846
300506	9.000414
300507	-18.317146
300508	-10.956748
300509	-15.176339
300510	6.7268615
300511	-12.387254
300512	-13.358952
300513	5.393673
300514	9.53084
300515	11.191692
300516	-8.972231
300517	10.663834
300518	-12.190496
300519	10.336184
300520	-1.1381853
300521	10.974214
300522	5.1449637
300523	5.967777
300525	4.859801
300527	10.641286
300528	11.156875
300529	-0.61782223
300530	4.8463736
300531	-1.7864796
300532	-2.1716826
300533	7.979242
300534	-11.763617
300535	11.191713
300536	6.432675
300537	11.191694
300538	5.140222
300539	-14.917081
300540	7.0046577
300541	9.053518
300542	-1.929926
300543	-3.9714923
300545	6.153358
300546	5.6158743
300547	5.188941
300548	1.7872336
300549	8.454146
300550	-6.374688
300551	11.200939
300552	4.0387273
300553	4.4177175
300554	-12.357828
300555	-18.037024
300556	-14.745225
300557	5.4519567
300558	-11.434535
300559	2.1045651
300560	-18.050785
300561	6.3964043
300562	-13.278812
300563	-14.696754
300564	10.373025
300565	-18.230476
300566	-22.735533
300567	-2.5604534
300568	-6.3401804
300569	2.2517977
300570	-1.5690603
300571	-13.706302
300572	-40.215122
300573	8.518551
300575	5.123189
300576	5.3673363
300577	-1.8574668
300578	11.06348
300579	5.402885
300580	-6.6022377
300581	-12.587275
300582	11.159484
300583	11.128819
300584	-40.4382
300585	3.9851112
300586	6.0523815
300587	3.9402463
300588	6.68699
300589	3.9780684
300590	-7.6411576
300591	10.561669
300592	9.568137
300593	3.274812
300594	8.75102
300595	5.520685
300596	8.231593
300597	-15.203941
300598	-10.300347
300599	10.416935
300600	-0.5535551
300601	-1.3824748
300602	2.4360063
300603	11.160483
300604	-7.8405137
300605	11.935687
300606	7.211967
300607	6.128568
300608	8.239431
300609	-19.069128
300610	7.1962194
300611	9.51187
300612	6.701919
300613	-10.3040695
300614	12.176385
300615	8.658671
300616	6.52554
300617	-2.9137778
300618	5.3451204
300619	7.0701404
300620	5.3941164
300621	10.674805
300622	-49.94558
300623	1.1157503
300624	3.7220018
300625	8.663126
300626	-15.558941
300627	3.7195346
300628	8.205534
300629	8.539323
300630	-6.5624423
300631	5.489562
300632	11.191319
300633	3.0124705
300634	10.292149
300635	-0.4984572
300636	-1.6028386
300637	11.482508
300638	6.884625
300639	-31.918755
300640	-15.453725
300641	5.753906
300642	-43.463196
300643	8.577029
300644	8.506295
300645	12.308412
300647	-1.8961192
300648	0.25653496
300649	8.683704
300650	11.040308
300651	8.069618
300652	9.0638275
300653	7.5355234
300654	11.078481
300655	0.40760466
300656	-30.05149
300657	2.073372
300658	-7.1650476
300659	11.19168
300660	3.53427
300661	5.3100376
300662	5.8233175
300663	8.630099
300664	-21.818344
300665	11.008453
300666	-10.336628
300667	7.3410716
300668	7.8112497
300669	6.931876
300670	10.558074
300671	2.1436772
300672	3.720076
300673	3.8715658
300674	7.1862297
300675	9.421648
300676	-5.3501554
300677	5.0796514
300678	-0.7232197
300679	5.363438
300680	-1.5755556
300681	2.055896
300682	7.010485
300683	-15.947471
300684	5.145023
300685	6.5844884
300686	7.0120363
300687	8.130909
300688	-1.0593907
300689	-15.256461
300690	-11.510464
300691	-43.154926
300692	9.292285
300693	1.9007974
300694	11.508688
300695	-38.33951
300696	3.719369
300697	10.512308
300698	-12.066896
300699	2.8734617
300700	10.240449
300701	10.576717
300702	9.30568
300703	11.191663
300705	3.8013287
300706	-0.9525859
300707	7.6152754
300708	11.190842
300709	-38.17964
300710	4.8719683
300711	11.171835
300712	4.469109
300713	-10.300912
300715	10.496927
300716	11.264177
300717	9.509112
300718	9.5091095
300719	7.8083844
300720	6.4814014
300721	7.9715037
300722	4.1793203
300723	6.6237636
300724	3.7191203
300725	1.7702365
300726	11.04426
300727	8.402667
300729	3.5607078
300730	10.509156
300731	-21.174517
300732	5.664742
300733	9.118729
300735	6.64933
300736	7.0416517
300737	9.123767
300738	9.145451
300739	11.114573
300740	7.0038786
300741	-20.715847
300743	9.903476
300745	9.481448
300746	10.977448
300747	9.397717
300748	5.5016184
300749	-14.840392
300750	10.471385
300751	5.3193316
300752	1.7752147
300753	-17.819853
300755	7.7004957
300756	6.773351
300757	-1.5761027
300758	8.997352
300759	-10.303929
300760	5.1524706
300761	3.7266486
300762	4.048987
300763	-10.550847
300765	2.8724751
300766	11.061915
300767	11.0454035
300768	5.254373
300769	5.321976
300770	1.7942339
300771	11.140811
300772	7.877916
300773	9.528704
300774	-21.826748
300775	9.446921
300776	6.789747
300777	8.81566
300778	9.482164
300779	3.7192633
300780	9.507126
300781	4.651322
300782	8.301405
300783	6.864584
300785	5.890287
300786	6.2682085
300787	9.442721
300788	6.5676045
300789	0.07723841
300790	1.3128163
300791	9.680102
300792	-3.16454
300793	-13.37139
300795	3.6031299
300796	8.443266
300797	11.000486
300798	7.135925
300800	9.248928
300801	6.0537443
300802	1.6835206
300803	-12.591308
300804	-16.372545
300805	10.55432
300806	3.6412947
300807	9.287176
300808	7.7521715
300809	-12.131315
300810	-6.1731873
300811	5.1719794
300812	4.6847367
300813	-1.5755568
300814	11.382442
300815	-1.8617531
300816	7.3044868
300817	11.191692
300818	4.3110375
300819	7.790062
300820	-6.6244216
300821	10.388971
300822	1.8036126
300823	9.4821615
300824	9.775335
300825	9.710792
300826	11.302214
300827	3.219069
300828	-15.269268
300829	6.5597525
300830	10.472921
300831	11.333638
300832	6.550692
300833	6.460707
300834	7.226868
300835	8.506515
300836	8.306135
300837	9.584943
300838	-14.390272
300839	0.5865593
300840	8.954812
300841	-35.894382
300842	3.7728393
300843	9.875645
300844	4.3443546
300845	4.746412
300846	11.191837
300847	11.099924
300848	7.9228616
300849	8.662061
300850	2.7558355
300851	6.6011605
300852	5.1409154
300853	10.220343
300854	9.72838
300855	5.343712
300856	6.2890844
300857	6.9105315
300858	5.982252
300859	7.69479
300860	-30.534431
300861	9.779378
300862	7.624058
300863	-36.564487
300864	-8.488303
300865	6.5728064
300866	5.108317
300867	-15.400167
300868	-16.72306
300869	-12.789713
300870	5.1376657
300871	11.300219
300872	8.488043
300873	10.055641
300875	8.695624
300876	5.997714
300877	2.6711833
300878	6.7387743
300879	7.31135
300880	8.641731
300881	6.049099
300882	7.6767135
300883	-4.19269
300884	-18.382795
300885	10.5865
300886	10.843988
300887	8.550368
300888	3.398463
300889	-6.3826966
300890	11.191677
300891	5.632543
300892	12.060298
300893	5.3719916
300894	6.952579
300895	-0.72057635
300896	-3.2644613
300897	-22.419247
300898	8.724062
300899	9.463796
300900	10.31867
300901	8.7645645
300902	7.0722117
300903	11.191334
300904	4.444521
300905	3.7763424
300906	7.39098
300907	9.645575
300908	3.715079
300909	7.2953606
300910	4.7952886
300911	7.0108166
300912	10.726998
300913	8.201061
300915	8.461765
300916	4.027723
300917	1.9080284
300918	6.4777718
300919	5.899378
300920	10.68687
300921	-25.656036
300922	9.82351
300923	9.474008
300925	10.57667
300926	7.9187484
300927	7.1460323
300928	8.721252
300929	9.761368
300930	10.332967
300931	10.1513605
300932	5.612012
300933	9.261473
300935	11.159148
300936	5.1001205
300937	9.397258
300938	0.0013197981
300939	-10.242018
300940	11.169925
300941	10.089196
300942	5.364313
300943	10.561447
300945	11.191657
300946	3.7806892
300947	6.5461817
300948	-15.234153
300949	10.75016
300950	6.9263644
300951	1.7593557
300952	3.2056234
300953	7.7780614
300955	-21.370506
300956	10.493814
300957	-1.7579143
300958	5.755005
300959	11.121584
300960	8.751028
300961	8.39854
300962	9.440941
300963	11.423507
300964	8.522251
300965	10.522057
300966	11.3435755
300967	-4.1024046
300968	-16.847147
300969	-7.8331823
300970	-14.306879
300971	11.143814
300972	-21.109879
300973	4.5987206
300975	11.188564
300976	-37.43816
300977	1.5237886
300978	8.888698
300979	-19.835693
300980	11.191692
300981	11.157469
300982	8.752305
300983	-0.71936595
300984	8.436906
300985	6.1657224
300986	-19.261772
300987	6.7728357
300988	5.2433777
300989	-10.714181
300990	-1.0871377
300991	10.361985
300992	10.602497
300993	9.781541
300994	7.3581686
300995	11.191692
300996	-11.796893
300997	6.944402
300998	5.494363
300999	8.977037
301000	-1.6097296
301001	-15.461562
301002	10.575988
301003	2.9959896
301004	3.9767683
301005	4.8571887
301006	2.7417188
301007	11.15967
301008	9.365898
301009	-15.34556
301010	8.660194
301011	9.494386
301012	6.018702
301013	10.972199
301015	10.752956
301016	-11.44211
301017	10.571421
301018	11.159003
301019	7.889438
301020	10.927867
301021	11.15733
301022	10.972031
301023	6.1238174
301024	0.6132342
301025	10.287266
301026	10.519002
301027	9.4821415
301028	7.926389
301029	9.087584
301030	1.8623313
301031	5.330382
301032	10.974544
301033	-9.517136
301035	-9.871923
301036	9.018924
301037	9.101999
301038	5.5029383
301039	9.933052
301040	-15.389537
301041	11.160984
301042	2.0639906
301043	2.3622644
301045	9.520407
301046	4.3156605
301047	5.849299
301048	8.656572
301049	9.479172
301050	0.9015168
301051	-1.5208019
301052	11.297812
301053	8.069464
301055	11.007357
301056	8.423955
301057	6.7236633
301058	4.3293924
301059	9.862108
301060	-17.909662
301061	-14.467923
301062	8.623878
301063	11.27231
301065	11.157272
301066	-13.260786
301067	5.3733273
301068	6.4646993
301069	7.1027994
301070	10.1990595
301071	1.7770051
301072	8.721383
301073	10.062594
301075	8.633937
301076	10.330804
301077	-13.02508
301078	11.191684
301079	10.547211
301080	-11.572297
301081	10.700369
301082	9.071097
301083	9.998663
301085	1.5725827
301086	-37.94689
301087	5.0902267
301088	-0.23467626
301089	-32.658253
301090	4.3224173
301091	1.7376581
301092	9.420765
301093	10.76389
301095	6.4171715
301096	3.7191162
301097	-17.806236
301098	4.356314
301099	-10.305823
301100	10.906609
301101	-29.884377
301102	10.939385
301103	-12.657435
301105	-15.43419
301106	10.664644
301107	10.14192
301108	8.03142
301109	5.7136297
301110	5.2373867
301111	0.5770542
301112	11.15926
301113	2.4115353
301115	9.803013
301116	8.724501
301117	11.142269
301118	6.7965927
301119	8.739833
301120	9.928441
301121	-22.08911
301122	-18.425268
301123	10.576681
301125	11.370445
301126	10.913691
301127	-15.758
301128	-10.303877
301129	6.5379424
301130	2.1445365
301131	-0.83354706
301132	6.94488
301133	10.769593
301135	10.977838
301136	9.482164
301137	4.0595045
301138	10.164546
301139	11.077574
301141	6.160718
301148	10.9075985
301149	7.757662
301150	6.4987116
301151	9.480979
301152	9.480694
301153	5.361747
301155	9.599051
301156	6.979315
301157	0.63506037
301158	9.332558
301159	9.926886
301160	-12.587724
301161	10.327472
301162	7.73022
301163	10.473343
301165	-10.304285
301166	-40.84713
301167	9.34704
301168	10.046072
301169	7.806126
301170	8.613945
301171	7.045979
301172	7.029754
301175	-7.8944345
301176	6.9502926
301177	7.2849193
301178	10.557862
301179	8.075457
301180	11.191441
301181	6.9826245
301182	-16.366783
301183	5.936939
301185	-8.721041
301186	8.719631
301187	9.526328
301188	7.0769076
301189	-21.514221
301190	11.193332
301191	7.127168
301192	7.466661
301193	7.031618
301195	4.124531
301196	10.936716
301197	11.01635
301198	-21.42351
301199	11.160043
301200	9.837995
301201	11.011123
301202	11.19166
301203	9.949806
301205	8.205908
301206	2.164892
301207	8.775638
301208	-1.4139118
301209	10.871506
301210	11.191661
301211	9.48216
301212	4.333009
301213	8.462011
301215	11.097455
301216	4.3213134
301217	10.8541975
301218	7.4802294
301219	3.9593985
301220	8.181582
301221	2.0176923
301222	10.973037
301223	4.028326
301225	10.123667
301226	-10.301463
301227	6.4652863
301228	10.888747
301229	6.001761
301230	8.321092
301231	10.02194
301232	-12.569905
301233	-3.7256413
301234	-24.120852
301235	10.709463
301236	5.559799
301237	7.0908294
301238	5.5062613
301239	3.3466172
301246	6.193327
301248	11.593479
301251	10.358219
301252	3.4262006
301255	-14.328371
301256	5.2199974
301257	1.6274514
301258	10.049822
301259	8.614221
301260	7.0251727
301261	2.6175303
301262	10.283445
301263	8.55073
301265	11.011789
301266	9.483297
301267	10.458599
301268	11.324666
301269	1.913073
301270	6.655495
301272	7.748799
301273	8.949401
301276	6.463363
301277	10.560201
301278	9.719476
301279	9.308206
301280	6.246799
301281	1.8871965
301282	11.181107
301283	5.7903533
301285	10.001941
301286	8.322358
301287	11.22899
301288	-23.394724
301289	8.327045
301290	9.481125
301291	7.7636676
301292	8.42685
301293	-13.112119
301295	3.9032
301296	10.648676
301297	11.127931
301298	11.029476
301299	8.627822
301300	8.721653
301301	7.430899
301302	6.8132105
301303	10.189853
301305	5.8916245
301306	3.252311
301307	10.854982
301308	5.3769813
301309	8.307485
301310	11.040466
301311	8.157249
301312	-42.664394
301313	11.191691
301314	-3.6678042
301315	-10.247656
301316	-20.49548
301317	9.367706
301318	8.878698
301319	5.9372187
301320	7.714584
301321	-16.194462
301322	9.1785145
301323	5.076892
301325	4.442336
301326	11.001335
301327	-37.839794
301328	-1.577943
301329	6.9436107
301330	12.198675
301331	4.481128
301332	10.8779745
301333	-11.45848
301335	-18.078337
301336	9.480243
301337	11.191692
301338	-10.280092
301339	8.202456
301345	5.3265305
301348	8.80704
301349	3.7191203
301353	10.354364
301355	8.174981
301356	9.282199
301357	5.149225
301358	5.4970756
301359	6.991629
301360	-43.258247
301361	8.477026
301362	7.009653
301363	10.230286
301365	-15.265237
301366	-1.3471344
301367	-9.474829
301368	5.9493823
301369	-30.49631
301370	7.254356
301371	12.28763
301372	5.4892473
301373	10.189004
301376	7.528571
301377	9.459994
301378	-0.3544212
301379	10.010433
301380	7.800226
301381	9.296424
301382	11.191682
301383	-43.620354
301386	10.972066
301387	-1.4968168
301388	8.878268
301389	10.130588
301390	7.4013376
301391	7.940431
301393	8.53154
301395	4.534358
301396	-9.465747
301397	10.083579
301398	7.9465284
301399	0.8458526
301408	12.307592
301413	-4.5136366
301418	2.3510418
301419	11.045963
301421	-0.8005678
301428	11.157864
301429	10.453923
301439	7.0941663
301446	11.302947
301448	8.707945
301456	7.9081697
301459	3.8524332
301468	7.985602
301469	8.492476
301486	7.330495
301487	6.210926
301488	-4.9398336
301489	5.147739
301498	3.6815577
301499	11.084797
301500	10.668379
301502	-2.6840343
301503	8.274929
301505	7.934883
301507	11.101905
301508	7.7683597
301509	7.1570754
301510	7.8965597
301511	4.3236675
301512	-0.9499132
301515	11.946642
301516	11.191687
301517	2.4012825
301518	5.402845
301519	8.731653
301520	10.451558
301525	4.0951047
301526	8.101244
301528	-13.9625225
301529	4.3459187
301533	7.505878
301536	-1.544997
301538	-7.982676
301548	4.736269
301550	-19.940624
301555	11.191691
301558	10.920299
301559	-21.52144
301566	9.48922
301567	1.7981651
301568	-43.404224
301577	7.4377313
301578	-41.76357
301588	10.331857
301589	3.6172388
301591	6.3967047
600000	6.734441
600004	10.0654745
600006	10.851539
600007	6.8238816
600008	9.213923
600009	10.94
600010	6.1750298
600011	5.7553926
600012	8.764162
600015	10.166836
600016	8.031405
600017	10.631031
600018	-16.952135
600019	7.0709333
600020	-14.559445
600021	6.8487754
600022	8.580276
600023	7.439826
600025	11.18043
600026	1.1945405
600027	10.697865
600028	-15.394241
600029	10.049799
600030	6.059963
600031	8.385022
600032	10.408961
600033	10.95095
600035	7.2362404
600036	10.203008
600037	-14.694452
600038	1.9163582
600039	5.3239436
600048	1.8826138
600050	11.396997
600051	2.867591
600052	5.9670076
600053	9.411556
600054	2.4144082
600055	2.0000377
600056	8.663815
600057	0.6796118
600058	6.243795
600059	-10.300889
600060	-4.1236434
600061	10.184755
600062	4.131098
600063	4.0155735
600064	-18.297968
600066	5.672329
600067	-7.9894423
600070	9.208589
600071	-7.651874
600072	3.7155082
600073	9.478527
600075	7.6471157
600076	8.207173
600078	3.719123
600079	7.5150228
600080	3.413719
600081	-1.2977661
600082	-0.8593396
600083	9.771108
600084	-10.301316
600085	3.5776997
600088	0.12144679
600089	10.04191
600094	3.8478673
600095	9.709837
600096	-18.071138
600097	8.845771
600098	-6.575813
600099	10.994222
600100	-1.5801318
600101	3.1009586
600103	-16.133858
600104	9.5217705
600105	-23.839552
600106	4.302821
600107	8.625661
600108	9.527096
600109	-5.7073894
600110	-5.3837934
600111	10.202836
600113	-37.23645
600114	-10.302778
600115	8.33447
600116	4.808512
600117	8.903912
600118	-1.2275045
600119	6.908863
600120	6.559216
600121	10.099062
600123	4.0106373
600125	4.1596966
600126	7.090343
600127	10.787095
600128	9.123442
600129	8.143597
600130	-15.502724
600131	5.325444
600132	6.3851094
600133	3.5000076
600135	10.966956
600136	9.475279
600137	9.090965
600138	6.6226044
600141	2.262512
600143	-19.54076
600148	3.7812366
600149	10.689587
600150	2.1344252
600151	-17.734459
600152	4.583142
600153	5.3036942
600155	9.048732
600156	11.319395
600157	0.78158027
600158	6.1345887
600159	10.965985
600160	5.2309933
600161	8.034202
600162	10.783679
600163	8.856256
600165	11.289059
600166	3.3942213
600167	-31.049694
600168	7.573899
600169	10.482978
600170	5.4508758
600171	-12.754909
600172	-20.185589
600173	11.191033
600176	6.3823986
600177	-6.0238094
600178	6.6078057
600179	7.328515
600180	0.9281216
600182	10.605307
600183	-5.499027
600184	9.76607
600185	-17.542057
600186	6.8719745
600187	-32.086025
600188	5.313815
600189	8.105673
600190	6.680804
600191	9.980054
600192	-0.5217695
600193	12.385021
600195	4.02899
600196	-12.62105
600197	9.268193
600198	6.706492
600199	6.36363
600200	2.778189
600201	3.8951025
600202	9.482151
600203	10.539595
600206	5.378483
600207	8.488522
600208	12.161478
600210	6.98581
600211	-41.26758
600212	5.4987574
600215	7.1416388
600216	-10.30387
600217	9.295152
600218	11.302025
600219	10.143126
600221	10.3957
600222	6.853827
600223	10.384057
600225	7.053371
600226	3.12024
600227	8.843619
600228	0.77502865
600229	-10.00465
600230	11.286339
600231	-11.008939
600232	-8.193781
600233	9.975539
600234	5.965575
600235	10.513697
600236	7.4271407
600237	11.095561
600238	-10.271116
600239	1.2706518
600241	8.257992
600243	9.291395
600246	5.055015
600248	9.932534
600249	9.605683
600250	9.490794
600251	-9.1110325
600252	3.0147376
600255	5.382073
600256	-24.89734
600257	9.039845
600258	9.387561
600259	6.984616
600261	-1.3486359
600262	5.960309
600265	11.925716
600266	4.740458
600267	1.9105688
600268	3.7428339
600269	5.3649354
600271	7.6310663
600272	11.126907
600273	-0.65915745
600276	6.077003
600278	-5.6523995
600279	10.34765
600280	8.652522
600281	6.664591
600282	5.3178287
600283	-0.8948261
600284	8.442416
600285	-0.49383196
600287	6.981678
600288	6.8594832
600289	10.35518
600292	8.825189
600293	8.606917
600295	5.1821547
600298	-12.917505
600299	6.0013914
600300	10.96862
600301	6.90955
600302	9.488935
600303	11.882455
600305	9.936471
600307	11.421428
600308	6.6395583
600309	3.7191262
600310	2.3600965
600312	3.7265127
600313	7.8131156
600315	0.76959074
600316	-3.9962656
600318	6.7052984
600319	9.514799
600320	-12.622233
600322	-16.715889
600323	-2.710861
600325	7.805952
600326	-40.69649
600327	4.7763586
600328	-2.498172
600329	9.000433
600330	6.8517323
600331	7.914568
600332	10.07013
600333	9.470143
600335	-11.050572
600336	8.528912
600337	6.704953
600338	10.848824
600339	5.4437623
600340	9.960503
600343	10.375535
600345	7.999085
600346	10.154976
600348	6.3759127
600350	-17.556517
600351	8.194698
600352	7.9255347
600353	6.8381734
600354	8.152757
600355	-21.52194
600356	10.32339
600358	10.612722
600359	8.9853325
600360	11.184721
600361	5.5726166
600362	5.272226
600363	6.507006
600365	4.6460013
600366	-10.849732
600367	7.8895583
600368	9.370816
600369	9.355449
600370	7.1112046
600371	10.37
600372	-5.7248836
600373	1.3427796
600375	10.408774
600376	9.485122
600377	6.748182
600378	10.228589
600379	9.401513
600380	3.5832746
600381	9.347297
600382	4.729017
600383	-30.823391
600386	9.482164
600387	9.020681
600388	6.642322
600389	5.322287
600390	-15.287026
600391	3.8849175
600392	4.3326397
600395	-41.47331
600396	7.2839465
600397	12.297879
600398	5.966621
600399	6.4469323
600400	8.173882
600403	10.496685
600405	9.751594
600406	6.118286
600408	10.786211
600409	5.199409
600410	-1.3683233
600415	-16.563738
600416	-10.899114
600418	7.2516575
600419	9.405943
600420	-14.660359
600421	7.493634
600422	3.208182
600423	11.163404
600425	-5.164515
600426	3.9219215
600428	8.999632
600429	9.688227
600433	9.48212
600435	1.6219139
600436	10.197698
600438	-36.52672
600439	-35.93064
600444	8.990896
600446	6.856147
600448	9.381128
600449	2.2771118
600452	2.84793
600455	10.6472645
600456	4.5251513
600458	3.947721
600459	3.5407069
600460	-11.456575
600461	-17.870726
600462	11.306445
600463	11.157778
600467	10.813333
600468	-12.3229685
600469	6.2352633
600470	7.3458924
600475	-16.470896
600476	10.03609
600477	9.62087
600478	5.2875357
600479	8.9376335
600480	5.497161
600481	3.182998
600482	-10.301482
600483	5.147533
600486	4.4294987
600487	0.8911891
600488	9.290564
600489	3.7245286
600490	7.7424297
600491	9.367076
600493	-0.100336984
600495	10.402273
600496	8.6654825
600497	6.355573
600498	5.142527
600499	4.333135
600500	-14.745845
600501	-12.447125
600502	-13.657605
600503	10.087265
600505	5.4662857
600506	5.4779778
600507	8.881436
600508	8.691029
600509	7.740337
600510	10.029229
600511	-14.116195
600512	10.368827
600513	1.763306
600515	3.4170647
600516	-12.999437
600517	7.458616
600518	4.1335297
600519	10.197523
600520	-10.298982
600521	2.232802
600522	8.208483
600523	9.479594
600525	5.3634033
600526	7.3322697
600527	8.916233
600528	8.367028
600529	2.2995362
600530	10.989567
600531	5.5351586
600533	-13.79478
600535	-8.131529
600536	-1.9322011
600537	-2.0165477
600538	7.2727137
600539	-0.8745233
600540	11.745911
600543	7.8996763
600545	8.499219
600546	3.918775
600547	4.2654567
600548	-25.23924
600549	9.135348
600550	-6.977172
600551	-37.90827
600552	-11.461023
600556	9.527781
600557	8.201611
600558	10.36627
600559	1.9184289
600560	8.447628
600561	9.476913
600562	10.486148
600563	7.7575855
600566	0.8056416
600567	9.352448
600568	7.3547654
600569	10.321004
600570	9.645612
600571	5.3021083
600572	-12.579922
600573	8.6257515
600575	-24.15334
600576	-15.862012
600577	-36.55012
600578	1.6900626
600579	11.191506
600580	6.6549287
600581	10.044077
600582	5.3987846
600583	5.848324
600584	5.8577147
600585	5.3276396
600586	2.074455
600587	-1.4046302
600588	5.812043
600589	5.601863
600590	10.538962
600592	6.892054
600593	-6.858292
600594	1.8723404
600595	6.8498363
600596	-4.612909
600597	8.724717
600598	3.9259512
600599	9.432739
600600	-0.98317903
600601	7.7430677
600602	5.1519856
600603	4.5763535
600604	-6.278448
600605	-19.413359
600606	9.516965
600608	-31.257061
600609	4.727004
600610	4.360512
600611	-11.490275
600612	4.953053
600613	7.6411676
600615	-12.587161
600616	-9.568896
600617	-12.693939
600618	3.6779568
600619	4.8512454
600620	5.291379
600621	5.845585
600622	-15.205603
600623	1.7686715
600624	-1.654601
600626	9.480034
600628	7.715299
600629	-8.147248
600630	9.737392
600633	8.787305
600635	-12.709799
600636	0.7364826
600637	9.857586
600638	-10.437844
600639	-14.514336
600640	-30.400753
600641	-1.0602826
600642	4.737894
600643	-4.2204237
600644	3.7193162
600645	8.006275
600648	6.560855
600649	8.619625
600650	2.0266926
600651	9.265643
600653	8.980766
600654	4.77849
600655	7.6745515
600657	-9.358254
600658	10.014958
600660	7.4141617
600661	-0.6077855
600662	-10.382227
600663	8.7102375
600664	-17.421711
600665	11.342253
600666	-21.47627
600667	8.9343605
600668	-11.033929
600671	7.2079105
600673	5.4388647
600674	3.974854
600675	4.8491044
600676	-7.1576734
600678	9.482159
600679	9.765427
600681	5.6409054
600682	-4.030961
600683	11.0406275
600684	-7.1502137
600685	5.3467183
600686	-33.020794
600688	-13.956598
600689	6.965592
600690	3.8408701
600691	7.0676255
600692	7.77358
600693	6.1790085
600694	2.4546163
600696	-12.145917
600697	10.7909155
600698	11.181011
600699	-1.7454954
600702	9.675567
600703	5.9877243
600704	-8.208496
600705	9.643843
600706	7.064452
600707	10.972043
600708	11.352826
600710	9.927891
600711	2.586396
600712	12.063506
600713	4.038144
600714	9.482155
600715	-20.618021
600716	11.121474
600717	-10.301206
600718	-1.6523031
600719	5.9702334
600720	8.325392
600721	11.321906
600722	9.472776
600724	7.1986012
600725	6.9089527
600726	8.600002
600727	9.699739
600728	-0.75682175
600729	3.7283773
600730	10.454958
600731	9.59889
600732	10.512698
600733	4.736255
600734	-20.027302
600735	9.492348
600736	4.990484
600737	7.0180416
600738	6.722629
600739	4.269007
600740	8.130257
600741	3.7392507
600742	0.28466007
600743	11.11767
600744	6.9882116
600745	7.0411353
600746	10.150028
600748	8.958246
600749	6.2219763
600750	-13.205276
600751	11.046401
600753	11.178541
600754	1.8701879
600755	-4.981239
600756	-1.7734255
600757	7.0819745
600758	8.895432
600759	5.4654055
600760	-17.664986
600761	8.055224
600763	-3.2376027
600764	-7.7026095
600765	0.00012448257
600768	6.33088
600769	-13.056853
600770	-8.806356
600771	2.2650921
600773	3.7191203
600774	6.3725705
600775	9.545138
600776	-1.5812309
600777	-1.5754584
600778	-16.270275
600779	5.756
600780	-0.47679353
600782	5.2047634
600783	-4.0466657
600784	-14.21101
600785	4.996606
600787	-5.6725903
600789	9.239589
600790	8.867382
600791	11.262556
600792	10.860325
600793	8.959934
600794	-1.4912114
600795	9.464041
600796	-9.2014
600797	7.7123694
600798	4.100783
600800	4.822686
600801	5.856745
600802	9.47554
600803	9.227388
600804	10.630142
600805	4.6221867
600807	4.2708488
600808	8.190149
600809	8.924513
600810	9.481891
600811	11.062923
600812	5.5276294
600814	9.776496
600815	6.9041543
600816	8.161693
600817	-39.974358
600818	5.498138
600819	9.528667
600820	8.308091
600821	-13.236137
600822	11.960504
600824	8.668206
600825	-1.577094
600826	2.0823867
600827	-12.587079
600828	11.25758
600829	-1.4462293
600830	-10.298922
600831	9.686635
600833	-3.6095884
600834	8.760249
600835	1.9039402
600837	10.099711
600838	-1.3472073
600839	6.9826894
600841	9.143159
600843	11.154949
600844	8.568329
600845	9.535735
600846	8.303111
600847	-15.24636
600848	8.14144
600850	3.3869083
600851	2.3616297
600853	10.80826
600854	-15.364296
600855	9.361862
600857	7.0333567
600858	9.205146
600859	-5.0065866
600860	9.319104
600861	5.3133545
600862	-1.4043815
600863	5.4110036
600864	-2.2989242
600865	10.36192
600866	3.7242618
600867	-7.616844
600868	-38.093258
600869	-10.405917
600871	-15.105067
600872	3.8370347
600873	2.9489284
600874	-8.655826
600875	4.0048637
600876	9.214906
600877	-1.3896818
600879	10.468521
600880	1.9080447
600881	-8.464336
600882	5.2835703
600883	11.116687
600884	0.7900184
600885	2.2454069
600886	5.325711
600887	5.712254
600888	5.5868034
600889	9.310641
600892	-14.478016
600893	1.866544
600894	-12.872281
600895	-2.720344
600897	4.774723
600898	-19.254803
600900	4.753914
600901	4.3219113
600903	-13.790613
600905	7.0241013
600906	9.482162
600908	10.958082
600909	-0.5379449
600916	5.7201586
600917	8.831062
600918	7.079595
600919	9.832246
600925	10.93971
600926	-1.5755568
600927	9.36923
600928	2.7638614
600929	9.475248
600933	6.4646087
600935	7.431921
600936	11.078022
600938	4.5745797
600939	8.948278
600941	3.6842682
600955	10.648372
600956	6.3038654
600958	4.432186
600959	-14.906335
600960	7.812289
600961	6.490872
600962	-19.204897
600963	9.51225
600965	8.783262
600966	6.331936
600967	-6.5618944
600968	10.427922
600969	10.685927
600970	-2.775761
600971	4.9786263
600973	9.899043
600975	-6.534344
600976	-0.95285887
600977	8.927274
600979	9.089941
600980	-14.267101
600981	9.861013
600982	9.437116
600983	8.327113
600984	9.481229
600985	5.4450965
600986	11.348183
600987	8.671567
600988	6.5884066
600989	10.349255
600990	8.254035
600992	7.8357663
600993	1.9295623
600995	-34.284813
600996	-16.124083
600997	7.1626115
600998	11.203927
600999	-15.553852
601000	-9.122104
601001	5.15455
601002	12.393314
601003	9.457305
601005	8.934299
601006	10.39229
601007	10.971999
601008	11.458209
601009	9.349793
601010	9.460498
601011	1.4458454
601012	4.0958767
601015	11.4868145
601016	10.191475
601018	-12.669179
601019	-15.5195675
601020	11.04063
601021	3.7774398
601022	7.8448973
601028	7.233867
601033	5.4751396
601038	7.085865
601058	1.3782167
601059	8.955841
601061	10.376752
601065	2.567814
601066	6.2167034
601068	9.482864
601069	9.511051
601077	10.898007
601083	6.663727
601086	9.45503
601088	8.405782
601089	-15.895606
601096	7.823888
601098	-10.557849
601099	4.534323
601100	10.068648
601101	5.193934
601106	10.7380085
601107	10.177342
601108	9.197087
601111	9.383273
601113	5.9783397
601116	8.460631
601117	7.234255
601118	-26.408495
601121	9.675194
601126	5.8073263
601127	5.4253497
601128	9.787307
601133	11.189733
601136	11.299803
601137	6.63319
601138	10.347367
601139	8.767536
601155	9.482234
601156	8.171083
601158	-19.493223
601162	-15.382014
601163	11.03946
601166	10.203008
601168	6.9169545
601169	10.74826
601177	9.486729
601179	4.289428
601186	-1.3879529
601187	10.394955
601188	8.273306
601198	10.071599
601199	-15.03962
601200	9.428712
601208	7.091012
601211	0.7803361
601212	7.1269903
601216	9.8412075
601218	9.280473
601222	-32.767693
601225	8.674851
601226	9.367164
601228	2.479533
601229	9.975443
601231	-6.190713
601233	5.3099027
601236	9.017373
601238	7.7791896
601279	7.5893292
601288	2.622356
601298	7.3473606
601311	5.607905
601318	10.108756
601319	-15.558125
601326	-16.556683
601328	-14.21231
601330	5.53848
601333	9.395757
601336	-0.9529798
601339	7.8939047
601360	10.347179
601366	8.463303
601368	9.482145
601369	8.836853
601375	8.764353
601377	9.556294
601388	11.187122
601390	11.191592
601398	-15.531509
601399	10.719511
601456	11.130284
601500	10.650529
601512	-12.513727
601515	5.244719
601518	-6.925739
601519	9.058006
601528	10.894726
601555	9.482454
601566	6.3963275
601567	2.5204031
601568	9.468981
601577	10.937342
601579	9.479774
601588	9.37052
601595	11.122288
601598	7.0959263
601599	6.106558
601600	10.351251
601601	0.0925268
601606	10.277276
601607	-22.87765
601608	9.294696
601609	7.090651
601611	-9.720735
601615	8.434097
601616	10.407025
601618	-14.752621
601619	9.996883
601628	4.92301
601633	7.7715945
601636	5.4950714
601658	11.161269
601665	10.217701
601666	7.5703216
601668	-7.918008
601669	10.173322
601677	10.955252
601678	8.620864
601686	9.399637
601688	8.329001
601689	-0.2555668
601696	10.1468115
601698	9.3573475
601699	4.6949115
601700	6.998304
601702	6.726016
601717	-3.1954103
601718	9.460313
601727	9.190399
601728	7.377013
601766	7.9581046
601777	6.6917987
601778	-21.529156
601788	4.671357
601789	8.657047
601798	6.0836005
601799	-1.5500139
601800	5.8090544
601801	11.520921
601808	7.080686
601811	-21.05127
601816	9.282674
601818	-22.047972
601825	7.156873
601827	8.737884
601828	7.1152005
601838	10.477069
601857	5.0327244
601858	11.560799
601860	11.214753
601865	9.576887
601866	6.979329
601868	-14.858487
601869	10.418714
601872	11.107863
601877	8.499833
601878	1.995653
601880	9.896692
601881	8.932135
601882	6.2511363
601886	5.284917
601888	1.0397068
601890	7.919855
601898	-7.44381
601899	-3.8510733
601900	8.918792
601901	9.762932
601908	8.395971
601916	11.210696
601918	7.3620014
601919	8.695346
601921	0.21828699
601928	10.434203
601929	9.463938
601933	8.913342
601939	-15.150798
601949	-7.2169676
601952	2.4546773
601956	11.040476
601958	5.7409043
601963	7.0384245
601965	-11.718207
601966	5.440755
601968	5.995771
601969	6.731937
601975	7.030621
601985	10.975844
601988	-15.526485
601989	6.893033
601990	9.130409
601991	7.0737224
601992	9.190184
601995	0.5013066
601996	8.955866
601997	11.035322
601998	4.7389426
601999	6.944616
603000	5.7353616
603001	-15.753837
603002	8.217468
603003	6.9191647
603004	8.419337
603005	9.204783
603006	10.848189
603007	6.373692
603008	8.262308
603009	-21.875298
603010	7.952837
603011	12.207946
603012	9.376881
603013	11.040082
603015	7.493199
603016	11.853237
603017	2.654191
603018	3.7192492
603019	0.75857127
603020	8.3010025
603021	10.609607
603022	8.728223
603023	8.891018
603025	5.3100333
603026	5.5307455
603027	4.216357
603028	10.80918
603029	8.894681
603030	5.2520633
603031	4.4559145
603032	7.0734205
603033	5.3098125
603035	10.334968
603036	9.354773
603037	-15.744779
603038	10.309524
603039	8.431835
603040	9.436671
603041	5.475521
603042	11.302835
603043	6.272731
603045	10.549369
603048	9.300391
603050	9.969907
603051	8.875383
603052	8.465473
603053	-22.391191
603055	9.462193
603056	-13.889898
603057	7.3778896
603058	7.0717897
603059	9.482162
603060	11.373586
603061	-10.324542
603062	8.973092
603063	5.462059
603065	4.978446
603066	12.022658
603067	5.0569677
603068	6.9622636
603069	10.208709
603070	9.836814
603071	10.312958
603073	10.371522
603075	7.234345
603076	5.5576735
603077	7.581244
603078	-10.301059
603079	9.809298
603080	2.2779546
603081	8.427713
603082	11.155247
603083	6.6780863
603085	10.734886
603086	11.300698
603087	-2.3259594
603088	5.2804637
603089	11.184525
603090	4.4882183
603093	3.8550713
603095	-21.07069
603096	6.908819
603097	4.321362
603098	8.726218
603099	9.272141
603100	10.392271
603101	10.13705
603102	6.6685715
603103	7.0854864
603105	10.281408
603106	9.162681
603107	10.620892
603108	7.2412524
603109	8.642798
603110	7.0921226
603111	11.1722355
603112	10.952641
603113	6.9548335
603115	9.3189335
603116	-11.486154
603117	8.920737
603118	10.107362
603119	7.3162246
603121	-15.394625
603122	-16.786459
603123	10.293963
603125	7.0938597
603126	6.924247
603127	9.899788
603128	9.365406
603129	4.0333867
603130	-15.369771
603131	-10.290185
603132	8.500518
603135	11.780279
603136	5.6915827
603137	11.0852785
603138	8.039716
603139	9.599202
603150	9.741837
603151	4.3213477
603153	9.598534
603155	9.513549
603156	6.6957555
603158	12.290374
603159	-16.15103
603160	5.9480295
603161	7.0348234
603162	4.3193154
603163	6.909147
603165	3.7430754
603166	8.250568
603167	5.4889264
603168	1.8947233
603169	6.5263233
603170	7.547689
603171	8.156243
603172	-22.050344
603173	4.322878
603176	9.366195
603177	10.971994
603178	11.152796
603179	1.2745517
603180	3.7302337
603181	7.506555
603182	7.089698
603183	9.108095
603185	3.7193887
603186	11.0748005
603187	3.6467206
603188	6.4154434
603189	11.185409
603190	7.202625
603191	5.50941
603192	8.83623
603193	10.572492
603195	5.385955
603196	-17.365881
603197	4.7291355
603198	5.146285
603199	-1.6221892
603200	3.9327219
603201	6.451609
603203	3.7289472
603206	11.164988
603208	6.368901
603209	9.057527
603211	10.824186
603212	11.190575
603213	11.165697
603214	8.194111
603215	-18.762815
603216	9.929838
603217	4.5092688
603218	7.3581333
603219	11.099532
603220	10.924638
603221	8.721555
603222	10.4177265
603223	-18.295528
603225	4.32582
603226	5.8267584
603227	9.5079975
603228	6.996698
603229	1.7442801
603230	-20.050587
603231	11.042837
603232	6.6853023
603233	3.2290056
603235	9.797165
603236	8.522384
603237	4.811833
603238	9.725207
603239	3.0530994
603255	-19.624775
603256	8.496828
603258	-14.321594
603259	-3.6113112
603260	9.637917
603261	-15.793749
603266	1.9616872
603267	-18.316536
603268	11.304508
603269	7.11786
603270	6.700746
603272	7.652797
603273	7.524123
603275	7.9415474
603276	9.47889
603277	6.6053934
603278	11.167861
603279	5.5066795
603280	-14.944654
603281	6.916296
603282	5.5198145
603283	8.191109
603286	11.160152
603288	7.6530795
603289	9.445543
603290	10.331228
603291	6.459586
603296	3.691449
603297	1.005348
603298	5.1271267
603299	10.809317
603300	5.379842
603301	6.674544
603303	8.870924
603305	4.33396
603306	10.175965
603307	5.4850583
603308	10.637429
603309	1.1952832
603311	6.445571
603312	6.4085884
603313	5.983778
603315	9.622549
603316	11.150388
603317	5.5710683
603318	9.759257
603319	4.761566
603320	8.592005
603321	7.1130004
603322	3.7191699
603323	12.527237
603324	-17.968798
603325	4.0608487
603326	11.30225
603327	7.075745
603328	10.476326
603329	10.167272
603330	8.583576
603331	9.50737
603332	11.242452
603333	9.108875
603335	9.273974
603336	4.6246867
603337	8.643464
603338	5.1851172
603339	7.4923444
603341	6.0524225
603344	8.458817
603345	1.9297458
603348	5.927086
603351	1.9199945
603353	9.4821615
603355	4.6778517
603356	9.7879
603357	11.30606
603358	4.2565565
603359	9.442619
603360	9.215507
603363	10.898884
603365	7.088615
603366	-11.904803
603367	11.358205
603368	9.237117
603369	5.212033
603373	12.247393
603375	-12.624132
603377	4.7653055
603378	8.657276
603379	3.0583615
603380	11.191692
603383	-1.4046263
603385	10.324239
603386	10.637276
603387	-18.446974
603388	11.31372
603389	9.469628
603390	6.759076
603392	-10.347929
603393	4.21376
603396	3.7291842
603398	0.65327036
603399	11.131427
603408	5.4621196
603416	-3.7151859
603421	10.599331
603429	8.406476
603439	10.111288
603444	-10.293402
603456	-1.4046009
603458	8.659084
603466	-1.3867016
603477	4.323328
603486	3.7203102
603488	-19.257994
603489	-12.536955
603496	5.1722236
603499	8.969945
603500	9.798858
603501	3.720251
603505	3.7292514
603506	8.493159
603507	5.9842615
603508	-29.430704
603511	5.766127
603515	10.145427
603516	7.9188237
603517	7.837013
603518	6.7905607
603519	5.378024
603520	10.29536
603527	11.019843
603528	9.844723
603529	6.402212
603530	5.4857492
603533	10.432906
603535	6.305518
603536	3.9785972
603538	10.850257
603551	-12.16822
603556	8.784803
603557	12.004029
603558	-1.4886682
603559	9.653217
603565	1.2386483
603566	9.356502
603567	8.994825
603568	7.8871484
603569	8.579727
603577	8.716344
603578	7.1417255
603579	5.362874
603580	2.138946
603583	-8.7590065
603585	-40.559353
603586	10.512134
603587	11.30478
603588	7.819953
603589	7.637861
603590	11.184327
603595	4.8093104
603596	4.5104194
603598	10.542077
603599	3.7104378
603600	10.103676
603601	-6.3202567
603602	-9.476301
603605	7.4788322
603606	-1.6457494
603607	11.192302
603608	-40.481007
603609	8.692787
603610	7.964417
603611	5.059325
603612	4.3214912
603613	-2.1756308
603615	12.295106
603616	9.425936
603617	8.445634
603618	9.238633
603619	10.426777
603626	11.18697
603628	9.522515
603629	4.377607
603630	10.574047
603633	10.801266
603636	-7.9855356
603637	10.5655985
603638	7.6943717
603639	4.4431233
603648	9.413826
603650	8.733915
603655	11.189204
603656	11.191735
603657	8.921564
603658	3.9360328
603659	3.719189
603660	11.038423
603661	8.819695
603662	-36.552895
603663	5.378815
603665	5.074713
603666	3.9703984
603667	10.219873
603668	8.820787
603669	6.3852563
603676	10.352304
603677	5.972372
603678	1.3906567
603679	8.931343
603680	8.745028
603681	4.5192466
603682	9.175436
603683	5.5428405
603685	8.584334
603686	8.724866
603687	6.1743593
603688	4.77787
603689	9.8649645
603690	8.884962
603693	5.4445925
603696	11.195678
603697	9.441796
603698	4.5012307
603699	11.154409
603700	-11.258668
603701	-38.312057
603703	-9.8989105
603706	9.480224
603707	9.94058
603708	10.3554125
603709	9.132065
603711	5.710685
603712	9.4770565
603713	3.5502706
603716	6.421413
603717	8.0694895
603718	-17.873322
603719	8.045805
603721	11.434564
603722	7.760833
603725	11.194776
603726	-1.4069061
603727	7.7079554
603728	-1.8219954
603729	-0.17352499
603730	5.420594
603733	4.32135
603737	3.7191195
603738	-0.7498521
603739	6.4547734
603755	4.2587624
603757	8.230096
603758	12.055486
603759	10.020842
603766	4.079387
603767	7.0717683
603768	6.536046
603773	7.492572
603776	10.157717
603777	9.918366
603778	9.205637
603779	8.841522
603786	8.34806
603787	9.168825
603788	11.191824
603789	8.766949
603790	10.12386
603797	8.94936
603798	9.331244
603799	-1.6858057
603800	7.2358866
603801	3.7194679
603803	7.017471
603806	-12.5769
603808	-14.349809
603809	4.7626133
603810	9.478336
603811	11.113748
603813	9.403649
603815	7.5115905
603816	-7.773495
603817	10.749125
603818	6.176595
603819	6.474553
603822	-21.426554
603823	9.913992
603825	7.299737
603826	-1.163195
603828	6.776077
603829	9.160444
603833	-9.18661
603836	4.36908
603838	8.458186
603839	-21.688526
603843	10.57618
603848	5.6865463
603855	6.6260834
603856	9.860017
603858	7.4649887
603859	7.5298443
603860	8.152193
603861	8.265267
603863	-20.150156
603866	9.482158
603867	6.975934
603868	5.3320265
603869	5.8095393
603871	5.0742764
603876	10.082391
603877	9.420267
603878	4.29993
603879	-0.2997119
603880	-15.516941
603881	-1.1129644
603882	9.545946
603883	4.806126
603885	5.6364307
603886	7.8358603
603887	8.535934
603888	5.63651
603889	9.753906
603890	10.557305
603893	3.7191653
603895	6.8425603
603896	11.336453
603897	10.135778
603898	8.849387
603899	3.7338138
603900	9.722566
603901	8.072647
603903	10.225405
603906	5.4979196
603908	8.273463
603909	4.3414307
603912	10.972575
603915	7.0764327
603916	8.871355
603917	-15.862881
603918	5.277766
603919	4.3761187
603920	11.563564
603922	8.241686
603926	10.118729
603927	3.258688
603928	-10.455111
603929	8.510968
603931	8.689062
603933	11.074116
603936	10.343401
603937	9.131091
603938	5.070914
603939	3.7193077
603948	9.425691
603949	5.6098847
603950	9.220187
603955	10.6404295
603956	10.706153
603958	10.418337
603959	9.003385
603960	3.9538145
603963	8.915656
603966	8.786228
603967	10.089516
603968	6.8475575
603969	9.188507
603970	7.072874
603976	-15.510048
603977	9.742337
603978	7.365759
603979	3.9837441
603980	7.049475
603982	10.971952
603983	0.021673715
603985	3.9095516
603986	6.2395616
603987	11.19171
603988	-10.277191
603989	5.4690304
603990	5.4970737
603991	-10.301931
603992	7.11615
603993	6.9171247
603995	6.457834
603997	10.9434395
603998	7.3431535
603999	-16.501135
605001	8.770236
605003	8.528107
605005	-0.33039945
605006	9.498511
605007	6.6232805
605008	8.5180855
605009	5.2528744
605011	4.321351
605016	5.177591
605018	5.4306846
605020	5.4900827
605028	7.8746815
605033	9.44658
605050	6.546515
605055	9.454749
605056	8.013038
605058	12.001435
605060	8.054515
605066	-26.724316
605068	8.698515
605069	6.682528
605077	10.29909
605080	9.398349
605081	-3.2081192
605086	9.516079
605088	8.99984
605089	5.396312
605090	3.719362
605098	5.220682
605099	6.5580873
605100	9.459596
605108	7.806803
605111	1.7030473
605116	8.725994
605117	1.8974522
605118	-15.130382
605122	-13.977745
605123	6.9007735
605128	5.16341
605133	7.1670184
605136	-19.255136
605138	9.147082
605151	-0.5640355
605155	12.312017
605158	-15.4562025
605162	7.2410307
605166	4.3246465
605167	-16.475266
605168	2.4881828
605169	10.187131
605177	8.17035
605178	4.3540344
605179	10.156679
605180	5.4543395
605183	11.091628
605186	11.186964
605188	4.490049
605189	9.481034
605196	7.9861746
605198	5.2374854
605199	-15.004218
605208	7.3707733
605218	-21.476667
605222	8.68414
605228	7.7416573
605255	9.706175
605258	10.3318205
605259	-7.4027724
605266	3.6063213
605268	9.15886
605277	-1.6277022
605286	11.345101
605287	10.897689
605288	-26.347004
605289	6.988413
605296	3.614187
605298	10.509073
605299	4.321323
605300	11.174368
605303	9.384743
605305	3.719858
605318	4.499761
605319	6.9945664
605333	7.0192275
605336	10.526553
605337	9.529131
605338	10.966214
605339	-2.5493782
605358	5.55622
605365	10.47305
605366	7.886505
605368	11.509571
605369	8.534327
605376	11.022089
605377	6.04473
605378	9.979971
605388	8.9608135
605389	2.3372474
605398	7.9153566
605399	8.19986
605488	9.773556
605499	1.2542299
605500	8.995925
605507	10.436487
605555	4.7129865
605566	10.419915
605567	8.749082
605577	8.76895
605580	9.463465
605588	5.521152
605589	8.160289
605598	6.9234295
605599	5.3503604
688001	7.911709
688002	7.911149
688003	6.1166105
688004	6.5789094
688005	10.34883
688006	6.2365828
688007	12.062888
688008	6.192362
688009	10.551668
688010	11.18786
688011	11.189909
688012	-11.148672
688013	4.842793
688015	7.012884
688016	7.0578065
688017	-4.8232703
688018	4.159136
688019	3.9245937
688020	-9.786612
688021	4.437623
688022	10.888052
688023	8.542276
688025	5.149702
688026	10.257142
688027	8.918288
688028	11.188005
688029	3.5094295
688030	9.947933
688031	6.9683595
688032	-29.20914
688033	7.881794
688035	6.097642
688036	-0.95002115
688037	0.99270034
688038	11.308369
688039	6.9563804
688041	-30.135727
688045	4.9170146
688046	10.704187
688047	0.701525
688048	5.101643
688049	11.163898
688050	-12.587221
688051	11.19168
688052	-10.893658
688053	10.323117
688055	11.023143
688056	3.8686786
688057	2.6929743
688058	8.540376
688059	6.524969
688060	6.8625135
688061	7.58058
688062	8.490091
688063	10.012057
688065	4.946613
688066	9.385156
688067	2.0384176
688068	-21.715752
688069	6.4067945
688070	9.354699
688071	10.872763
688072	-11.414477
688073	4.2463202
688075	-9.041532
688076	6.1589003
688077	7.086125
688078	11.070288
688079	12.066073
688080	8.139628
688081	11.168709
688082	-10.319094
688083	1.9084895
688084	7.4291487
688085	10.608248
688087	8.206423
688088	6.978251
688089	8.92626
688090	-0.2983239
688091	-43.438396
688092	10.713286
688093	10.237399
688095	-7.6179776
688096	2.4334593
688097	11.189961
688098	10.550575
688099	3.7345319
688100	9.721347
688101	-13.361348
688102	5.6281238
688103	6.0907297
688105	9.482179
688106	10.338074
688107	10.693054
688108	9.916058
688109	-1.3345867
688110	11.178587
688111	7.527151
688112	1.7246089
688113	2.212194
688114	8.03172
688115	9.562876
688116	5.492715
688117	-43.553936
688118	12.1435
688119	10.509618
688120	-10.309538
688121	4.3253565
688122	-12.5565
688123	1.7142586
688125	11.623557
688126	11.660491
688127	11.157397
688128	7.4907985
688129	8.42595
688130	6.0304127
688131	3.948013
688132	5.4970026
688133	7.432713
688135	9.471725
688136	-0.019906938
688137	9.677344
688138	6.934953
688139	5.4618626
688141	3.963462
688143	11.30615
688146	5.6192985
688147	5.3891497
688148	11.185395
688150	7.0810423
688151	9.358154
688152	7.366709
688153	5.4928865
688155	5.309907
688156	11.1916685
688157	-13.248806
688158	10.550441
688159	7.4007673
688160	-1.5747265
688161	10.414031
688162	4.5273833
688163	-19.218931
688165	10.143399
688166	8.579506
688167	8.387129
688168	-36.55484
688169	2.3380313
688170	10.397064
688171	10.253985
688172	4.4644723
688173	10.56592
688175	10.314823
688176	11.192418
688177	9.360492
688178	9.480817
688179	11.156059
688180	5.31092
688181	11.023553
688182	11.186995
688183	8.866909
688184	-2.3770778
688185	7.449399
688186	7.057376
688187	-5.1690226
688188	5.1271596
688189	-17.436174
688190	3.6866004
688191	4.757208
688192	3.3240707
688193	-14.850227
688195	11.191572
688196	4.553131
688197	-2.24759
688198	8.903205
688199	10.405833
688200	3.7220464
688201	8.362687
688202	8.209723
688203	8.207627
688205	-1.5754263
688206	9.442122
688207	11.1916895
688208	6.4839115
688209	7.0863233
688210	5.166569
688211	-9.81642
688212	5.076021
688213	5.164409
688215	10.5888605
688216	11.104652
688217	4.4617977
688218	10.884494
688219	12.052521
688220	7.4397225
688221	11.156189
688222	7.070887
688223	11.174714
688225	9.83707
688226	10.562035
688227	11.190278
688228	5.2169576
688229	-8.11266
688230	8.200788
688231	8.824388
688232	-21.283867
688233	7.018686
688234	0.5541
688235	-36.55003
688236	7.741845
688237	9.392314
688238	9.05966
688239	4.3053474
688244	6.296739
688246	8.148213
688247	9.470904
688248	7.745235
688249	8.914839
688251	10.3218155
688252	11.26323
688253	-28.47061
688255	8.394458
688256	-10.776421
688257	6.924751
688258	-15.750096
688259	-10.448701
688260	11.180671
688261	3.635078
688262	11.158457
688265	11.034576
688266	-30.528233
688267	11.026819
688268	3.939257
688269	7.8550663
688270	-0.22494596
688271	-12.756025
688272	11.326267
688273	11.184357
688275	3.7475147
688276	6.495696
688277	-22.054453
688278	7.41524
688279	-0.9534384
688280	7.0335135
688281	6.564981
688282	9.166148
688283	7.548181
688285	8.17852
688286	5.2270536
688287	11.156945
688288	11.1910515
688289	-2.5511832
688290	-21.975725
688291	8.391234
688292	6.9676056
688293	2.806417
688295	7.658451
688296	10.914055
688297	10.551892
688298	-16.369661
688299	6.095936
688300	5.3452888
688301	3.7191203
688302	11.218399
688303	7.588966
688305	7.6597576
688306	9.892279
688307	12.010642
688308	8.570623
688309	10.135858
688310	9.070796
688311	11.496742
688312	8.466856
688313	11.191692
688314	-41.26225
688315	9.479278
688316	10.978787
688317	-15.739852
688318	-38.350563
688319	11.03589
688320	7.14456
688321	9.463556
688322	11.040244
688323	-15.071511
688325	-10.895651
688326	-3.3393075
688327	8.223493
688328	10.573517
688329	11.440181
688330	10.531273
688331	8.7602005
688332	1.9339043
688333	4.107076
688334	7.871749
688335	11.382628
688336	8.470152
688337	1.8336353
688338	-13.176997
688339	1.7999756
688343	11.873799
688345	4.835724
688347	8.066118
688348	-10.3009205
688349	6.097335
688350	6.7783093
688351	-13.653391
688352	4.32135
688353	11.129645
688355	6.125891
688356	3.7201717
688357	-9.110397
688358	-0.5283084
688359	7.0711184
688360	-21.480742
688361	2.1733148
688362	4.3213496
688363	10.48624
688365	10.991189
688366	10.068282
688367	6.8841214
688368	5.610816
688369	7.071327
688370	8.7256975
688371	10.604715
688372	-8.571942
688373	8.3170185
688375	4.959573
688376	9.519078
688377	6.257394
688378	3.7191203
688379	10.965253
688380	-15.247126
688381	11.167642
688382	10.884109
688383	9.695823
688385	8.981693
688386	5.0743937
688387	10.943299
688388	5.591815
688389	5.4896736
688390	4.211988
688391	5.3559318
688392	5.6222353
688393	2.9578598
688395	1.8364419
688396	8.472849
688398	4.482056
688399	-6.8177824
688400	10.462135
688401	6.053612
688403	7.132535
688408	3.7247107
688409	-0.26457146
688410	8.671873
688416	6.9759564
688418	11.103975
688419	10.369789
688420	7.767968
688425	9.078485
688426	7.0750175
688428	-20.781921
688429	-2.910302
688432	10.309837
688433	6.2621727
688435	7.0797186
688439	3.7192304
688443	8.063408
688448	8.976049
688450	9.762646
688455	8.471711
688456	7.295171
688458	-12.895305
688459	9.085492
688466	11.191186
688468	11.160522
688469	8.362607
688472	-21.32946
688475	8.317703
688478	6.0096393
688479	10.621315
688480	8.854462
688484	5.4972315
688485	12.3019905
688486	4.0313315
688488	4.32151
688489	4.9401264
688496	7.196147
688498	5.190046
688499	6.759547
688500	9.911661
688501	5.6630797
688502	-12.515015
688503	-37.9832
688505	-15.405743
688506	-37.420746
688507	-3.0439913
688508	1.2702248
688509	7.226384
688510	8.723549
688511	10.083555
688512	10.210245
688513	7.070494
688515	-10.304004
688516	3.7191203
688517	8.126016
688518	6.7048316
688519	10.244962
688520	6.594494
688521	8.717299
688522	3.7191248
688523	10.661033
688525	6.8929276
688526	-1.671891
688528	10.335419
688529	8.079181
688531	8.224518
688533	7.043279
688535	4.970326
688536	5.318217
688538	-16.150986
688539	4.1082344
688543	6.3375654
688548	7.086548
688549	7.053432
688550	8.124432
688551	4.3825297
688552	11.65085
688553	8.294248
688556	2.100683
688557	4.122179
688558	11.017084
688559	12.000173
688560	6.331279
688561	11.191686
688562	10.426821
688563	3.8361566
688565	8.446302
688566	8.450785
688567	6.053458
688568	6.4206586
688569	10.468608
688570	5.4936666
688571	8.008481
688573	4.321352
688575	6.986377
688576	3.941616
688577	4.731808
688578	5.1291156
688579	10.972131
688580	7.9492474
688581	5.447514
688582	-4.216758
688584	5.692488
688585	4.2801814
688586	9.482166
688588	11.12934
688589	7.001392
688590	6.939143
688591	6.9953446
688592	3.718039
688593	9.851691
688595	5.263582
688596	5.519826
688597	-27.231808
688598	3.724216
688599	9.230342
688600	-15.444815
688601	4.087408
688602	11.135374
688603	-30.295181
688606	-10.095791
688607	7.11197
688608	-10.386234
688609	12.044622
688610	8.474472
688611	7.99628
688612	4.3215575
688613	6.5490575
688616	11.19174
688617	-19.764711
688618	8.593621
688619	12.237272
688620	5.900397
688621	3.7191195
688622	-24.02343
688623	6.301547
688625	1.9737189
688626	5.265415
688627	-11.377165
688628	5.80626
688629	-9.288683
688630	3.1605618
688631	8.269745
688633	-10.301095
688636	1.7950385
688638	3.8691883
688639	3.7191195
688646	5.9974422
688648	6.783673
688651	10.91974
688652	3.6271813
688653	8.677322
688655	11.1503935
688656	6.828725
688657	8.285476
688658	0.52731574
688659	9.480203
688660	9.442415
688661	5.2215137
688662	11.191692
688663	4.32135
688665	7.763218
688667	5.3098955
688668	5.3862658
688669	10.453381
688670	10.274404
688671	7.677878
688676	5.4206624
688677	3.7191796
688678	6.932784
688679	9.671243
688680	9.483622
688681	7.5368156
688682	-6.47302
688683	8.923763
688685	-0.8653124
688686	-5.074309
688687	8.865894
688689	11.088542
688690	9.276694
688693	7.8938746
688695	6.9271145
688696	3.7191203
688697	7.6185617
688698	7.49105
688699	5.1652317
688700	7.705346
688701	9.409623
688702	-14.793167
688707	7.107174
688709	6.835574
688711	5.5106916
688716	6.963461
688717	-10.503335
688718	9.286894
688719	7.804887
688720	5.2221947
688722	11.180734
688728	4.244992
688733	6.11489
688737	6.674932
688739	9.728681
688766	9.060571
688767	-30.764751
688768	8.810339
688772	5.4879746
688776	3.7191203
688777	2.0164747
688778	4.0067744
688779	10.6726
688786	6.0633802
688787	6.165559
688788	7.786149
688789	4.21718
688793	7.549596
688798	3.719359
688799	6.853373
688800	9.283345
688819	4.094469
688981	2.7542732
689009	-28.631413
