1	-7.5077157
2	7.435382
4	-13.414516
6	-16.90231
7	-3.7460427
8	-13.414515
9	3.310928
10	31.882565
11	-7.530823
12	-14.860989
14	1.3140806
16	-10.675381
17	1.0177944
19	-3.5103812
20	20.964722
21	5.6968493
25	-10.189681
26	-11.8333645
27	5.5666313
28	4.973947
29	21.737106
30	1.0391699
31	-13.414107
32	3.310505
34	8.088458
35	1.0393064
36	9.441786
37	2.1464858
39	-0.2921222
40	32.34699
42	-88.43911
45	18.211264
48	2.731142
49	-45.136658
50	-6.6467066
55	9.822996
56	27.5728
58	10.207368
59	30.975172
60	-3.2636936
61	-13.409723
62	-15.110623
63	-1.1461906
65	4.9759064
66	5.5663037
68	11.573135
69	4.993261
70	5.3334675
78	-13.414515
88	3.257584
89	4.056303
90	5.567623
96	-3.5103812
99	-3.33157
100	-4.4872737
151	-19.815441
153	-7.9423056
155	5.3470883
156	11.81857
157	-7.484261
158	17.311546
159	18.445072
166	12.376755
301	3.2503128
333	-3.5106895
338	6.519302
400	4.0390563
401	13.187267
402	5.554112
403	5.295265
404	-13.786674
407	8.930213
408	-6.6478786
409	2.4521015
410	12.378227
411	0.36038223
415	9.239916
417	-5.095122
419	-7.807241
420	-5.312407
421	3.8815055
422	9.90366
423	-7.30479
425	-8.000398
426	-7.5606956
428	-5.0923657
429	-13.959621
430	7.4919186
488	-13.410243
498	-13.786727
501	-5.979971
503	-8.664556
504	8.145929
505	4.49524
506	11.975206
507	3.1416326
509	-0.832456
510	-0.8780112
513	-10.372057
514	7.4650536
516	5.3128767
517	-14.859922
518	11.975206
519	4.0444555
520	7.6147842
521	-7.499618
523	17.353065
524	-5.094634
525	-4.52726
526	-13.966601
528	-7.3260674
529	2.2891195
530	-14.860989
531	-2.3233137
532	-14.860985
533	19.121977
534	-7.840418
536	11.975206
537	11.807136
538	-17.306793
539	4.762835
541	-7.8276396
543	-7.420492
544	5.525791
545	20.964722
546	11.631518
547	-13.414107
548	2.6386921
550	4.579634
551	-13.414515
552	4.924571
553	-4.6894326
554	-1.2168896
555	3.8461382
557	-13.786709
558	-13.784582
559	0.31842992
560	-13.016029
561	-13.786694
563	-13.409723
564	-1.658657
565	-3.5952907
566	-13.786696
567	-5.0946455
568	2.7120814
570	28.732729
571	5.8421392
572	-13.784414
573	21.707428
576	-11.964734
581	5.567825
582	-13.414515
584	11.567923
586	-2.3900712
589	4.89267
590	-3.5103934
591	6.257165
592	0.29315722
593	11.760798
595	12.377473
596	4.0592012
597	2.047272
598	-12.147336
599	-3.750966
600	4.929898
601	4.0556064
603	-0.91314757
605	-4.0792437
607	-13.784366
608	9.338394
609	7.7939196
610	3.4038813
612	4.0563545
615	9.214037
617	2.1698728
619	-13.19257
620	6.741584
622	24.332241
623	3.29688
625	4.010661
626	11.706544
627	-13.414515
628	4.0563183
629	2.3182042
630	-3.4407034
631	4.7323356
632	-26.97017
633	14.681812
635	-7.542232
636	1.9267792
637	-13.415084
638	-13.786642
639	7.6129804
650	-16.670113
651	-7.6990104
652	-13.408025
655	7.8087935
656	12.37617
657	4.8928647
659	11.920755
661	4.9739447
663	14.334796
665	4.5228443
668	-13.908881
669	-3.134972
670	-13.414516
672	-5.0945883
676	-8.004599
677	11.548816
678	-15.034165
679	18.445095
680	5.6378427
681	-6.295003
682	-10.758828
683	5.1762004
685	-13.414515
686	-13.414515
688	5.981984
690	4.8219767
691	8.828479
692	-7.04906
695	-13.017434
697	-4.6949577
698	4.045566
700	-5.496335
701	15.194451
702	-13.785838
703	-3.779669
705	-1.4406265
707	-5.2737894
708	7.740985
709	7.271473
710	4.39728
711	29.054394
712	-13.966617
713	-10.386027
715	14.269766
716	4.1765656
717	-22.727726
718	-1.9419396
719	-13.37539
720	3.633636
721	7.5822124
722	4.810385
723	6.5574603
725	13.017159
726	6.1712523
727	-0.30569375
728	11.88352
729	-10.386027
731	6.95942
733	4.947739
735	-13.78666
736	7.492151
737	0.4083486
738	3.1868737
739	-14.860989
750	-13.414518
751	22.51465
752	4.0876017
753	-3.2735415
755	-14.358793
756	-13.784419
757	12.376247
758	5.525831
759	18.589981
761	18.111052
762	0.7662223
766	5.3128653
767	-43.00008
768	3.2205906
776	0.006194533
777	-5.019597
778	1.5597352
779	5.4439416
782	7.2479105
783	-1.5255727
785	11.975206
786	-0.16465345
788	11.975206
789	-1.4376898
790	-5.094636
791	4.3984947
792	4.421667
793	9.673735
795	-19.660686
796	5.5811834
797	-1.1278585
798	-13.784366
799	8.075408
800	29.556473
801	-3.5030804
802	15.709212
803	23.290434
807	0.41873425
809	18.445072
810	-13.415071
811	6.2524257
812	10.421494
813	18.148989
815	-3.1023283
816	-13.78667
818	4.575861
819	-5.79548
820	18.443659
821	6.203674
822	6.2080736
823	9.603377
825	6.051208
826	-13.784422
828	-13.414516
829	-13.414675
830	-64.39866
831	3.311003
833	9.075877
837	-0.690012
838	7.499932
839	4.9743695
848	1.6149914
850	8.930924
851	11.975206
852	5.737328
856	13.836794
858	2.84605
859	14.27857
860	2.7019289
862	7.4917746
863	17.786795
868	-4.448173
869	2.1974819
875	1.0404202
876	4.7449427
877	-1.0531054
878	5.1691265
880	-10.418949
881	-3.5104258
882	24.122295
883	-3.0833194
885	-1.8408225
886	-13.015471
887	4.9728875
888	-15.472805
889	12.329187
890	12.37795
892	11.975206
893	-13.414577
895	4.477818
897	-2.0291018
898	-4.1931725
899	6.53131
900	-14.857477
901	-13.414608
902	2.3611553
903	29.555857
905	4.393921
906	3.3095596
908	20.964722
909	9.073743
910	8.517461
911	-1.8613828
912	-9.3011
913	-0.26903158
915	5.3128643
917	-5.1122007
919	8.930391
920	7.8559623
921	4.973947
922	5.8288927
923	7.4919105
925	39.198906
926	3.4164257
927	24.332241
928	-11.711547
929	-3.2917032
930	-3.512142
931	11.975206
932	-4.3845654
933	-36.640873
935	4.4481287
936	-11.765337
937	4.770285
938	4.056158
948	-3.5086496
949	18.192831
950	-3.5103817
951	-13.414515
952	0.52162266
953	12.370901
955	12.37795
957	-50.52374
958	13.654494
959	0.78619874
960	-7.296077
962	-5.2630134
963	-16.043047
965	31.416367
966	-5.238209
967	-13.784424
968	4.870987
969	6.1092167
970	-13.414518
972	11.975206
973	8.930213
975	-5.5118947
977	6.2711463
978	-0.72102565
980	11.975206
981	32.33712
983	3.311109
985	28.264729
987	12.141974
988	-8.00032
989	-0.33667275
990	4.9959307
993	5.2905498
995	-13.01541
997	-6.330451
998	5.737041
999	-13.418098
1201	-2.9292164
1202	-28.807137
1203	-2.2613802
1205	-6.097329
1206	7.548345
1207	4.889223
1208	14.586824
1209	33.98152
1210	-2.8630998
1211	-2.9362621
1212	11.429105
1213	6.397451
1215	5.276711
1216	2.0456367
1217	-3.26519
1218	-21.946682
1219	13.300819
1222	7.221212
1223	-3.2676468
1225	-11.0011215
1226	-0.35748008
1227	14.075362
1228	-5.270013
1229	12.372635
1230	17.61509
1231	9.017026
1234	-27.06777
1236	12.378227
1238	18.445072
1239	-13.01541
1255	4.6028557
1256	0.48228613
1258	-2.8637938
1259	-25.260399
1260	4.361155
1266	-11.774452
1267	29.39088
1268	19.688702
1269	-4.7393994
1270	-5.370391
1278	7.378421
1282	5.2866225
1283	-2.3876085
1286	-1.3079593
1287	20.964722
1288	7.492505
1289	13.839662
1296	2.058536
1298	-15.88069
1299	13.828765
1300	4.0385256
1301	5.45796
1306	-13.79761
1308	-9.817014
1309	-7.525536
1311	5.000871
1313	26.270094
1314	-13.41507
1316	0.836048
1317	-13.785838
1318	7.6027713
1319	21.015402
1322	-4.4698577
1323	5.52857
1324	5.575528
1326	4.047869
1328	14.660807
1330	26.242603
1331	-5.636092
1332	2.2130213
1333	13.122368
1336	-9.311053
1337	6.5244284
1338	26.508074
1339	-13.785122
1358	1.3799723
1359	1.3563432
1360	7.64282
1366	-3.1849515
1367	-13.41454
1368	-3.7945392
1373	4.183898
1376	-2.2929475
1378	7.4602494
1379	-13.016845
1380	7.644203
1387	32.393307
1389	-2.2480896
1696	-13.414107
1872	16.334303
1896	7.1975846
1914	5.5872364
1965	20.964628
1979	17.619423
2001	4.775794
2003	2.48088
2004	-10.386027
2005	-13.786705
2006	5.0780187
2007	3.8060822
2008	4.973947
2009	-16.8652
2010	-4.2670255
2011	2.7150388
2012	29.398571
2014	-3.1881504
2015	4.5962334
2016	2.6901503
2017	-7.540237
2019	6.258128
2020	-13.414515
2021	8.396995
2022	-13.414515
2023	1.7072452
2024	7.461834
2025	-5.0979347
2026	6.557296
2027	2.2693632
2028	-5.374344
2029	1.1540695
2030	-13.414533
2031	-1.0264649
2032	-13.413781
2033	6.1953464
2034	-14.860989
2035	-3.9312625
2036	4.632014
2037	-13.015432
2038	-5.0939627
2039	-8.044568
2040	9.208378
2041	3.3722327
2042	5.767976
2043	-7.7021093
2044	-7.2178907
2045	-2.363729
2046	-5.094636
2047	18.501795
2048	3.1509566
2049	2.3482206
2050	-21.935097
2051	-13.414515
2052	-15.239535
2053	7.4403777
2054	0.92594916
2055	8.67973
2056	-5.0947514
2057	3.306852
2058	12.377927
2059	18.298212
2060	4.500269
2061	11.414051
2062	3.5380874
2063	3.7404704
2064	-15.806054
2065	-5.5920563
2066	3.9289382
2067	20.964722
2068	2.0791576
2069	28.965624
2072	10.542654
2073	4.6871176
2074	8.315341
2075	-13.786236
2076	9.980681
2077	17.595276
2078	4.055545
2079	4.0561595
2080	-68.49871
2081	-13.414515
2082	-13.786703
2083	-2.3234897
2084	8.903914
2085	-7.5258026
2086	11.975206
2088	3.5853846
2090	2.7609925
2091	4.0558496
2092	7.612874
2093	-8.035373
2094	-13.557156
2095	5.5276356
2096	-8.035001
2097	6.6824656
2098	21.020042
2099	-14.860673
2100	3.3110054
2101	-0.45094973
2102	-13.786541
2103	-6.7791915
2104	-13.414515
2105	28.352077
2106	-6.6478777
2107	4.2065816
2108	-5.8533387
2109	4.05566
2110	-2.280859
2111	4.0563197
2112	9.3289385
2114	11.819669
2115	-0.6778084
2116	-7.9718595
2117	-1.4604768
2119	6.1113086
2120	5.035389
2121	2.7118094
2122	-3.2588367
2123	5.3505683
2124	-14.860989
2125	8.913413
2126	-3.762565
2127	4.393834
2128	-0.9758547
2129	-0.9401106
2130	-46.433876
2131	6.9098253
2132	-26.823128
2133	18.131634
2134	1.1090816
2135	3.2206604
2136	-2.8353202
2137	20.964722
2138	3.078191
2139	6.3918295
2140	4.870169
2141	11.986068
2142	-8.374015
2144	20.891342
2145	-1.4669349
2146	-13.098423
2148	4.3908763
2149	-17.30296
2150	5.139325
2151	1.5531706
2152	2.6952841
2153	6.2215667
2154	4.971784
2155	1.5692258
2156	5.3502345
2157	2.6935284
2158	-14.860673
2159	20.232872
2160	11.9064665
2161	5.037859
2162	29.103533
2163	-13.786512
2164	3.874938
2165	8.159334
2166	-0.0805684
2167	-0.9874536
2168	-6.170872
2169	-4.858163
2170	4.6660724
2171	7.6111455
2172	13.912084
2173	3.4210148
2174	8.152895
2175	8.899308
2176	6.1511326
2177	8.815169
2178	14.269474
2179	-1.9105313
2180	-6.277872
2181	15.263022
2182	4.0392346
2183	-25.201166
2184	13.136917
2185	4.8110375
2186	30.896038
2187	31.879883
2188	0.9020191
2189	11.975206
2190	3.2535129
2191	-13.786711
2192	1.2835493
2193	18.506859
2194	12.204407
2195	-2.813225
2196	9.682315
2197	5.750025
2198	-9.998639
2199	20.964722
2200	0.8352316
2201	7.0153136
2202	-13.41452
2203	11.121563
2204	8.380263
2205	-13.784418
2206	2.7851853
2207	13.252636
2208	-4.5459895
2209	-13.784412
2210	-13.784424
2211	18.114315
2212	6.9033465
2213	15.942172
2214	4.0432677
2215	4.0484247
2216	3.1225793
2217	4.576465
2218	7.2161374
2219	-7.293602
2221	11.71515
2222	6.252247
2223	3.0360808
2224	-3.8054247
2225	6.9602795
2226	0.8605605
2227	2.367833
2228	-3.509875
2229	2.9674256
2230	8.912959
2231	8.921653
2232	-13.414107
2233	7.475139
2234	3.9118555
2235	-0.79721606
2236	3.311002
2237	3.5749338
2238	-3.1091828
2239	-12.831652
2240	12.886258
2241	-6.336315
2242	4.9357443
2243	16.694668
2244	11.7148485
2245	-1.830683
2246	-13.429315
2247	9.914372
2248	-14.098881
2249	-15.43184
2250	6.8719325
2251	14.271161
2252	6.133945
2253	5.696923
2254	5.3711205
2255	-2.8352072
2256	-12.7580595
2258	2.6988986
2259	12.156491
2261	3.311009
2262	-14.860935
2263	14.999702
2264	7.612489
2265	1.1761649
2266	-14.860989
2267	-3.7985873
2268	5.3130856
2269	12.355395
2270	-6.8507786
2271	4.973947
2272	12.73663
2273	-10.690992
2274	13.179483
2275	-13.786709
2276	5.7207685
2277	-1.2249744
2278	12.378227
2279	3.441456
2281	7.1219316
2282	14.3453045
2283	31.935442
2284	4.046287
2285	-14.78638
2286	-2.9270518
2287	-11.702841
2289	11.975206
2290	1.0139345
2291	12.378227
2292	-2.3735826
2293	5.3069844
2294	-6.2376184
2295	26.941513
2296	5.153268
2297	30.72902
2298	-0.45084193
2299	5.133556
2300	5.508287
2301	8.927982
2302	-1.5853748
2303	-14.358793
2304	9.070849
2305	28.264736
2306	-6.1504254
2307	-3.5103807
2308	-6.296947
2309	20.964722
2310	4.0558558
2311	4.2357435
2312	5.1778555
2313	25.556383
2314	-6.215705
2315	-7.31095
2316	5.049215
2317	-5.094636
2318	6.23929
2319	11.975206
2320	-5.3696485
2321	15.729867
2322	-3.305554
2323	0.83579725
2324	4.973967
2326	7.0027194
2327	4.791705
2328	7.5273767
2329	12.378227
2330	1.1092713
2331	-7.8410425
2332	-13.414515
2333	7.875109
2334	3.99231
2335	5.656808
2336	12.145035
2337	14.280581
2338	4.973947
2339	-3.8571327
2340	4.0562334
2342	11.976766
2343	11.975206
2344	2.9135983
2345	-6.237356
2346	-5.270658
2347	8.923671
2348	0.069365285
2349	-7.8079324
2350	7.6021175
2351	0.3768806
2352	-8.142354
2353	6.2524686
2354	10.098159
2355	-3.4180903
2356	9.08427
2357	7.4895754
2358	-16.301594
2360	5.336148
2361	14.136878
2362	-0.47519073
2363	10.130677
2364	1.7437682
2365	13.356397
2366	12.216295
2367	2.6980464
2368	4.9724054
2369	12.378227
2370	12.13479
2371	2.371596
2372	2.1123774
2373	3.3110085
2374	0.39054194
2375	-23.622467
2376	-1.1734922
2377	13.929175
2378	4.7096834
2379	-0.38159063
2380	4.0563154
2381	2.6945891
2382	2.401753
2383	8.929118
2384	-1.4412036
2385	-7.4962487
2386	25.7815
2387	10.936285
2388	-5.131003
2389	-13.414513
2390	3.1197019
2391	7.843698
2392	-3.409653
2393	-4.448099
2394	-2.9042099
2395	-7.341011
2396	-13.414513
2397	-4.444044
2398	-9.110828
2399	-13.414114
2400	3.9258158
2401	2.7302873
2402	4.055432
2403	20.965202
2404	6.445308
2405	-13.786431
2406	25.504366
2407	5.173299
2408	-12.571775
2409	4.0554237
2410	-13.414516
2412	-5.0923104
2413	26.494215
2414	-8.081404
2415	7.7189364
2416	-13.786642
2418	11.788987
2419	28.101503
2420	6.48039
2421	-5.0972013
2422	-16.98604
2423	12.37795
2424	-13.414515
2425	-8.858097
2426	21.707241
2427	4.383187
2428	-9.350446
2429	-18.138355
2430	4.376142
2431	-13.786703
2432	-15.88055
2434	22.169935
2436	-7.187161
2437	7.4118037
2438	-7.526028
2439	4.973947
2440	-15.480218
2441	-7.5404243
2442	7.534073
2443	-15.127697
2444	-11.257314
2445	3.7421315
2446	4.393678
2448	-7.5255566
2449	28.648283
2451	-1.0956093
2452	5.1763864
2453	5.666131
2454	23.337397
2455	1.3611358
2456	-7.5606365
2457	-1.6883106
2458	4.8396215
2459	7.1460123
2460	-8.114652
2461	0.96110386
2462	12.124194
2463	1.7429087
2465	8.587027
2466	5.429971
2467	-13.414515
2468	24.33207
2469	-7.555245
2470	30.803288
2471	2.390033
2472	5.093441
2474	-3.5103807
2475	-1.7882816
2476	-5.816762
2478	6.5574503
2479	4.3939223
2480	-13.786689
2481	-13.414515
2482	1.7871392
2483	5.7476263
2484	4.868238
2485	14.943689
2486	17.616577
2487	6.639414
2488	-13.414552
2489	13.79835
2490	11.975206
2491	12.430306
2492	-9.407787
2493	3.304483
2494	12.266319
2495	-1.4967535
2496	-14.693623
2497	4.0555873
2498	5.546022
2500	11.890763
2501	17.725979
2506	-5.270634
2507	4.996626
2508	6.242298
2510	7.515692
2511	-0.67314386
2512	-13.779738
2513	21.70698
2514	7.492101
2515	-13.414105
2516	-7.0480256
2517	-7.9238605
2518	5.615072
2519	-3.7704062
2520	5.373874
2521	-8.633443
2522	2.0533752
2523	18.445072
2524	2.872824
2526	8.123738
2527	7.016378
2528	-13.015484
2529	18.445072
2530	3.4202943
2531	4.8124185
2532	-7.526352
2533	4.799427
2534	5.5275373
2535	12.49096
2536	3.3110023
2537	-7.5402436
2538	8.930571
2539	3.0152538
2540	3.782892
2541	4.9155235
2542	-3.4718103
2543	-7.293882
2544	3.3017414
2545	-7.295225
2546	-5.9445777
2547	29.393726
2548	15.480648
2549	7.8768787
2550	2.2133992
2551	11.975206
2552	4.562848
2553	-15.88055
2554	-3.510484
2555	2.213789
2556	-3.353948
2557	-0.7962603
2558	-7.252958
2559	4.0563054
2560	-25.82304
2561	-7.560203
2562	-3.5036623
2563	4.9647512
2564	1.1479195
2565	12.37795
2566	21.525446
2567	5.730359
2568	-13.414515
2569	18.768955
2570	5.6269937
2571	9.669393
2572	5.565971
2573	8.810144
2574	27.133368
2575	-25.183702
2576	1.3984109
2577	-8.377068
2578	12.4228525
2579	-10.14175
2580	6.823868
2581	6.557429
2582	5.1998863
2583	4.708461
2584	7.4932184
2585	-2.2955182
2586	26.725878
2587	4.6215515
2588	-6.8277454
2589	-4.448099
2590	4.0517025
2591	-13.784418
2592	11.975206
2593	1.7545002
2594	-2.8780632
2595	-12.8119955
2596	24.33217
2597	-1.4113152
2598	-4.203098
2599	29.17038
2600	17.895536
2601	4.909924
2602	4.992633
2603	-13.414515
2605	-5.066526
2606	-2.9988484
2607	-13.785838
2608	-5.2699795
2609	3.2700076
2611	-13.415619
2612	5.197036
2613	7.6649876
2614	-1.9435308
2615	5.874247
2616	42.584564
2617	-13.96701
2620	24.332241
2622	12.37795
2623	6.557432
2624	-12.162467
2625	-3.9357388
2626	-7.5271864
2627	13.271332
2628	12.378227
2629	11.975206
2630	-13.784412
2631	20.964722
2632	-6.6449695
2633	9.674611
2634	-5.3433595
2635	0.31828594
2636	18.445072
2637	-7.9916334
2638	11.9779825
2639	20.964722
2640	13.219329
2641	7.49308
2642	-14.358793
2643	4.056317
2644	-13.414515
2645	-3.8810055
2646	8.56221
2647	20.965202
2648	5.696945
2649	-5.089398
2650	-13.79519
2651	28.651295
2652	-13.015424
2653	2.2149754
2654	3.316054
2655	-7.4600744
2656	18.445095
2657	6.187488
2658	8.914629
2659	12.237364
2660	19.426622
2661	27.636087
2662	3.8464985
2663	3.1027627
2664	2.696075
2666	-17.462172
2667	20.964722
2668	-6.6887574
2669	-0.0010602081
2670	-13.030227
2671	-12.205839
2672	-12.394342
2673	18.445072
2674	5.6507115
2675	1.4952028
2676	14.245079
2677	6.5005417
2678	31.367807
2679	13.981428
2681	-11.715843
2682	5.565739
2683	2.699378
2685	12.372374
2686	18.126444
2687	7.4510818
2688	11.414037
2689	20.964722
2690	5.118398
2691	12.351887
2692	4.046743
2693	19.07736
2694	10.52999
2695	-3.4399068
2696	4.394321
2697	5.955121
2698	-5.0946345
2700	-13.4141
2701	-4.690647
2702	6.557228
2703	0.11305788
2705	7.4906235
2706	4.8389773
2707	7.849549
2708	-0.1723003
2709	-72.38433
2712	12.088201
2713	17.50626
2714	4.974188
2715	5.2593846
2716	13.176634
2717	-13.0192
2718	-3.5103886
2719	12.572707
2721	-3.7795231
2722	12.853367
2723	5.4443374
2724	1.9207067
2725	24.933428
2726	-14.860989
2727	5.3021607
2728	0.5805498
2729	-13.016027
2730	10.689692
2731	7.5569897
2732	4.9772253
2733	-3.1813655
2734	7.537038
2735	0.67283624
2736	6.4253473
2737	5.566467
2738	-15.88055
2739	4.4096227
2741	7.6097927
2742	-13.786665
2743	14.487384
2745	26.197828
2746	2.709312
2747	-11.276875
2748	-19.845303
2749	-76.29036
2750	-13.908878
2752	27.066553
2753	-5.270646
2755	8.973366
2756	-2.7928343
2757	-2.9016654
2758	6.2868505
2759	6.9085603
2760	-13.900621
2761	-2.886851
2762	7.1366277
2763	4.407
2765	12.132754
2766	1.1479124
2767	17.725739
2768	5.5054765
2769	7.4917474
2771	-6.4179783
2772	-13.784414
2773	-8.00344
2774	26.486998
2775	18.445095
2777	-27.386213
2778	-4.140386
2779	-13.414515
2780	-3.7654872
2782	2.3334012
2783	13.518649
2785	4.2248693
2786	1.1479195
2787	7.4919186
2788	5.1711054
2789	12.777704
2790	5.028657
2791	5.3021636
2792	-13.414533
2793	2.1856983
2795	6.9305277
2796	24.488352
2797	18.445072
2798	20.838764
2799	-1.174218
2800	31.578205
2801	2.6936083
2802	31.661417
2803	-5.807893
2805	19.980951
2806	20.648085
2807	12.569869
2808	11.975206
2809	3.7540953
2810	-15.4907
2811	8.926805
2812	2.11483
2813	10.803833
2815	1.055499
2816	14.049377
2817	21.707249
2818	-9.8294115
2819	-12.30193
2820	6.7087874
2821	7.1822166
2822	20.060968
2823	3.1903992
2824	-9.751577
2825	11.1661825
2826	28.264719
2827	-12.468411
2828	-1.9300619
2829	-14.851406
2830	18.445072
2831	5.564764
2832	4.973947
2833	5.542829
2835	7.7617702
2836	27.185125
2837	4.801004
2838	-6.74054
2839	12.488148
2840	5.671631
2841	-0.67317235
2842	6.5065603
2843	-7.542295
2845	-0.27938792
2846	1.1479204
2847	-5.1374087
2848	24.300873
2849	8.581877
2850	5.0383563
2851	5.642681
2852	-30.711615
2853	16.887875
2855	26.240988
2856	10.379476
2857	13.356348
2858	5.290769
2859	5.0132284
2860	7.471401
2861	-13.988605
2862	42.871914
2863	-4.0949054
2864	4.559865
2865	-13.414515
2866	-5.0859537
2867	4.3991923
2868	-5.800923
2869	-14.400966
2870	-1.8913654
2871	4.5009317
2872	9.185936
2873	-0.018339438
2875	9.073738
2876	-6.8598847
2877	-5.636769
2878	-5.90397
2879	-4.3269114
2880	9.478978
2881	-15.88055
2882	1.5464431
2883	14.517523
2884	2.693533
2885	1.7675211
2886	4.9612713
2887	-73.446915
2888	-4.8828983
2889	-0.87381256
2890	8.934531
2891	0.6742244
2892	-6.9513187
2893	5.789473
2895	-6.0162573
2896	-8.02202
2897	-7.5606966
2898	13.220067
2899	5.0502877
2900	-0.8521584
2901	6.438282
2902	5.743124
2903	7.0010047
2905	-13.786633
2906	6.557522
2907	-13.786676
2908	13.384821
2909	-3.330369
2910	15.01918
2911	-13.015471
2912	-5.2494707
2913	4.056106
2915	-9.70052
2916	-7.3284826
2917	32.215855
2918	-94.71359
2919	-10.52293
2920	0.9152269
2921	-1.1920137
2922	7.6129646
2923	5.688679
2925	5.396268
2926	11.886752
2927	-24.60448
2928	-25.004572
2929	6.557333
2930	4.2728696
2931	4.509237
2932	-7.5350895
2933	22.789457
2935	4.6636004
2936	37.44865
2937	8.496554
2938	-3.5574806
2939	18.445068
2940	-0.9227917
2941	12.572328
2942	40.916245
2943	5.612088
2945	-6.1577744
2946	42.649597
2947	3.080795
2948	13.038348
2949	25.710089
2950	11.411832
2951	29.341022
2952	-13.414107
2953	-5.2698345
2955	-7.3514366
2956	-5.094812
2957	18.741968
2958	21.692757
2959	-50.720066
2960	4.3982906
2961	-3.4866455
2962	17.687902
2963	31.853518
2965	5.312653
2966	12.489429
2967	29.757053
2968	-102.97566
2969	46.295135
2970	3.310883
2971	2.287406
2972	8.918785
2973	-5.006299
2975	-7.3456497
2976	-7.575754
2977	-14.97887
2978	4.3182034
2979	-13.414107
2980	13.152435
2981	-3.3263495
2982	-13.786633
2983	13.32842
2984	-2.7160757
2985	4.056266
2986	5.660933
2987	-12.480651
2988	5.189746
2989	5.288298
2990	5.6246376
2991	5.460911
2992	-0.09278147
2993	4.973947
2995	-5.096214
2996	1.1479195
2997	4.197173
2998	0.7991873
2999	-4.2369056
3000	-0.28493756
3001	-14.358793
3002	-3.5103812
3003	27.094088
3004	7.4852643
3005	5.799923
3006	-2.9123192
3007	5.342372
3008	-5.7186375
3009	-11.367503
3010	3.9696352
3011	22.510883
3012	2.7775621
3013	6.5574703
3015	-13.054627
3016	-5.812775
3017	-2.0733123
3018	31.816345
3019	8.796784
3020	-13.414515
3021	-7.557915
3022	5.3688693
3023	8.73249
3025	-13.414566
3026	-13.414107
3027	8.958674
3028	4.447403
3029	12.5796
3030	5.15393
3031	4.056351
3032	10.414923
3033	-11.000906
3035	6.815309
3036	12.436503
3037	34.204197
3038	1.0394143
3039	5.7669177
3040	-5.5919223
3041	-6.0959167
3042	7.4676485
3043	-5.105701
3816	12.465816
300001	5.620963
300002	2.213788
300003	4.973947
300004	12.37795
300005	-13.420616
300006	11.975206
300007	-5.0916142
300008	-9.636308
300009	-5.714119
300010	0.5647556
300011	-13.414104
300012	-6.96544
300013	-15.239507
300014	-2.9450638
300015	3.0078797
300016	-13.413448
300017	-6.835003
300018	-13.784412
300019	-0.12040728
300020	-13.784418
300021	-7.043844
300022	2.7741005
300024	6.274498
300025	-7.5492334
300026	-13.414513
300027	-14.719273
300029	11.975206
300030	18.445072
300031	4.0062585
300032	-13.786048
300033	11.715474
300034	4.0391107
300035	6.562882
300036	2.2137878
300037	-5.0929413
300039	-6.2265854
300040	-3.890377
300041	-13.934585
300042	-7.5421953
300043	-13.414534
300044	-13.414515
300045	-34.340557
300046	3.620139
300047	-13.414518
300048	-3.0725615
300049	-75.89424
300050	-18.338663
300051	-7.525508
300052	-0.013565184
300053	-13.414106
300054	6.370649
300055	2.212316
300056	7.148927
300057	15.78649
300058	-5.089408
300059	-5.3703895
300061	-10.675387
300062	-4.924291
300063	-13.015432
300065	-12.567731
300066	-13.414109
300067	5.302223
300068	4.0919
300069	9.673711
300070	4.056349
300071	-13.786431
300072	-13.414099
300073	-2.6557426
300074	-13.343456
300075	1.7503557
300076	-13.01541
300077	-14.860989
300078	-13.414107
300079	-10.421465
300080	12.091029
300081	-9.628599
300082	-12.468067
300083	-15.8802
300084	-10.536848
300085	-13.414515
300086	12.083166
300087	4.425516
300088	-7.5255136
300091	11.975206
300092	-7.5425816
300093	1.039
300094	11.975206
300095	-1.4665269
300096	-13.786574
300097	17.77762
300098	-7.5606513
300099	-13.414515
300100	-6.050315
300101	-5.7218227
300102	11.715474
300103	0.093050174
300105	0.27753645
300106	17.622992
300107	7.1940727
300108	-13.015404
300109	-7.5388427
300110	12.378227
300111	18.127884
300112	-12.770189
300113	-15.8805685
300114	5.6337075
300115	-2.1839225
300117	-2.6629758
300118	5.696935
300119	7.715601
300120	14.32147
300121	4.3679495
300122	4.973946
300123	1.7723494
300124	5.1636534
300125	12.378182
300126	12.378226
300127	4.05635
300128	-14.860673
300129	11.715474
300130	-3.3245025
300131	-13.015389
300132	-13.786682
300133	-35.373104
300134	-13.786541
300135	-3.5102031
300136	-2.3947444
300137	-3.4241233
300138	4.8218827
300139	-9.18326
300140	-3.7958329
300141	4.9357004
300142	5.281195
300143	7.4933047
300144	-0.10628156
300145	-11.1851
300146	4.835355
300147	-13.415579
300148	16.706654
300149	-13.786383
300150	-13.785838
300151	-8.072729
300152	-13.786338
300153	5.3822694
300154	10.096305
300155	0.20574632
300157	-13.015401
300158	-13.786642
300159	-13.414107
300160	5.565821
300161	-13.414516
300162	-7.580386
300163	24.332237
300164	-13.786499
300165	12.378227
300166	-2.3012342
300167	8.907223
300168	-13.415645
300169	18.445072
300170	-7.6062436
300171	4.893543
300172	-5.0947046
300173	52.903202
300174	-4.1562524
300175	7.5883436
300176	1.4577775
300177	-3.668941
300179	5.5269437
300180	-12.927856
300181	18.292814
300182	-13.414515
300183	-12.467131
300184	-15.88069
300185	12.088215
300187	-13.414107
300188	-61.735165
300189	-13.786338
300190	2.6488528
300191	5.5257344
300192	-13.971727
300193	6.7468834
300194	-13.78588
300195	8.926805
300196	-94.66843
300197	-7.9526033
300198	-13.015404
300199	-7.0343246
300200	2.8854828
300201	3.3105624
300203	-13.7866745
300204	-13.414515
300205	-2.2280989
300206	-7.8118377
300207	-13.966588
300208	9.112809
300209	20.964722
300210	6.9111133
300211	-13.41383
300212	4.973947
300213	-13.414515
300214	-8.827508
300215	-7.5255313
300217	-7.6964674
300218	7.32449
300219	-11.684594
300220	5.4440413
300221	24.310282
300222	-14.860989
300223	4.973947
300224	4.056224
300225	6.383097
300226	5.547708
300227	9.8664875
300228	-15.88055
300229	-6.576121
300230	-2.1895854
300231	-5.0551515
300232	12.605039
300233	7.5192347
300234	7.1999774
300235	-5.094636
300236	5.2666826
300237	-13.015421
300238	-7.9956174
300239	-2.0878842
300240	17.619862
300241	20.964722
300242	-13.785838
300243	3.3105042
300244	4.056351
300245	7.7974353
300246	-13.414518
300247	-13.784422
300248	-13.414107
300249	-7.8186116
300250	0.9320665
300251	6.388899
300252	-13.414515
300253	7.38863
300254	-13.786421
300255	0.545114
300256	-13.785838
300257	4.977941
300258	3.189437
300259	-13.414515
300260	-76.500244
300261	-14.860673
300263	11.713559
300264	32.71048
300265	9.915138
300266	-13.786574
300267	-13.784414
300268	7.492746
300269	-13.0155735
300270	3.6742895
300271	-5.603442
300272	-3.5103939
300274	-13.414515
300275	-13.414103
300276	-15.88055
300277	-7.8190084
300278	-15.239535
300279	0.57425785
300280	-13.397288
300281	-13.786299
300283	6.903016
300284	6.52283
300285	4.973949
300286	4.826706
300287	-13.786338
300288	-13.414515
300289	11.975872
300290	8.585892
300291	-13.414107
300292	-2.9524717
300293	-14.860673
300294	-3.2673059
300295	-12.147107
300296	-15.373211
300298	-14.8671
300299	-13.159628
300300	9.192919
300301	-3.7772853
300302	-14.860989
300303	4.3910294
300304	4.0555344
300305	-1.0218389
300306	10.25492
300307	16.349987
300308	-5.6582794
300310	-13.942955
300311	-0.28030652
300313	0.27449855
300314	3.3183131
300315	-8.865099
300316	4.973947
300317	4.7825503
300318	-13.414107
300319	-6.3380404
300320	5.1760883
300321	7.6128826
300322	-13.414608
300323	2.5596976
300324	-17.306807
300326	-10.38601
300327	3.3119385
300328	14.356351
300329	2.547066
300331	4.956589
300332	-2.2913544
300333	10.286949
300334	-13.015419
300335	18.445072
300337	4.0176754
300338	12.37821
300339	-6.7451854
300340	-15.239535
300341	-13.833303
300342	-5.092602
300343	5.501182
300344	-3.510274
300345	-13.786687
300346	3.3132129
300347	-10.386027
300348	-1.490229
300349	0.3611411
300350	10.4580345
300351	5.6334753
300352	-14.860967
300353	-13.493788
300354	-29.217745
300355	-13.784866
300357	-4.8174596
300358	-5.0946355
300359	-14.643934
300360	-0.40192258
300363	-13.215328
300364	0.85245615
300365	-13.974438
300366	-5.09465
300368	13.251737
300369	-5.094302
300370	-13.786599
300371	-6.412732
300373	4.9741817
300374	5.2062097
300375	-38.40771
300376	-15.009657
300377	-13.366757
300378	-13.946882
300379	-12.866331
300380	-14.860989
300381	-7.5401645
300382	-4.253426
300383	-7.3832664
300384	-10.050821
300385	-13.786208
300386	-7.8551965
300387	11.4212055
300388	-7.807423
300389	5.0502753
300390	-6.645768
300391	0.47113436
300393	3.8672223
300394	-7.558746
300395	-28.011934
300396	-7.5586
300397	5.520546
300398	4.971756
300399	-13.015642
300400	-15.8805685
300401	-1.3750684
300402	4.3893156
300403	-15.88055
300404	-4.416081
300405	-13.786059
300406	-0.97562844
300407	-13.414107
300408	-0.4841863
300409	-5.094634
300410	-13.784412
300411	-16.129719
300412	-13.015404
300413	-5.0945053
300414	-13.784419
300415	-8.913962
300416	-2.200029
300417	-3.4152148
300418	-6.9786963
300419	-7.97295
300420	6.712951
300421	-15.143529
300422	-0.38189393
300423	20.647726
300424	-13.785476
300425	-9.820149
300426	-13.414107
300427	4.042309
300428	5.145833
300429	-24.342352
300430	-2.8124826
300432	-6.766527
300433	0.89621264
300434	-3.5105035
300435	5.566802
300436	-13.411483
300437	-5.907221
300438	2.3552892
300439	4.3801837
300440	41.771626
300441	-14.860989
300442	-2.5451384
300443	-14.046871
300444	4.766767
300445	3.3105202
300446	-13.414107
300447	-5.094634
300448	-13.934758
300449	13.348108
300450	4.053627
300451	-7.484691
300452	11.715738
300453	-3.1467597
300454	-48.730278
300455	2.675968
300456	-15.88055
300457	-1.9941913
300458	-16.236593
300459	-13.414072
300460	6.4149175
300461	-18.52455
300462	4.201657
300463	-13.414105
300464	9.1137705
300465	6.356291
300466	-13.58256
300467	-12.484977
300468	-12.484889
300469	-2.787127
300470	5.31286
300471	-13.023654
300472	21.102701
300473	9.13608
300474	4.0481935
300475	6.3457747
300476	0.38999525
300477	2.2719593
300478	11.661228
300479	-1.4490407
300480	-6.5968356
300481	4.056153
300482	3.9101834
300483	-3.4316268
300484	-12.008098
300485	-13.786682
300486	33.017906
300487	-5.268734
300488	2.6226792
300489	-1.7783505
300490	-13.015412
300491	7.4932537
300492	4.6600723
300493	-15.479669
300494	-12.474373
300496	-4.1513424
300497	5.0604815
300498	4.9752784
300499	-7.042881
300500	-0.74181646
300501	-17.932861
300502	1.7430078
300503	-13.971512
300504	9.680544
300505	-4.973711
300506	14.716909
300507	7.3723745
300508	-14.860989
300509	18.445072
300510	-5.524782
300511	10.04351
300512	11.752399
300513	15.458709
300514	9.324154
300515	-4.1810026
300516	-13.414631
300517	9.732171
300518	18.731524
300519	-13.786499
300520	2.4232056
300521	17.049803
300522	5.5361676
300523	-29.4663
300525	-5.974577
300527	-13.786731
300528	12.377914
300529	-10.163289
300530	6.98268
300531	-12.957324
300532	-12.46811
300533	-13.41022
300534	-3.3159225
300535	27.191494
300536	14.24429
300537	16.540598
300538	3.910187
300539	20.964722
300540	2.8872302
300541	-3.5104556
300542	-5.093215
300543	-15.88055
300545	-7.5185
300546	-3.4752731
300547	3.3114278
300548	-7.5374045
300549	0.6601532
300550	-13.786676
300551	-13.785838
300552	-2.7884996
300553	6.6820116
300554	-0.62333715
300555	-10.26874
300556	9.145675
300557	6.5380545
300558	-15.4796505
300559	-6.3157425
300560	8.869634
300561	-11.582831
300562	8.894185
300563	-4.2913055
300564	11.975206
300565	-13.785093
300566	-14.860998
300567	4.0445952
300568	4.275638
300569	11.714778
300570	0.118835665
300571	-7.5158496
300572	-13.414107
300573	2.061029
300575	-3.3079705
300576	5.662845
300577	-7.040833
300578	13.193166
300579	4.04829
300580	-7.809416
300581	-5.094636
300582	22.955168
300583	12.378227
300584	-13.414107
300585	-16.270924
300586	-11.026968
300587	5.85432
300588	8.928899
300589	-7.714788
300590	4.0563145
300591	11.812847
300592	-13.784418
300593	9.646803
300594	-13.786541
300595	4.010661
300596	6.5457463
300597	17.962807
300598	-1.0286138
300599	10.762389
300600	12.37761
300601	4.0488315
300602	-13.817925
300603	11.975206
300604	5.65348
300605	33.04948
300606	3.6039796
300607	-22.21199
300608	-8.037206
300609	-19.845297
300610	16.626194
300611	31.49072
300612	6.4750857
300613	-13.414515
300614	-3.8224041
300615	-13.016029
300616	0.85823894
300617	-0.20142004
300618	-77.29425
300619	2.4262578
300620	1.6331687
300621	12.429944
300622	-13.424053
300623	-2.8344266
300624	-25.87217
300625	1.7403175
300626	2.4244905
300627	-1.0630561
300628	-7.056781
300629	-3.5749958
300630	-6.4017134
300631	4.407131
300632	13.347952
300633	5.1149354
300634	5.4750485
300635	8.400848
300636	4.449177
300637	33.051666
300638	4.0560865
300639	-13.414608
300640	8.923671
300641	-84.42877
300642	-13.414107
300643	10.130681
300644	6.907696
300645	13.996577
300647	20.964722
300648	-5.733465
300649	31.657576
300650	7.426552
300651	4.129823
300652	33.63766
300653	-9.610533
300654	5.926081
300655	-26.152237
300656	-13.414515
300657	-7.1651416
300658	7.926877
300659	-10.455431
300660	14.583629
300661	5.031019
300662	5.302175
300663	3.0906255
300664	14.411609
300665	-8.858106
300666	4.044606
300667	8.925996
300668	-5.3709855
300669	0.051912572
300670	7.612856
300671	5.638992
300672	4.77953
300673	2.1932023
300674	9.41092
300675	-13.7836075
300676	-12.01924
300677	-6.685284
300678	4.9739294
300679	5.272715
300680	-1.1321044
300681	-11.325776
300682	6.5557413
300683	-13.786684
300684	1.9820797
300685	6.091827
300686	14.369883
300687	5.1763735
300688	-3.2824116
300689	-13.428135
300690	-7.811018
300691	-5.094704
300692	4.3943014
300693	5.6256866
300694	-1.311184
300695	-12.647777
300696	4.038899
300697	7.4918804
300698	-2.575957
300699	-4.0106506
300700	8.56221
300701	-0.76105493
300702	3.3110037
300703	-2.8039112
300705	1.1283224
300706	7.0174003
300707	2.8342865
300708	-5.6243887
300709	-13.415071
300710	-5.3121085
300711	-0.29888055
300712	-43.062057
300713	-13.414092
300715	-0.3076544
300716	-13.01541
300717	-3.9538708
300718	-15.8805685
300719	7.490083
300720	-15.88055
300721	12.196969
300722	-13.414515
300723	-7.1520123
300724	-91.37616
300725	3.3100197
300726	13.212325
300727	-6.2215304
300729	-3.268151
300730	-15.018843
300731	15.055091
300732	5.5083594
300733	11.970047
300735	-5.8678155
300736	10.428501
300737	-3.6431198
300738	1.4189479
300739	6.3407283
300740	5.302194
300741	11.870419
300743	-0.018817047
300745	7.460306
300746	10.550819
300747	3.3108563
300748	5.6906285
300749	12.281946
300750	-5.6616263
300751	4.973947
300752	-6.703305
300753	11.940274
300755	6.557462
300756	3.3110037
300757	2.7293694
300758	4.7791433
300759	-13.414513
300760	-0.036983628
300761	4.45253
300762	-6.3044734
300763	-13.414515
300765	-13.964576
300766	16.348526
300767	4.8862796
300768	11.975206
300769	-93.37625
300770	-7.4204698
300771	10.339832
300772	11.877341
300773	8.012733
300774	20.964722
300775	-3.5104225
300776	5.6457634
300777	1.9368763
300778	-1.7591556
300779	-2.9613936
300780	7.3022313
300781	3.3077173
300782	4.973947
300783	27.172867
300785	-7.525389
300786	5.697727
300787	3.6788998
300788	19.06825
300789	-7.2647767
300790	-7.560631
300791	-13.309456
300792	-3.642892
300793	17.616562
300795	4.791674
300796	-0.2773904
300797	5.5755315
300798	7.1976357
300800	-18.117872
300801	8.866216
300802	-5.5265594
300803	-13.414097
300804	0.40372515
300805	-5.829108
300806	-11.0660925
300807	4.187896
300808	9.041136
300809	-14.860989
300810	8.914629
300811	-3.5489945
300812	-6.651507
300813	-3.26815
300814	4.4775934
300815	-14.860989
300816	-5.2700205
300817	-13.877561
300818	-44.10121
300819	-5.2745347
300820	-13.414516
300821	-5.6894345
300822	33.723354
300823	18.142357
300824	11.503914
300825	-3.0777652
300826	-5.3933144
300827	-13.414518
300828	21.020042
300829	-5.2700005
300830	31.748438
300831	-5.270579
300832	-7.046952
300833	-7.512224
300834	-3.269769
300835	6.5463
300836	-13.969831
300837	7.703839
300838	22.159628
300839	5.86376
300840	-5.270633
300841	6.2542233
300842	4.8136644
300843	4.772028
300844	-13.973256
300845	20.964722
300846	36.04716
300847	-6.543876
300848	-7.293602
300849	28.264729
300850	-13.414409
300851	-13.015401
300852	5.3128624
300853	-15.143529
300854	28.264624
300855	5.3128653
300856	4.973947
300857	-44.50957
300858	4.756604
300859	12.284574
300860	-15.88055
300861	6.8975954
300862	5.905275
300863	-13.877288
300864	-0.39938015
300865	5.3022075
300866	0.9152269
300867	14.479037
300868	17.901173
300869	-3.510385
300870	5.5243464
300871	6.5573897
300872	-7.975765
300873	-10.843568
300875	-13.106648
300876	5.3593993
300877	28.171484
300878	-13.783311
300879	13.91884
300880	14.450051
300881	4.776867
300882	6.728136
300883	36.277325
300884	18.445072
300885	4.3918767
300886	-12.295123
300887	1.5058213
300888	5.281171
300889	9.673932
300890	8.104066
300891	12.088076
300892	7.6128974
300893	3.7618785
300894	1.3712071
300895	-5.852432
300896	2.2127526
300897	-15.476101
300898	-5.2706313
300899	28.264729
300900	5.206822
300901	24.332241
300902	-2.4928324
300903	2.8086612
300904	1.893625
300905	-85.126686
300906	21.707214
300907	-5.2513394
300908	3.8981977
300909	4.7026772
300910	5.5879927
300911	7.1452856
300912	8.375856
300913	3.7064192
300915	1.4408906
300916	4.8134847
300917	-6.0297294
300918	1.5749936
300919	2.74157
300920	13.178316
300921	-13.413943
300922	-4.055494
300923	11.975206
300925	7.973295
300926	0.17592053
300927	-14.013721
300928	7.4918723
300929	11.41538
300930	9.894367
300931	28.26472
300932	17.8176
300933	22.366238
300935	1.7068264
300936	6.502124
300937	0.9234835
300938	4.803775
300939	10.446272
300940	17.145643
300941	17.737198
300942	0.35880995
300943	9.073741
300945	13.911707
300946	9.587621
300947	7.0272093
300948	14.282634
300949	-16.490166
300950	1.1042076
300951	-9.8187065
300952	11.9183655
300953	3.6024253
300955	2.4056692
300956	8.84086
300957	5.081038
300958	0.8980235
300959	-2.0784428
300960	12.305766
300961	18.445072
300962	5.516904
300963	20.216553
300964	-5.8077703
300965	-5.799665
300966	5.3973746
300967	-0.078675635
300968	20.226881
300969	6.3755016
300970	-13.015412
300971	13.220567
300972	-15.034165
300973	5.302158
300975	6.557601
300976	-7.865282
300977	-11.41736
300978	-1.8869609
300979	-9.148925
300980	7.1390486
300981	-13.786675
300982	-2.2919102
300983	9.191502
300984	6.8813143
300985	-15.034165
300986	11.954566
300987	11.567698
300988	-17.157413
300989	-13.414534
300990	6.017715
300991	6.816013
300992	1.8052158
300993	27.321346
300994	6.9674487
300995	6.218188
300996	-14.860989
300997	5.3578544
300998	5.3795123
300999	7.6745515
301000	2.835515
301001	9.14405
301002	9.249228
301003	4.056319
301004	5.2100496
301005	-5.603116
301006	-10.433318
301007	7.036894
301008	14.674263
301009	28.254736
301010	-13.015412
301011	30.871273
301012	4.7162457
301013	2.488393
301015	6.127023
301016	-13.015432
301017	-24.049511
301018	3.101875
301019	7.407193
301020	0.3869586
301021	11.9737
301022	7.4918547
301023	-10.689117
301024	-13.78443
301025	29.15334
301026	7.5709343
301027	31.651226
301028	36.43481
301029	6.3652964
301030	2.264854
301031	4.8196044
301032	28.079603
301033	-16.51137
301035	5.51957
301036	-13.785892
301037	3.77993
301038	-3.1514626
301039	-3.7927434
301040	-13.431837
301041	10.690613
301042	-6.6831827
301043	10.758212
301045	11.35163
301046	11.255913
301047	4.905736
301048	8.750088
301049	18.445072
301050	4.055411
301051	-7.558418
301052	-3.5101595
301053	1.1965227
301055	32.064075
301056	6.4098296
301057	-3.5108259
301058	-2.8671267
301059	-12.008242
301060	11.975206
301061	-6.633816
301062	11.097567
301063	-13.786213
301065	-13.786217
301066	-13.786502
301067	-6.6474004
301068	5.7767982
301069	5.780076
301070	-6.5779247
301071	4.05635
301072	5.8097754
301073	-7.7145433
301075	11.975206
301076	6.550962
301077	5.9107914
301078	7.425303
301079	11.975206
301080	-5.09206
301081	28.264957
301082	0.03045254
301083	5.6120872
301085	-0.9899128
301086	-13.886102
301087	-0.46269777
301088	-1.1741047
301089	-4.516326
301090	-6.29895
301091	-13.414534
301092	4.4515915
301093	18.159803
301095	5.145905
301096	4.7897534
301097	2.45957
301098	13.916805
301099	-20.278921
301100	8.914629
301101	-16.834782
301102	29.275927
301103	-3.958689
301105	-2.697908
301106	-7.6688247
301107	7.5682364
301108	6.5577374
301109	-3.4989712
301110	-7.5605183
301111	2.7313933
301112	10.046947
301113	11.975206
301115	-5.2394304
301116	2.0726995
301117	-13.786048
301118	12.821003
301119	7.4773984
301120	7.441765
301121	-7.5468125
301122	1.9281694
301123	17.886217
301125	15.847087
301126	-3.9754078
301127	-13.015473
301128	-7.8075366
301129	6.3385267
301130	-13.786048
301131	-1.6935433
301132	-6.607757
301133	3.616094
301135	-3.5789127
301136	8.5721445
301137	4.379719
301138	0.15881224
301139	32.28758
301141	5.6337156
301148	12.582762
301149	-5.2706423
301150	-0.005116748
301151	11.9752035
301152	25.58151
301153	3.3110023
301155	7.9091425
301156	7.613141
301157	-13.784426
301158	-3.51041
301159	4.7941275
301160	5.0317874
301161	4.319475
301162	4.8138075
301163	9.198381
301165	-5.185981
301166	-13.01541
301167	1.1098963
301168	-1.4587953
301169	-0.048816003
301170	0.8437514
301171	2.5515423
301172	7.8750496
301175	12.402314
301176	14.310434
301177	12.863916
301178	7.5687027
301179	4.973947
301180	-3.85618
301181	13.169413
301182	17.780031
301183	-7.0150733
301185	-1.1454916
301186	7.598338
301187	1.1507766
301188	6.7401156
301189	18.17161
301190	11.413908
301191	-0.27348304
301192	6.8193936
301193	4.8597803
301195	3.9543283
301196	7.301601
301197	5.5055156
301198	-2.9267783
301199	-3.884386
301200	-0.051599767
301201	-1.6027842
301202	7.477139
301203	-3.4914114
301205	3.3106875
301206	-5.5826077
301207	-2.7727923
301208	-13.245542
301209	20.232965
301210	1.7006133
301211	20.270838
301212	7.8333173
301213	-13.786048
301215	7.197593
301216	18.678701
301217	1.1537858
301218	-0.910425
301219	5.0336547
301220	5.6338935
301221	5.633133
301222	6.5544796
301223	7.3401384
301225	7.4918838
301226	-14.04962
301227	8.018191
301228	10.40067
301229	5.5136933
301230	4.5891485
301231	10.343561
301232	-13.414107
301233	-5.09465
301234	-4.448288
301235	20.177967
301236	0.042071015
301237	5.47411
301238	1.0167379
301239	7.25559
301246	7.490085
301248	-11.715429
301251	5.65657
301252	3.3110027
301255	-7.4335766
301256	13.93241
301257	-35.858814
301258	6.5560894
301259	-13.908308
301260	7.585551
301261	2.0149877
301262	-1.9015379
301263	-13.786696
301265	17.616577
301266	7.2000856
301267	3.9157112
301268	-4.208723
301269	3.2933986
301270	-14.358793
301272	5.2762575
301273	-3.5103924
301276	-1.8267496
301277	-1.9463689
301278	5.3128653
301279	7.591797
301280	-35.37721
301281	-3.124191
301282	17.833164
301283	-2.207528
301285	10.686782
301286	7.0937686
301287	4.3892655
301288	12.378227
301289	-0.5285031
301290	19.472761
301291	5.302194
301292	-0.0072457744
301293	5.25138
301295	8.379048
301296	27.653063
301297	3.9236538
301298	2.1969326
301299	4.814305
301300	5.835612
301301	6.6817436
301302	-13.78441
301303	7.0915756
301305	11.975206
301306	-6.7031436
301307	-6.1000953
301308	6.2525434
301309	7.492438
301310	-3.8070512
301311	-11.514972
301312	-10.499292
301313	17.537567
301314	-7.5259056
301315	8.869634
301316	20.964722
301317	9.436225
301318	-7.657101
301319	1.7429056
301320	0.57860965
301321	29.402092
301322	6.2519255
301323	4.3975573
301325	2.0634773
301326	1.5367526
301327	-13.414065
301328	-6.331554
301329	17.868097
301330	13.182854
301331	11.715474
301332	2.1108925
301333	-13.414515
301335	-13.4878235
301336	-4.4170227
301337	0.71438307
301338	4.935367
301339	12.989263
301345	6.546887
301348	6.5563273
301349	3.2144434
301353	6.051662
301355	3.03843
301356	1.3678668
301357	9.683598
301358	5.302158
301359	27.592066
301360	-2.4218295
301361	7.4870987
301362	-3.56542
301363	10.02173
301365	12.336021
301366	-13.817924
301367	-14.860989
301368	-11.754203
301369	-13.415071
301370	-2.835213
301371	7.4915466
301372	8.370606
301373	7.4917784
301376	-1.2531956
301377	4.3514667
301378	4.8128467
301379	0.3413362
301380	-8.0002
301381	5.22901
301382	14.34558
301383	-13.414107
301386	-12.341586
301387	-11.556968
301388	1.1479124
301389	-3.9882715
301390	7.49189
301391	3.9597352
301393	5.614251
301395	8.873102
301396	-4.8318057
301397	6.9836555
301398	-5.8492746
301399	-13.785838
301408	-28.091724
301413	0.06991656
301418	2.5451589
301419	10.185952
301421	-9.969929
301428	-0.11223309
301429	7.486449
301439	7.6129165
301446	-10.731343
301448	7.574621
301456	-2.6682446
301459	-7.603876
301468	-5.269995
301469	-4.381767
301486	1.382622
301487	1.0178071
301488	4.02313
301489	-2.6958888
301498	-6.321734
301499	7.4216957
301500	26.224548
301502	-8.138072
301503	30.979412
301505	8.16375
301507	4.8539677
301508	5.5353136
301509	5.6186976
301510	4.1312375
301511	-95.60791
301512	-10.735161
301515	5.9548254
301516	-17.330555
301517	0.33848482
301518	5.782212
301519	5.594593
301520	4.047711
301525	4.973947
301526	0.9515676
301528	2.9815888
301529	5.317281
301533	2.8108547
301536	-0.27024624
301538	-1.274751
301548	6.22734
301550	-13.015444
301555	5.5544863
301558	32.482414
301559	5.582268
301566	-9.153072
301567	-1.6617149
301568	19.024889
301577	-27.978674
301578	-14.988093
301587	-5.6466136
301588	8.562208
301589	4.0552707
301591	1.3831449
600000	-13.413781
600004	6.5574746
600006	-1.8688407
600007	5.5290446
600008	-13.786639
600009	6.676054
600010	11.2521515
600011	3.5848346
600012	-14.860998
600015	2.0711653
600016	-7.2686486
600017	19.29389
600018	12.355903
600019	1.6150709
600020	26.91197
600021	1.0385567
600022	18.411774
600023	-3.2971053
600025	-13.414105
600026	-13.786709
600027	7.8380136
600028	-15.480214
600029	28.920296
600030	-14.860985
600031	-0.82839864
600032	0.38343942
600033	3.9096437
600035	-5.282405
600036	-5.58712
600037	-10.38601
600038	4.913327
600039	9.220088
600048	4.448638
600050	23.277576
600051	4.4386215
600052	4.4026737
600053	-7.5204344
600054	7.383542
600055	-5.1026053
600056	-10.470545
600057	4.0554404
600058	6.376751
600059	4.282395
600060	-10.677037
600061	-13.414107
600062	-13.414515
600063	5.314359
600064	-13.409723
600066	-6.053759
600067	-13.414516
600070	17.50626
600071	1.9314157
600072	4.6837153
600073	11.976539
600075	11.423161
600076	4.0527096
600078	0.7628844
600079	-14.935295
600080	6.789556
600081	2.6980538
600082	-2.09452
600083	12.341838
600084	-14.860989
600085	2.3514564
600088	0.9961305
600089	3.564312
600094	17.955915
600095	27.072218
600096	-7.9550967
600097	-4.226155
600098	-1.2018297
600099	11.878644
600100	5.319483
600101	4.9631367
600103	9.959682
600104	7.751721
600105	-13.414515
600106	7.612951
600107	18.302837
600108	-3.5103734
600109	-7.808604
600110	-9.046029
600111	-12.932741
600113	-14.860989
600114	-18.710068
600115	-3.6499321
600116	3.5083413
600117	-19.81862
600118	-13.414515
600119	11.975206
600120	-13.409632
600121	14.136804
600123	4.9076138
600125	11.715474
600126	1.1479204
600127	-11.1787615
600128	11.997964
600129	-27.65481
600130	12.378226
600131	-13.415821
600132	5.1738863
600133	4.991853
600135	-13.786528
600136	17.894165
600137	28.264729
600138	6.409651
600141	1.8028829
600143	-13.414475
600148	-4.188628
600149	-7.379896
600150	-2.9187663
600151	-13.015484
600152	8.929304
600153	4.0554123
600155	18.445072
600156	11.975206
600157	-3.2892933
600158	4.055786
600159	-1.3562365
600160	4.1544523
600161	-3.6942291
600162	13.612207
600163	5.476307
600165	10.99709
600166	1.1539836
600167	-13.786709
600168	-0.033598516
600169	17.616581
600170	3.5388002
600171	-13.414608
600172	12.378227
600173	-13.322178
600176	5.1486382
600177	-17.306793
600178	7.7733946
600179	3.4383721
600180	1.4406562
600182	42.674168
600183	-1.3436065
600184	-13.786705
600185	4.048199
600186	-4.18266
600187	20.965202
600188	3.3112912
600189	11.882714
600190	10.32879
600191	-30.280565
600192	12.378227
600193	5.7443194
600195	-49.771164
600196	-13.409723
600197	3.6330054
600198	16.302275
600199	4.053995
600200	-3.7643032
600201	-13.233627
600202	12.385396
600203	8.2045765
600206	5.343294
600207	-9.541347
600208	8.940883
600210	-2.9187706
600211	-13.250625
600212	4.730906
600215	3.8498886
600216	-13.41022
600217	17.253174
600218	-16.09896
600219	4.6241217
600221	8.168865
600222	11.975206
600223	-3.1077976
600225	6.8153043
600226	-13.409723
600227	12.37795
600228	13.933996
600229	1.7061841
600230	-8.350082
600231	-13.786709
600232	4.0401716
600233	-15.880536
600234	9.365759
600235	15.566184
600236	7.41928
600237	-5.2686615
600238	5.3022075
600239	-1.6099892
600241	2.3314788
600243	11.975206
600246	-8.080736
600248	2.4026175
600249	28.264729
600250	11.975204
600251	6.9672456
600252	-13.414632
600255	-22.784147
600256	-7.540105
600257	4.0680885
600258	6.405101
600259	7.6156154
600261	11.714922
600262	-13.01541
600265	2.0101447
600266	8.923671
600267	-13.414516
600268	-6.8166137
600269	2.7401812
600271	-7.539275
600272	-13.015538
600273	-13.78668
600276	-15.64485
600278	-15.470563
600279	12.742443
600280	-13.1319
600281	28.40769
600282	5.314351
600283	3.9171293
600284	7.1482067
600285	3.336211
600287	3.878384
600288	-13.01544
600289	-2.9941256
600292	12.37795
600293	-12.315418
600295	8.249491
600298	-7.7151237
600299	-14.865939
600300	31.759033
600301	7.0014153
600302	24.316906
600303	-13.463612
600305	3.32267
600307	7.863577
600308	-7.0490613
600309	5.5725822
600310	-4.942055
600312	6.3530207
600313	-28.058115
600315	5.7002506
600316	-13.414107
600318	0.37064877
600319	27.005478
600320	-13.414515
600322	9.907852
600323	2.8861732
600325	3.077185
600326	-15.8805685
600327	0.087325394
600328	-13.414515
600329	4.973946
600330	-0.037453935
600331	5.169528
600332	2.1698718
600333	31.883047
600335	7.076203
600336	-13.786217
600337	-6.08851
600338	32.86087
600339	-4.4481006
600340	23.237011
600343	-13.3825035
600345	7.480029
600346	0.3013138
600348	-10.072853
600350	2.7237797
600351	-5.094625
600352	6.6887283
600353	2.6935284
600354	-1.7046623
600355	11.975206
600356	-13.067116
600358	20.964722
600359	22.090212
600360	-13.786431
600361	10.115315
600362	-3.2756212
600363	4.974882
600365	1.1483812
600366	0.13041222
600367	4.0514736
600368	21.707214
600369	18.445072
600370	16.423876
600371	2.9807587
600372	-7.9314775
600373	-6.2946486
600375	4.6173215
600376	-4.448103
600377	-12.465873
600378	-1.3076305
600379	9.943528
600380	-7.807463
600381	9.607645
600382	5.211892
600383	-13.414518
600386	11.240852
600387	12.371632
600388	8.355009
600389	6.259516
600390	6.4583907
600391	-5.094636
600392	6.1925416
600395	2.1714294
600396	7.3195143
600397	18.445072
600398	4.973947
600399	1.1452519
600400	13.412767
600403	-22.013254
600405	-0.4806007
600406	7.037853
600408	-5.2706313
600409	4.826656
600410	-7.9259987
600415	-16.520052
600416	-10.353837
600418	-14.860989
600419	6.527207
600420	-6.8801136
600421	4.4052052
600422	4.8505526
600423	22.801443
600425	27.11402
600426	4.0563135
600428	2.7711287
600429	9.990395
600433	13.932478
600435	-15.4796505
600436	7.236763
600438	-13.414513
600439	-5.094636
600444	-1.4667656
600446	-13.873604
600448	17.605223
600449	-5.707533
600452	3.8015363
600455	18.411774
600456	24.396948
600458	2.7303116
600459	-2.3221748
600460	-13.414107
600461	2.2144706
600462	17.40626
600463	-13.015424
600467	-4.4481215
600468	3.879134
600469	5.2876973
600470	42.252495
600475	-3.9309728
600476	1.0107709
600477	3.5368264
600478	4.815516
600479	-10.386013
600480	4.3985076
600481	5.725508
600482	-12.121674
600483	6.2424693
600486	4.9747663
600487	-30.37321
600488	-13.786711
600489	-40.710663
600490	7.6128683
600491	-13.784416
600493	-0.33010146
600495	-13.784466
600496	2.5551167
600497	5.0761714
600498	2.7402527
600499	7.4388857
600500	-4.6601853
600501	-10.604864
600502	2.1905448
600503	-1.3421569
600505	6.7904205
600506	7.579526
600507	3.1832395
600508	4.8000197
600509	4.772022
600510	-2.0923047
600511	-13.411523
600512	-13.786711
600513	-5.094636
600515	8.930924
600516	12.644856
600517	-5.093006
600518	4.0558987
600519	-7.674592
600520	-15.8805685
600521	-8.045438
600522	4.0563126
600523	31.879295
600525	2.191329
600526	7.4180713
600527	-7.60851
600528	-7.5749726
600529	-2.2718432
600530	11.975206
600531	6.460391
600533	10.008774
600535	-13.414515
600536	-13.210215
600537	-5.736355
600538	-3.7960021
600539	11.757711
600540	-1.2137411
600543	17.970774
600545	26.720837
600546	4.973947
600547	-15.479649
600548	-13.372432
600549	1.0395597
600550	-3.7969935
600551	18.237705
600552	-13.49366
600556	12.324419
600557	-26.062078
600558	-1.3131042
600559	-12.900202
600560	3.3104498
600561	-13.427355
600562	-10.982147
600563	-1.578669
600566	-11.229213
600567	25.046053
600568	21.154259
600569	4.6030784
600570	4.0471077
600571	6.2024384
600572	-7.328143
600573	8.930215
600575	10.079142
600576	-13.784412
600577	-13.414534
600578	17.465017
600579	18.199116
600580	4.0562096
600581	12.925379
600582	3.3146129
600583	1.0449686
600584	-6.6783404
600585	4.9739733
600586	3.3110077
600587	9.677638
600588	5.0728045
600589	4.771155
600590	-0.6479248
600592	-13.015427
600593	7.1707163
600594	-13.414515
600595	-0.028665058
600596	-7.8115206
600597	3.601473
600598	-13.414515
600599	20.964722
600600	4.973947
600601	-7.524279
600602	4.973923
600603	4.8134885
600604	-13.414691
600605	-13.414515
600606	-5.3887334
600608	-13.960181
600609	-13.414515
600610	4.055419
600611	-13.969371
600612	6.7626495
600613	-7.808749
600615	-13.8572445
600616	-8.264851
600617	0.35218877
600618	3.7942348
600619	5.948655
600620	-5.3654056
600621	-13.41453
600622	6.377776
600623	-15.38975
600624	4.4985085
600626	-13.786465
600628	-14.860989
600629	6.423055
600630	7.615792
600633	-7.5421953
600635	-14.718548
600636	-15.4796505
600637	-14.860989
600638	-13.414609
600639	4.218678
600640	-15.073326
600641	4.8111196
600642	-14.257891
600643	-13.414599
600644	4.791674
600645	-5.094636
600648	-10.386027
600649	3.7606375
600650	-13.966601
600651	-7.049059
600653	-13.414513
600654	9.598971
600655	5.6372747
600657	6.704418
600658	-0.15764031
600660	-2.389584
600661	-14.046357
600662	-14.860989
600663	7.584212
600664	-13.786962
600665	9.732211
600666	-1.0436941
600667	7.491803
600668	-13.414515
600671	1.1479166
600673	6.699802
600674	5.542776
600675	5.3885612
600676	-13.970837
600678	-13.784418
600679	10.924145
600681	-10.30671
600682	-13.414515
600683	-62.754765
600684	-13.414515
600685	5.020911
600686	-13.414107
600688	8.930924
600689	12.203428
600690	3.3115726
600691	4.188439
600692	5.6920414
600693	-5.8084483
600694	8.58757
600696	-13.015401
600697	13.979658
600698	20.227146
600699	4.0541606
600702	5.174893
600703	3.780893
600704	-14.860456
600705	3.6192508
600706	14.375853
600707	-3.5676045
600708	2.1569521
600710	-13.414515
600711	-12.594092
600712	13.034778
600713	-7.807293
600714	-2.959204
600715	18.445072
600716	8.176823
600717	-8.523624
600718	4.7354774
600719	4.9212527
600720	2.69351
600721	11.975206
600722	-2.6429586
600724	-1.7075129
600725	17.779762
600726	0.83522135
600727	-8.771289
600728	-7.53512
600729	5.176937
600730	-13.785056
600731	-7.3100147
600732	3.703982
600733	4.7894425
600734	-13.01547
600735	-2.2589164
600736	-13.414225
600737	5.3194485
600738	7.477371
600739	0.4265071
600740	-0.97572595
600741	3.9589987
600742	-7.9171376
600743	-4.1389437
600744	5.2892528
600745	3.3076668
600746	-4.5896792
600748	30.211887
600749	-55.692814
600750	-7.6721296
600751	6.562608
600753	12.378227
600754	-15.480405
600755	2.712085
600756	3.7328148
600757	-13.414515
600758	17.618717
600759	8.559732
600760	8.192375
600761	0.9974035
600763	-13.414515
600764	-13.375385
600765	3.3110526
600768	-13.786499
600769	3.3532777
600770	-5.0937862
600771	5.3128486
600773	1.6973677
600774	4.045122
600775	9.342943
600776	-7.5606904
600777	-0.56520104
600778	20.964722
600779	5.312869
600780	-2.7902272
600782	4.039622
600783	12.515134
600784	-7.8072877
600785	4.056328
600787	11.153842
600789	9.073754
600790	4.9507394
600791	0.6685064
600792	33.113144
600793	8.27468
600794	-6.3461633
600795	7.027084
600796	4.056321
600797	-13.414515
600798	2.9053385
600800	12.558451
600801	-93.236755
600802	0.15318747
600803	5.4382324
600804	12.732989
600805	-24.603025
600807	22.78331
600808	4.2865686
600809	3.4444926
600810	-1.9558687
600811	12.368778
600812	11.975206
600814	-12.584063
600815	-13.786709
600816	4.056116
600817	-12.484889
600818	8.042432
600819	3.7433836
600820	-13.41132
600821	-13.786286
600822	7.5902286
600824	-13.414515
600825	-13.412648
600826	-9.692387
600827	-13.414515
600828	-13.784368
600829	0.58724165
600830	-13.414515
600831	2.5475051
600833	-14.860989
600834	-13.784308
600835	-13.414515
600837	-13.413781
600838	-14.860989
600839	-12.468331
600841	-13.78666
600843	-13.908875
600844	42.86309
600845	6.3926024
600846	-13.414107
600847	7.4337993
600848	5.2817154
600850	4.0562434
600851	-13.414515
600853	11.047373
600854	13.03817
600855	14.253193
600857	-1.75522
600858	10.572019
600859	-4.126415
600860	21.731945
600861	4.973947
600862	-7.547829
600863	3.3240225
600864	-7.6516223
600865	-7.8796177
600866	4.056193
600867	-15.012729
600868	-14.860989
600869	-15.4796505
600871	9.073748
600872	4.8853073
600873	-5.680882
600874	12.377919
600875	-25.900108
600876	6.661522
600877	5.7124314
600879	-13.414105
600880	-15.88055
600881	11.715474
600882	-2.9414585
600883	4.4381585
600884	5.696026
600885	6.6112785
600886	4.4208274
600887	4.7662506
600888	5.7240453
600889	2.753926
600892	-9.753645
600893	0.4781754
600894	-35.447815
600895	4.0446815
600897	0.8165646
600898	17.487635
600900	-12.141224
600901	-3.794151
600903	9.980744
600905	18.550257
600906	17.59261
600908	16.396435
600909	18.445072
600916	-5.2994876
600917	7.4626637
600918	12.35491
600919	3.956343
600925	28.623718
600926	-2.55495
600927	6.0606008
600928	11.975206
600929	-12.534636
600933	5.3021426
600935	8.025088
600936	31.003197
600938	-3.3035035
600939	9.852973
600941	-5.8912196
600955	7.484925
600956	-5.270657
600958	18.445072
600959	2.0170794
600960	-56.92117
600961	7.612959
600962	1.7330747
600963	-1.4047982
600965	-26.847675
600966	6.557462
600967	-13.414516
600968	15.794496
600969	-2.912777
600970	4.9085436
600971	5.303932
600973	13.978823
600975	-53.635227
600976	4.974844
600977	3.1244931
600979	-5.270632
600980	-6.777559
600981	3.309063
600982	-28.643744
600983	1.1479222
600984	15.110888
600985	3.86788
600986	-13.784412
600987	5.323072
600988	0.5142603
600989	21.841408
600990	-4.733331
600992	8.041094
600993	-13.414515
600995	-13.414513
600996	10.733343
600997	2.4569747
600998	4.3938446
600999	-14.0702305
601000	-13.414515
601001	5.7399735
601002	11.975206
601003	2.6881092
601005	42.901844
601006	10.731983
601007	43.208054
601008	13.092122
601009	-13.411658
601010	-24.539032
601011	12.35098
601012	5.6923885
601015	31.622133
601016	-13.352586
601018	9.675178
601019	9.073741
601020	13.689817
601021	9.261164
601022	-2.384917
601028	-14.803465
601033	6.0451646
601038	-0.30731645
601058	-7.5589104
601059	6.5588813
601061	46.019108
601065	-6.8843536
601066	24.332241
601068	15.040484
601069	4.5527315
601077	12.2713375
601083	-3.4068651
601086	31.26504
601088	-6.8283925
601089	1.8053898
601096	6.815146
601098	-2.3113933
601099	11.96843
601100	-5.092947
601101	3.3586125
601106	11.975206
601107	17.756283
601108	28.56855
601111	7.0425243
601113	31.353678
601116	42.222847
601117	1.0396825
601118	17.800917
601121	-5.2467337
601126	-15.171973
601127	11.166404
601128	6.323311
601133	1.0430813
601136	15.662021
601137	7.6111913
601138	-0.3121153
601139	2.0040882
601155	-13.021271
601156	9.077483
601158	12.377901
601162	18.445072
601163	10.028192
601166	-7.807109
601168	17.786549
601169	4.4394984
601177	11.969138
601179	-1.8879412
601186	-13.785335
601187	25.55981
601188	-14.852214
601198	18.476576
601199	-13.557299
601200	-13.786577
601208	8.169021
601211	9.691533
601212	27.59148
601216	-7.811152
601218	21.735262
601222	-15.88055
601225	-9.316155
601226	24.67081
601228	9.67509
601229	-9.889043
601231	-0.68127614
601233	5.1612544
601236	-0.24018975
601238	6.1284227
601279	5.838064
601288	9.112462
601298	4.395218
601311	6.5455093
601318	-12.433917
601319	21.269419
601326	12.35098
601328	23.935286
601330	21.707241
601333	18.445072
601336	1.9085734
601339	7.4900284
601360	7.3944697
601366	0.8421938
601368	31.876549
601369	-5.635184
601375	18.445072
601377	8.930924
601388	-1.8006825
601390	21.707088
601398	-13.753031
601399	21.689545
601456	10.64766
601500	7.197646
601512	32.236244
601515	3.6729565
601518	12.353117
601519	18.445072
601528	12.377948
601555	11.965006
601566	7.419222
601567	-2.97932
601568	18.875513
601577	28.707174
601579	-0.2345731
601588	11.975206
601595	3.1773567
601598	-2.682225
601599	17.89966
601600	2.4430056
601601	-13.414515
601606	11.874546
601607	-10.386027
601608	4.9103537
601609	1.1481155
601611	21.707214
601615	8.286253
601616	15.654593
601618	9.0737505
601619	-1.4964509
601628	-5.0933094
601633	4.652801
601636	-2.5140746
601658	29.72351
601665	17.616552
601666	4.469525
601668	6.4583907
601669	11.976539
601677	28.874472
601678	7.492199
601686	21.209476
601688	9.680262
601689	5.1729617
601696	31.592602
601698	-13.786709
601699	-1.0143591
601700	7.493994
601702	5.278695
601717	5.7351303
601718	21.400528
601727	6.698832
601728	28.68687
601766	-3.3391836
601777	12.945749
601778	11.995521
601788	18.445072
601789	-18.199244
601798	11.147309
601799	-0.270604
601800	-13.785823
601801	20.964722
601808	0.79896367
601811	20.964722
601816	24.332304
601818	11.8391285
601825	30.14517
601827	12.586105
601828	6.815317
601838	11.2591305
601857	-3.2660434
601858	4.476093
601860	34.88112
601865	-3.316336
601866	2.928393
601868	12.1955185
601869	-5.9657807
601872	-13.784412
601877	4.650447
601878	-13.784423
601880	4.0505185
601881	-13.786357
601882	-2.086076
601886	6.5574546
601888	0.5804036
601890	-5.685701
601898	11.975206
601899	-7.3284874
601900	42.780807
601901	-5.129194
601908	-4.1607256
601916	3.8804936
601918	-3.4538975
601919	10.802059
601921	0.99437946
601928	23.92948
601929	21.707214
601933	11.975206
601939	16.46335
601949	12.377948
601952	-13.784424
601956	33.024616
601958	6.5512886
601963	18.131582
601965	5.0173607
601966	-6.092579
601968	12.517255
601969	-4.6217785
601975	1.591166
601985	2.9442074
601988	-11.001074
601989	11.97183
601990	33.2675
601991	-5.261322
601992	-3.7002604
601995	14.510303
601996	13.804417
601997	12.571414
601998	3.961376
601999	9.136091
603000	3.3165622
603001	21.099905
603002	3.7040486
603003	7.3665805
603004	-22.80646
603005	-49.82603
603006	18.354914
603007	24.313189
603008	14.783242
603009	-7.144116
603010	5.515299
603011	2.9791706
603012	16.592064
603013	-0.019366955
603015	0.5399439
603016	11.533284
603017	4.0560884
603018	3.9104295
603019	5.6508503
603020	6.6848016
603021	11.975206
603022	-5.270636
603023	2.0247743
603025	3.2939959
603026	4.6909285
603027	-7.1418953
603028	11.975206
603029	-6.6051097
603030	1.5464666
603031	4.670443
603032	27.488245
603033	7.7763395
603035	7.4917464
603036	27.62002
603037	-7.5606923
603038	14.484229
603039	5.527944
603040	-1.2078189
603041	12.413648
603042	17.900137
603043	7.4913464
603045	7.5568414
603048	11.236521
603050	-13.414515
603051	-0.004463704
603052	0.8967642
603053	8.5626
603055	12.271576
603056	-2.6583273
603057	-3.5106504
603058	1.1479222
603059	-4.448105
603060	12.895921
603061	-13.01717
603062	7.8120737
603063	0.75801206
603065	11.975206
603066	18.731617
603067	-1.1107078
603068	-5.2182217
603069	18.445072
603070	3.6741498
603071	6.5574274
603073	6.528584
603075	1.0180513
603076	7.4917207
603077	4.980939
603078	-11.361918
603079	5.271736
603080	13.836193
603081	2.1928957
603082	-13.784423
603083	3.3105114
603085	17.78571
603086	-10.4217
603087	6.9172773
603088	-25.858084
603089	16.249668
603090	5.770428
603093	11.975206
603095	-5.770826
603096	3.420884
603097	4.1629653
603098	-3.8061798
603099	-20.078262
603100	5.222215
603101	17.824572
603102	-3.5103939
603103	1.3729722
603105	-2.4598804
603106	11.975206
603107	-3.1133316
603108	4.056351
603109	9.712161
603110	11.56888
603111	-12.429688
603112	4.394339
603113	6.8151517
603115	7.6126237
603116	14.010444
603117	8.508384
603118	14.657781
603119	-5.2409554
603121	-4.448219
603122	10.04099
603123	9.0737505
603125	6.557334
603126	-7.98256
603127	-13.414515
603128	32.529716
603129	4.804442
603130	-4.6447864
603131	-5.094636
603132	5.2900696
603135	-8.186058
603136	14.351316
603137	5.5458927
603138	-28.259794
603139	-21.50548
603150	5.0478644
603151	4.2689714
603153	-10.857584
603155	-0.033287413
603156	11.715938
603158	15.602374
603159	6.810861
603160	19.800425
603161	6.883283
603162	-6.0893993
603163	4.400542
603165	7.863251
603166	31.661303
603167	-5.270642
603168	-3.504394
603169	9.144043
603170	8.741199
603171	5.539995
603172	21.020405
603173	8.96393
603176	18.14484
603177	-5.1530905
603178	-9.7686
603179	4.973988
603180	4.038629
603181	8.090627
603182	15.720466
603183	11.414873
603185	-26.048864
603186	5.4497676
603187	4.793263
603188	11.975206
603189	-7.5419617
603190	3.9272697
603191	3.1629553
603192	21.414629
603193	17.785765
603195	-1.7520511
603196	12.378227
603197	3.3028648
603198	-4.6754165
603199	-15.880257
603200	4.166655
603201	5.288356
603203	5.57282
603206	5.96262
603208	22.69955
603209	0.85270065
603211	33.27407
603212	0.018130563
603213	-5.2706223
603214	5.7450647
603215	-13.015401
603216	31.882565
603217	0.32974342
603218	7.572815
603219	32.37356
603220	-0.27754483
603221	9.16854
603222	-25.53898
603223	-13.957051
603225	5.3375487
603226	3.6206293
603227	1.9444044
603228	22.70244
603229	-5.494014
603230	6.5763516
603231	7.491523
603232	-4.542937
603233	-0.47492456
603235	14.439557
603236	5.5258594
603237	0.8628371
603238	2.2014158
603239	5.613158
603255	-13.784419
603256	5.30279
603258	29.377115
603259	-7.80742
603260	5.491478
603261	6.156964
603266	13.262579
603267	-15.222687
603268	15.84017
603269	4.2388916
603270	1.1540501
603272	9.615285
603273	6.6778717
603275	4.567184
603276	14.532915
603277	14.689416
603278	12.315764
603279	7.5842147
603280	11.975206
603281	-5.5201383
603282	5.395231
603283	5.2973084
603286	10.0994005
603288	20.296648
603289	7.491808
603290	8.283112
603291	8.366657
603296	4.043556
603297	-16.960207
603298	1.7502449
603299	-2.8311403
603300	7.612773
603301	7.497338
603303	4.0791965
603305	6.547355
603306	4.0558143
603307	-6.2535076
603308	-11.064189
603309	8.640088
603311	18.075008
603312	-15.04634
603313	5.3526807
603315	-0.3980789
603316	21.707214
603317	6.202994
603318	4.8499956
603319	4.0559144
603320	8.8777895
603321	-5.3675184
603322	18.186445
603323	17.616552
603324	-13.414107
603325	4.0558453
603326	7.5956874
603327	10.185833
603328	-6.2831683
603329	7.602713
603330	9.136069
603331	-0.07409155
603332	7.4933605
603333	17.7258
603335	31.661915
603336	-13.015642
603337	6.2065487
603338	4.0559616
603339	12.964905
603341	-5.0969496
603344	-2.865042
603345	3.6744413
603348	4.3977714
603351	-5.0929875
603353	7.8092866
603355	-14.99429
603356	5.579218
603357	-5.269816
603358	-6.420556
603359	18.445072
603360	-15.88055
603363	-6.29895
603365	-1.1574801
603366	12.377914
603367	-3.8707275
603368	3.3106728
603369	3.6270595
603373	-3.5101635
603375	-13.415071
603377	11.973666
603378	-13.786499
603379	-21.898407
603380	17.89481
603383	4.929482
603385	12.572338
603386	-1.8894824
603387	5.5711994
603388	18.445072
603389	12.358639
603390	13.220067
603392	-14.860673
603393	-3.26815
603396	5.211174
603398	-12.804459
603399	18.178402
603408	5.582397
603416	-13.414516
603421	-1.1015147
603429	7.6152883
603439	7.4917355
603444	-14.860989
603456	-47.455967
603458	12.378227
603466	-8.977037
603477	8.56221
603486	3.3105485
603488	-13.786431
603489	14.085065
603496	5.0506387
603499	-13.786676
603500	8.534006
603501	-0.9433569
603505	2.71122
603506	-11.100111
603507	5.660069
603508	-13.414107
603511	6.557453
603515	6.060197
603516	5.0444784
603517	3.7971923
603518	8.581789
603519	7.1187925
603520	5.2059207
603527	-0.019122023
603528	8.401804
603529	4.4155693
603530	7.918315
603533	-2.8419273
603535	8.977605
603536	7.4917383
603538	15.7797
603551	2.4039483
603556	0.35285908
603557	11.975206
603558	-5.3871603
603559	20.965206
603565	-13.786709
603566	7.6101847
603567	14.4868
603568	5.209369
603569	-3.8798034
603577	5.7729115
603578	-2.8447108
603579	5.314677
603580	-13.414516
603583	3.311047
603585	-36.299183
603586	6.5429935
603587	28.264748
603588	0.91409695
603589	2.5605536
603590	5.794786
603595	7.6109514
603596	4.9768505
603598	3.7767942
603599	4.038673
603600	5.669962
603601	-8.000257
603602	-0.5493487
603605	7.410238
603606	6.290855
603607	10.844259
603608	17.487635
603609	5.1248145
603610	7.492106
603611	-1.0892575
603612	1.1479204
603613	4.0721116
603615	-13.274958
603616	17.618702
603617	7.612961
603618	9.09401
603619	9.407258
603626	29.429829
603628	-13.786499
603629	7.635056
603630	4.422352
603633	8.560839
603636	-35.977512
603637	38.683952
603638	2.105396
603639	4.3943467
603648	7.3082576
603650	7.4917393
603655	2.5452297
603656	19.352081
603657	26.799633
603658	5.31286
603659	2.0645323
603660	18.131926
603661	3.1539397
603662	-13.414533
603663	-6.752714
603665	8.56221
603666	-15.8805685
603667	17.842075
603668	31.672907
603669	7.485013
603676	11.975206
603677	2.6848783
603678	3.620268
603679	-2.6649067
603680	-3.1785533
603681	5.3106403
603682	-5.2605968
603683	7.6129465
603685	33.022137
603686	-13.784418
603687	5.4222355
603688	5.1672626
603689	5.9310656
603690	6.5574594
603693	5.3021417
603696	14.5634575
603697	18.18908
603698	11.961551
603699	-13.045691
603700	-11.239975
603701	-16.538656
603703	-13.414513
603706	5.2519484
603707	-5.087458
603708	-7.86187
603709	-0.6664058
603711	6.9931493
603712	11.975206
603713	4.5426908
603716	-9.272897
603717	8.479391
603718	-13.786697
603719	7.4919252
603721	-13.015401
603722	4.2143064
603725	-0.01862264
603726	14.475807
603727	5.2886386
603728	-7.047019
603729	32.486004
603730	5.537256
603733	3.9243863
603737	2.4105937
603738	-0.87965655
603739	-2.8660843
603755	-2.6657336
603757	7.55765
603758	0.7821321
603759	-4.384656
603766	20.967514
603767	5.0624576
603768	-3.5105143
603773	4.82405
603776	7.2668967
603777	-28.767338
603778	-3.1076102
603779	2.8407087
603786	2.4765491
603787	-5.26564
603788	7.4937663
603789	-1.0036998
603790	7.414018
603797	17.692242
603798	-13.231434
603799	-6.9368668
603800	-3.783831
603801	5.1071258
603803	33.597157
603806	-5.094636
603808	4.3938427
603809	-3.7645757
603810	14.27156
603811	-13.784404
603813	18.155397
603815	-5.689068
603816	-2.4054785
603817	4.836656
603818	7.1976504
603819	27.06327
603822	-13.786787
603823	-4.15768
603825	-13.534141
603826	-4.946655
603828	18.443567
603829	6.31854
603833	-0.6742817
603836	4.6891737
603838	1.0326357
603839	12.378227
603843	12.378227
603848	7.5968947
603855	3.8824885
603856	44.48769
603858	-4.2105036
603859	5.732801
603860	5.6412234
603861	3.9217293
603863	-13.786431
603866	24.332241
603867	3.491395
603868	5.9431887
603869	11.567555
603871	-7.5238233
603876	3.34854
603877	3.6207776
603878	-2.4733944
603879	18.445072
603880	12.327276
603881	5.2469068
603882	0.70689064
603883	-0.79869354
603885	-6.895113
603886	-5.2703676
603887	-12.868047
603888	5.5259566
603889	-6.319971
603890	2.5059464
603893	4.8113966
603895	9.84982
603896	5.073351
603897	9.8426
603898	8.766012
603899	-7.9475226
603900	18.445095
603901	6.962962
603903	3.2355068
603906	16.592224
603908	-4.9135423
603909	-2.3181841
603912	13.052239
603915	7.612945
603916	12.378227
603917	12.374453
603918	7.6111712
603919	7.491917
603920	11.032738
603922	5.391308
603926	14.77909
603927	4.0563207
603928	-1.982292
603929	6.557428
603931	4.6497626
603933	9.42047
603936	6.8469915
603937	33.972836
603938	7.612786
603939	-13.11941
603948	0.8787989
603949	10.046758
603950	28.203276
603955	9.564787
603956	6.92865
603958	14.779988
603959	18.464006
603960	1.966114
603963	12.377334
603966	13.670173
603967	-1.4504104
603968	7.4919395
603969	-1.8721914
603970	4.1244755
603976	18.429434
603977	33.476524
603978	12.37617
603979	-1.8032633
603980	12.076856
603982	-6.09713
603983	6.265429
603985	2.3214211
603986	-68.74639
603987	-2.4761477
603988	-14.046357
603989	8.923846
603990	17.196272
603991	-13.414513
603992	0.6094852
603993	-7.2912226
603995	6.557563
603997	11.975206
603998	-15.460172
603999	-8.861656
605001	12.37795
605003	-3.7278192
605005	5.9386597
605006	40.911198
605007	7.4919353
605008	-3.2450786
605009	5.1855545
605011	-2.0063577
605016	-31.48722
605018	9.917818
605020	4.689255
605028	6.7935615
605033	5.723134
605050	-2.3380294
605055	-32.157906
605056	10.2339115
605058	11.252897
605060	18.365719
605066	10.835829
605068	-2.2284267
605069	14.363636
605077	7.7334075
605080	1.0393816
605081	1.1479195
605086	-8.588564
605088	32.059563
605089	6.556754
605090	4.056351
605098	-7.292931
605099	1.2061467
605100	6.294694
605108	7.491928
605111	4.9748096
605116	6.7494073
605117	-13.414515
605118	-3.4708228
605122	5.343789
605123	-0.83634996
605128	1.934831
605133	-11.963539
605136	12.378227
605138	29.996803
605151	5.8317056
605155	23.786303
605158	25.468882
605162	4.2851677
605166	4.2715855
605167	12.37795
605168	2.2131698
605169	-5.412343
605177	14.409992
605178	9.144394
605179	14.432794
605180	0.93762946
605183	20.941298
605186	1.0394115
605188	7.0498767
605189	8.93014
605196	3.9259732
605198	7.5605116
605199	11.975206
605208	3.0991166
605218	11.9737
605222	16.188742
605228	-5.270272
605255	-14.552069
605258	0.25982597
605259	19.084566
605266	4.971904
605268	-5.8250203
605277	33.143684
605286	1.1452578
605287	26.636765
605288	-54.15157
605289	4.7626224
605296	4.9631367
605298	-9.018488
605299	21.785908
605300	3.6406157
605303	31.32691
605305	-23.552961
605318	11.975206
605319	7.6111345
605333	-3.2908344
605336	5.5096774
605337	7.416733
605338	6.532988
605339	6.107198
605358	5.302158
605365	7.9770293
605366	26.567005
605368	6.376294
605369	-7.6643224
605376	-5.1541176
605377	6.167747
605378	10.206853
605388	-3.7789931
605389	7.4923306
605398	-12.647854
605399	1.1487439
605488	21.34575
605499	-14.860673
605500	7.16432
605507	11.947476
605555	-19.75214
605566	20.964722
605567	20.75147
605577	0.531831
605580	5.5744567
605588	6.392394
605589	27.869455
605598	-0.29732487
605599	-3.0565846
688001	7.4976225
688002	6.5574565
688003	9.479007
688004	-5.7702065
688005	-4.511103
688006	4.979526
688007	1.0314057
688008	1.7287129
688009	4.115634
688010	2.201087
688011	5.6106515
688012	-13.414515
688013	13.834845
688015	2.2376583
688016	5.3633466
688017	4.812989
688018	4.04155
688019	4.9287925
688020	-7.8087063
688021	-2.307671
688022	4.406112
688023	-24.762836
688025	8.587204
688026	-13.785881
688027	-1.829795
688028	-5.269985
688029	6.421406
688030	3.4162333
688031	5.6854515
688032	-15.473141
688033	6.988589
688035	5.4120708
688036	14.842869
688037	-14.860989
688038	-5.3593583
688039	5.7415395
688041	-13.422882
688045	4.644829
688046	11.975206
688047	-7.9560423
688048	5.5239677
688049	9.035851
688050	-13.414107
688051	3.3840375
688052	-15.4796505
688053	-2.1785576
688055	17.900137
688056	-11.693056
688057	-3.3785958
688058	3.3109827
688059	1.5439162
688060	7.4849367
688061	-13.587617
688062	5.301822
688063	5.2624555
688065	7.730222
688066	-3.0113242
688067	-3.6268349
688068	-13.414513
688069	4.6518764
688070	-19.57028
688071	-4.985265
688072	-13.414515
688073	-6.938183
688075	1.8053021
688076	-2.17229
688077	-1.2653123
688078	13.187785
688079	32.057186
688080	5.0254974
688081	-0.025140889
688082	-13.414515
688083	-14.860989
688084	-10.147766
688085	12.372361
688087	-6.2377505
688088	7.6130233
688089	-13.786504
688090	-16.549667
688091	-13.414107
688092	5.30454
688093	13.175205
688095	-4.342664
688096	11.975206
688097	15.937243
688098	13.93238
688099	4.973958
688100	-7.953084
688101	8.930924
688102	5.5043564
688103	3.0798578
688105	14.013156
688106	1.2824686
688107	0.9175694
688108	-5.4864383
688109	-10.990698
688110	32.69855
688111	4.501415
688112	4.0529556
688113	6.5197706
688114	5.160598
688115	19.456459
688116	13.3920145
688117	-10.385996
688118	4.7626762
688119	2.7081835
688120	-14.860989
688121	5.9400573
688122	3.1833224
688123	7.531239
688125	7.4937773
688126	-3.510384
688127	14.105078
688128	-5.2699976
688129	13.991429
688130	-3.4371216
688131	3.3110082
688132	7.569565
688133	-10.235788
688135	22.756105
688136	21.754278
688137	4.360529
688138	-3.7911665
688139	5.683674
688141	-13.784419
688143	7.3992434
688146	4.3991914
688147	1.5466028
688148	3.924285
688150	5.5180035
688151	11.414186
688152	8.517129
688153	4.732638
688155	4.9739614
688156	5.5250397
688157	-11.663198
688158	32.189724
688159	5.28863
688160	-3.0072005
688161	-5.7755494
688162	-2.966945
688163	-13.786771
688165	8.748035
688166	-1.2918676
688167	4.7917204
688168	-14.7192545
688169	1.5442417
688170	24.917639
688171	5.017736
688172	5.357127
688173	1.1479118
688175	-5.260622
688176	6.8184514
688177	1.2397512
688178	4.91076
688179	6.5603333
688180	-2.2284105
688181	2.9650712
688182	10.358236
688183	-4.4700685
688184	6.754352
688185	-4.126911
688186	-5.2555995
688187	-11.700428
688188	-2.71921
688189	9.681576
688190	9.471548
688191	-4.3847156
688192	3.6098504
688193	1.6566255
688195	14.764075
688196	-6.013378
688197	-12.965189
688198	4.89098
688199	3.9242182
688200	3.802191
688201	2.5509038
688202	4.973947
688203	26.56077
688205	-13.876901
688206	7.4919252
688207	3.7879865
688208	-16.126692
688209	-5.2706504
688210	-35.366577
688211	6.7932444
688212	-14.86092
688213	6.997154
688215	-0.6422009
688216	24.103134
688217	-3.8904579
688218	12.744911
688219	-5.8167415
688220	4.469439
688221	15.604469
688222	-2.297571
688223	1.148428
688225	14.042368
688226	7.4839096
688227	4.8327727
688228	3.3114994
688229	6.418233
688230	6.27977
688231	5.7707715
688232	9.703879
688233	5.297609
688234	-4.5864525
688235	-15.841372
688236	-0.02861812
688237	-7.8702826
688238	18.131702
688239	-2.228477
688244	5.3289704
688246	8.56221
688247	27.500547
688248	4.398477
688249	1.428661
688251	28.264729
688252	32.535778
688253	-13.414515
688255	5.3090615
688256	-13.967009
688257	6.5577674
688258	-12.956913
688259	-15.88055
688260	3.7885597
688261	4.973947
688262	5.805509
688265	11.420507
688266	-13.414634
688267	31.869478
688268	4.0106664
688269	-7.8419375
688270	8.587246
688271	-0.38535583
688272	7.037306
688273	-5.2706466
688275	4.06
688276	5.302145
688277	13.023811
688278	4.6969776
688279	6.4581165
688280	1.1479195
688281	0.30922294
688282	-3.6826816
688283	7.0822406
688285	31.883083
688286	-0.8720231
688287	11.975194
688288	-0.037014335
688289	-13.786703
688290	1.2944367
688291	7.613306
688292	6.877862
688293	7.100787
688295	-3.7891643
688296	1.1479204
688297	-84.26326
688298	-13.40975
688299	8.177329
688300	4.9739494
688301	4.9747615
688302	14.501483
688303	7.986612
688305	3.1853328
688306	36.02699
688307	-5.2700224
688308	4.1597085
688309	-1.3646483
688310	-2.7537675
688311	-13.784414
688312	17.781994
688313	32.284634
688314	-12.337874
688315	15.620611
688316	-93.41395
688317	11.975206
688318	-14.860989
688319	12.377936
688320	17.812843
688321	14.0309515
688322	4.986491
688323	29.448263
688325	-13.414515
688326	2.3978095
688327	5.3021693
688328	14.67559
688329	-19.653934
688330	-18.43731
688331	11.112861
688332	-7.574487
688333	1.1030433
688334	7.6142983
688335	-7.484934
688336	1.1479164
688337	3.663615
688338	8.564605
688339	-13.934063
688343	6.5574145
688345	3.857313
688347	5.4886813
688348	-13.414515
688349	5.302144
688350	7.4877524
688351	7.3292212
688352	-2.3228786
688353	10.048532
688355	6.55716
688356	2.0582554
688357	-7.070835
688358	5.31286
688359	17.778364
688360	-14.5282345
688361	-5.094638
688362	3.9232512
688363	4.9747715
688365	22.67265
688366	-5.367973
688367	-13.786709
688368	4.461
688369	1.0389346
688370	7.730115
688371	28.804502
688372	-13.414516
688373	1.3143578
688375	6.154748
688376	2.5796998
688377	4.3994694
688378	-68.832436
688379	6.655045
688380	20.325914
688381	8.319055
688382	13.080064
688383	4.9739385
688385	-2.1784108
688386	-5.318799
688387	17.993898
688388	-6.255472
688389	4.3983436
688390	4.9734187
688391	5.117569
688392	2.146204
688393	1.2991953
688395	-7.947755
688396	4.1396794
688398	0.9074838
688399	-14.860989
688400	13.175318
688401	4.3993983
688403	-5.2244267
688408	5.6389017
688409	5.633301
688410	-15.4147415
688416	4.731478
688418	17.432184
688419	4.393295
688420	3.9246542
688425	18.445072
688426	11.975206
688428	11.973569
688429	-13.786687
688432	3.4575396
688433	-2.13262
688435	-5.2699924
688439	-0.20805834
688443	3.2361653
688448	6.9384313
688450	2.2923331
688455	8.837712
688456	5.3021417
688458	4.469859
688459	-15.026585
688466	4.96491
688468	6.7900877
688469	7.197571
688472	11.975206
688475	-24.690062
688478	5.2610536
688479	6.560213
688480	-7.291943
688484	5.773955
688485	36.162212
688486	-68.70075
688488	14.150344
688489	4.303344
688496	1.1479883
688498	3.3069484
688499	20.400364
688500	-13.429333
688501	5.5478616
688502	-81.62715
688503	-14.7401285
688505	11.975206
688506	-13.414092
688507	1.2514074
688508	5.1750093
688509	10.733343
688510	5.036494
688511	6.556131
688512	0.995634
688513	-13.015427
688515	7.4509993
688516	5.169887
688517	8.445282
688518	-1.3386828
688519	24.866875
688520	-5.2492156
688521	5.3021455
688522	4.6402354
688523	13.901629
688525	-48.443783
688526	3.8581834
688528	-5.091762
688529	6.675082
688531	4.056333
688533	8.037069
688535	3.3110132
688536	4.7501154
688538	12.553644
688539	4.3980503
688543	-0.4581852
688548	1.0468153
688549	-3.794924
688550	4.791705
688551	0.90799916
688552	9.9194145
688553	7.49138
688556	3.8166232
688557	7.2196803
688558	-5.986889
688559	-7.174976
688560	20.226582
688561	2.2485936
688562	4.6554646
688563	5.5511394
688565	-3.5782273
688566	-82.03419
688567	4.043626
688568	4.97395
688569	-13.352573
688570	8.56221
688571	-11.832867
688573	5.3020744
688575	6.684652
688576	5.425142
688577	3.876084
688578	-84.49807
688579	5.785911
688580	4.055224
688581	5.932581
688582	-8.547083
688584	7.491421
688585	18.477507
688586	14.578097
688588	-5.637353
688589	5.3021483
688590	-2.7165482
688591	4.0455647
688592	5.3566165
688593	3.9241707
688595	4.05542
688596	4.4026885
688597	-13.784503
688598	-68.69919
688599	28.25295
688600	-13.015471
688601	5.0772448
688602	-13.767538
688603	-13.416422
688606	-1.5050217
688607	-4.865951
688608	-7.0326366
688609	18.067396
688610	7.49184
688611	-8.079742
688612	8.56221
688613	-13.786361
688616	13.36828
688617	-12.674354
688618	5.6919913
688619	-5.752162
688620	-2.2969766
688621	4.010661
688622	10.099303
688623	4.3918242
688625	-5.8818374
688626	5.57027
688627	3.6264303
688628	-4.387189
688629	-30.015066
688630	7.838112
688631	5.1647034
688633	2.6712043
688636	-13.414513
688638	5.5428066
688639	4.2496734
688646	5.7214475
688648	59.5468
688651	1.7523133
688652	2.2128332
688653	-22.339073
688655	-3.5405664
688656	7.4876766
688657	4.0395293
688658	11.975206
688659	-8.75819
688660	17.470142
688661	4.2697463
688662	6.598976
688663	3.9316862
688665	4.951936
688667	2.826222
688668	-11.750543
688669	7.497495
688670	0.020003771
688671	4.7011714
688676	4.973947
688677	4.973947
688678	14.608836
688679	-4.0882607
688680	5.503466
688681	-2.0899508
688682	-13.414515
688683	2.5802271
688685	32.186214
688686	4.9804244
688687	-2.8884609
688689	-5.2701073
688690	5.302147
688693	3.4046893
688695	-3.0912263
688696	5.8656898
688697	7.175558
688698	5.2922883
688699	2.7090929
688700	4.011033
688701	-4.483265
688702	-6.833423
688707	-1.1660451
688709	-4.381798
688711	5.3021536
688716	-5.2698684
688717	-13.414534
688718	-4.0899243
688719	7.4804077
688720	6.3875685
688722	26.495161
688728	52.585945
688733	5.587165
688737	-5.269992
688739	4.480794
688766	3.3044634
688767	-13.784412
688768	3.803253
688772	35.37667
688776	2.3127294
688777	-7.937287
688778	3.9478064
688779	46.26698
688786	4.4132557
688787	3.3102
688788	5.5942903
688789	4.5576615
688793	-11.659907
688798	-1.9875901
688799	-7.301556
688800	4.0552416
688819	5.574412
688981	2.2696726
689009	-15.275286
