1	-15.708029
2	-7.9825015
4	-13.414115
6	-13.959547
7	6.347481
8	-15.492643
9	-12.491234
10	34.960304
11	-13.414107
12	-13.867159
14	-4.890431
16	-13.966602
17	6.6742535
19	8.930391
20	17.489107
21	-1.9378216
25	-14.860789
26	-13.377393
27	-2.3080614
28	6.390927
29	24.353987
30	26.727535
31	-10.385996
32	5.0300064
34	-13.966601
35	18.450089
36	3.5510287
37	6.392174
39	-6.153942
40	17.894165
42	-3.204362
45	19.803932
48	-7.1250377
49	-5.420646
50	-15.105339
55	-7.048747
56	20.22715
58	18.411774
59	13.888317
60	-8.900839
61	-14.867097
62	-15.4907
63	-2.0489972
65	4.5169096
66	-45.69293
68	9.076102
69	2.102621
70	4.0226693
78	-14.860673
88	-5.092159
89	1.2902087
90	3.8976614
96	6.374781
99	-13.414107
100	33.07575
151	1.8996589
153	-14.860975
155	7.6128316
156	20.16272
157	0.932193
158	18.445095
159	18.452879
166	17.680237
301	-4.3588476
333	-1.7300844
338	8.159002
400	7.6392593
401	18.445072
402	-8.20532
403	1.6519626
404	6.47725
407	-6.168789
408	-12.7843
409	33.988544
410	18.324167
411	0.97921294
415	-14.860989
417	-15.130897
419	-14.860989
420	12.091027
421	-18.726698
422	-3.357502
423	-7.5255604
425	-7.1555457
426	1.7007802
428	-5.5072894
429	-13.433551
430	-2.2346432
488	-13.411738
498	9.673699
501	-8.15594
503	-13.935306
504	20.919703
505	27.32716
506	11.975206
507	22.938515
509	-13.01541
510	5.192069
513	-13.380744
514	18.026234
516	-7.724271
517	-15.88055
518	11.975206
519	0.7135628
520	29.282051
521	-14.046871
523	19.678337
524	-14.860989
525	-16.645906
526	-8.021965
528	-3.8557167
529	15.033809
530	-13.414513
531	11.715474
532	-15.88055
533	17.665045
534	11.715475
536	20.964722
537	2.8379502
538	-17.306793
539	4.64582
541	-6.399167
543	1.7607979
544	-0.22923517
545	18.445072
546	11.567654
547	-13.966602
548	-16.163715
550	-13.568309
551	-13.414515
552	-1.7590464
553	28.651299
554	11.247961
555	37.254868
557	-15.480169
558	-13.017148
559	-14.860673
560	19.81098
561	9.674089
563	-13.414108
564	4.4839687
565	8.930391
566	-7.6982317
567	-13.414107
568	5.0573783
570	17.973095
571	24.337383
572	8.918785
573	18.445095
576	-5.6576896
581	3.6995764
582	19.07217
584	12.378227
586	13.220067
589	8.747189
590	1.7578044
591	-5.094643
592	24.332243
593	11.415926
595	18.445072
596	-2.2896852
597	-13.015401
598	-6.2341866
599	42.902554
600	6.4307218
601	1.4005944
603	-2.373127
605	18.445072
607	1.3998076
608	21.490606
609	14.399554
610	3.1664197
612	0.81948215
615	5.030992
617	-15.479257
619	11.715474
620	-2.779158
622	12.377941
623	-13.414108
625	1.4044509
626	-12.958195
627	-13.493622
628	-0.60827583
629	29.48337
630	-2.3100617
631	-11.78003
632	10.740068
633	2.2589447
635	8.930215
636	-14.860989
637	-12.931055
638	9.685835
639	10.305088
650	-5.2995076
651	-13.42954
652	-14.968057
655	9.86063
656	20.964722
657	-2.3717124
659	0.8051484
661	8.847691
663	30.108103
665	21.96353
668	11.72646
669	11.24383
670	-13.414517
672	-7.23396
676	-7.794239
677	-6.7094207
678	11.970326
679	12.378227
680	7.199897
681	6.6295295
682	-8.246401
683	5.4542265
685	-14.8303995
686	-14.860989
688	-14.512942
690	5.3477583
691	18.07378
692	-13.414513
695	8.92893
697	12.378226
698	15.966023
700	-18.726362
701	31.727837
702	-13.0155735
703	-35.485317
705	-14.860989
707	28.958357
708	9.762903
709	42.902554
710	-13.785838
711	16.277489
712	-13.414608
713	-13.414515
715	-18.489283
716	-4.448108
717	23.083092
718	-16.23949
719	-5.0991373
720	3.9662364
721	14.738523
722	5.5690207
723	4.296754
725	18.622675
726	-4.0821705
727	31.46487
728	18.445072
729	-17.306793
731	-9.199208
733	-14.860687
735	-13.784364
736	-4.872314
737	8.277008
738	-14.860989
739	-15.88055
750	-13.37539
751	18.242737
752	-4.4672155
753	-3.5111358
755	42.902554
756	-13.414534
757	-13.786338
758	-89.35921
759	32.215866
761	28.264729
762	-15.4796505
766	-11.836907
767	-5.2596464
768	-13.414057
776	-14.860673
777	-15.0685625
778	-14.860989
779	10.877221
782	15.409056
783	6.4593534
785	-1.0468469
786	-3.268146
788	17.8176
789	-13.784013
790	-13.414513
791	5.225823
792	4.0418396
793	8.7431555
795	7.5931225
796	7.6147785
797	16.64362
798	-4.448099
799	-13.414586
800	24.332237
801	-14.860989
802	28.361567
803	17.193218
807	-5.7569537
809	23.84065
810	-15.88055
811	20.810534
812	9.730441
813	22.536484
815	-12.198136
816	9.6738405
818	0.90087897
819	-3.348273
820	12.37034
821	3.2401407
822	13.524001
823	13.408168
825	7.6674743
826	-13.015503
828	-14.860989
829	-15.472805
830	2.4949934
831	4.6748824
833	20.964722
837	-19.20643
838	-3.199172
839	2.879975
848	-13.414583
850	-13.784412
851	12.3780985
852	4.393916
856	8.930062
858	-7.807211
859	-8.878373
860	-14.859827
862	6.639418
863	-3.768898
868	-13.414608
869	-13.413984
875	-4.603113
876	-13.414513
877	4.3587217
878	1.9425585
880	-13.414107
881	-17.009727
882	11.975206
883	5.141412
885	-3.5103836
886	-8.547083
887	7.133917
888	-14.047089
889	12.378212
890	12.378227
892	24.332241
893	-15.165704
895	1.245962
897	-3.5102544
898	10.335863
899	6.9020205
900	-13.015442
901	-13.414107
902	-7.040477
903	-13.908879
905	5.023965
906	-20.038298
908	-0.145237
909	24.332241
910	17.892395
911	-5.0978894
912	18.445072
913	-5.1115327
915	-2.1751063
917	-14.658334
919	5.1640697
920	8.012874
921	1.3986061
922	-13.015416
923	5.1313787
925	30.548262
926	32.286514
927	41.021233
928	-13.784422
929	-1.1945612
930	11.402267
931	9.673722
932	5.125408
933	-11.094704
935	5.5561876
936	-8.077076
937	1.7457277
938	2.8181722
948	25.079971
949	11.975206
950	23.976952
951	-13.711261
952	16.150972
953	12.378227
955	24.332304
957	-13.414608
958	29.397999
959	30.954624
960	17.73948
962	-15.4796505
963	-15.88055
965	18.411774
966	-33.04963
967	8.947532
968	8.930749
969	-13.508379
970	-14.859717
972	24.33219
973	-14.5282345
975	4.9055266
977	6.7356915
978	8.179961
980	13.218481
981	11.12493
983	1.8228424
985	18.476576
987	-10.38601
988	0.7844591
989	-13.414599
990	7.611515
993	8.0903
995	9.27096
997	-3.74617
998	-13.249867
999	-15.520386
1201	0.008902022
1202	14.509569
1203	3.5501974
1205	7.3983808
1206	3.4864593
1207	6.121872
1208	3.8161392
1209	13.04454
1210	-5.731206
1211	10.228942
1212	8.815169
1213	18.701315
1215	2.0236306
1216	-10.58867
1217	-12.441131
1218	14.261661
1219	10.614737
1222	25.256401
1223	-11.655295
1225	-13.015467
1226	6.6712933
1227	42.88857
1228	1.2790864
1229	-2.8800457
1230	12.378227
1231	-13.816717
1234	42.902554
1236	9.076341
1238	20.965202
1239	-13.784422
1255	41.01671
1256	-5.9474587
1258	-0.93780273
1259	3.8927197
1260	8.906868
1266	24.32519
1267	17.487635
1268	13.219445
1269	-4.52518
1270	-13.882324
1278	4.0076213
1282	20.404034
1283	-0.4527959
1286	2.4322171
1287	23.743118
1288	2.8862133
1289	2.989357
1296	-13.786394
1298	-15.8805685
1299	-13.015199
1300	-13.787838
1301	1.9581482
1306	-13.96701
1308	-7.5410547
1309	15.552138
1311	-1.310538
1313	-2.8346863
1314	-15.88069
1316	7.3930597
1317	-3.608908
1318	31.295834
1319	9.992512
1322	27.072756
1323	0.87203354
1324	9.753812
1326	-5.09465
1328	27.651012
1330	26.719479
1331	17.73098
1332	-18.338512
1333	28.264654
1336	10.472048
1337	-3.6831462
1338	11.975206
1339	6.6572976
1358	-12.790228
1359	2.971331
1360	-13.784418
1366	11.239472
1367	-15.062614
1368	21.039293
1373	-10.285794
1376	-5.2689734
1378	16.865177
1379	8.190123
1380	37.36789
1387	18.508171
1389	1.8947229
1696	-13.415067
1872	5.234704
1896	16.021261
1914	5.312746
1965	21.020512
1979	27.57635
2001	-15.652343
2003	-1.5351793
2004	19.085285
2005	10.174492
2006	-5.546143
2007	-14.860989
2008	-13.414592
2009	-15.488105
2010	-17.306793
2011	-13.414516
2012	20.964722
2014	2.1499803
2015	3.5504656
2016	-0.2099366
2017	-15.291879
2019	-7.9728465
2020	-15.880103
2021	-8.788041
2022	-12.46715
2023	-7.9618225
2024	11.715934
2025	-16.67969
2026	27.591967
2027	-8.064186
2028	-14.860989
2029	-14.860884
2030	-12.468932
2031	-11.6305485
2032	-15.165704
2033	-5.528806
2034	-17.306793
2035	11.695762
2036	-13.967013
2037	-13.395396
2038	6.4581165
2039	0.19782186
2040	9.692116
2041	-5.094636
2042	18.695322
2043	-7.5439053
2044	-5.094636
2045	0.79099476
2046	-15.482454
2047	36.30639
2048	4.7847457
2049	-6.810261
2050	1.9092027
2051	-13.410431
2052	9.191669
2053	0.49406856
2054	28.264627
2055	-1.9534664
2056	-14.860989
2057	-6.8109965
2058	24.332241
2059	13.220066
2060	8.929118
2061	-13.605405
2062	-14.860989
2063	9.636568
2064	-13.414137
2065	-18.656803
2066	-12.126905
2067	39.236782
2068	6.369203
2069	32.31883
2072	20.012146
2073	5.815653
2074	-7.2408633
2075	-15.143529
2076	24.332241
2077	42.902546
2078	3.7535493
2079	-13.0381155
2080	5.31286
2081	-14.860989
2082	21.4776
2083	-13.784366
2084	20.964722
2085	-6.797397
2086	12.37007
2088	2.6935325
2090	5.1767597
2091	1.7442614
2092	3.9831266
2093	-16.98604
2094	8.435118
2095	-2.5766664
2096	-5.0974727
2097	-47.579887
2098	9.326324
2099	-14.860989
2100	4.066833
2101	-12.633978
2102	10.879171
2103	5.602876
2104	-14.636539
2105	11.428944
2106	-6.306941
2107	-13.047071
2108	-13.3753805
2109	-3.9649096
2110	0.8997697
2111	6.581366
2112	1.4012845
2114	50.205418
2115	4.0887074
2116	-14.6177
2117	-6.1735024
2119	-7.606242
2120	4.0561953
2121	-5.0977225
2122	21.58126
2123	-3.020697
2124	-13.414515
2125	4.056273
2126	-2.333211
2127	7.5931196
2128	-1.0970236
2129	-13.414516
2130	-15.165715
2131	-13.407115
2132	17.730394
2133	11.374039
2134	7.5067434
2135	8.930215
2136	3.3917277
2137	20.965202
2138	-13.367415
2139	3.2631683
2140	4.056351
2141	12.15021
2142	3.0777028
2144	9.675131
2145	-6.779559
2146	15.632721
2148	-14.214772
2149	-3.3393881
2150	-13.022179
2151	-14.86093
2152	-2.5489955
2153	0.4555943
2154	4.8130064
2155	-2.3742592
2156	-13.896761
2157	1.9556158
2158	-14.860989
2159	18.431108
2160	5.223514
2161	4.751092
2162	42.50549
2163	-13.067803
2164	12.362366
2165	2.0234513
2166	-4.5613327
2167	-4.698372
2168	-12.577244
2169	-14.988093
2170	0.73324543
2171	-1.3615727
2172	24.332241
2173	15.859488
2174	-13.784412
2175	2.4426565
2176	-6.56215
2177	-18.3656
2178	47.528175
2179	-13.414515
2180	4.973988
2181	23.563473
2182	6.392224
2183	-15.108638
2184	-2.6678908
2185	4.1695
2186	42.898453
2187	-13.784416
2188	42.745007
2189	20.964722
2190	-14.860989
2191	-15.46599
2192	-15.490291
2193	24.332241
2194	-13.784422
2195	6.4581304
2196	-13.022134
2197	0.10033145
2198	-1.8429594
2199	12.087963
2200	33.88317
2201	-0.33820832
2202	-14.860989
2203	17.643808
2204	28.619875
2205	9.692297
2206	5.6973853
2207	12.378227
2208	6.374781
2209	-13.78446
2210	8.930924
2211	37.723095
2212	-6.0610247
2213	12.37617
2214	-4.5887966
2215	5.0336556
2216	-5.09467
2217	6.1041875
2218	18.445072
2219	-7.581789
2221	17.27917
2222	-15.4796505
2223	4.056341
2224	12.337851
2225	-6.0863304
2226	-7.0490613
2227	17.4889
2228	33.07533
2229	25.059134
2230	5.2485824
2231	-15.463373
2232	-14.860969
2233	10.949755
2234	11.183987
2235	33.267273
2236	3.3073256
2237	8.913901
2238	47.144924
2239	42.90254
2240	1.1479195
2241	-13.414515
2242	-7.832584
2243	24.33223
2244	-15.165704
2245	-14.860989
2246	-13.786048
2247	20.965206
2248	-14.024751
2249	-6.3290257
2250	8.929487
2251	28.573503
2252	6.4552197
2253	-7.550121
2254	11.698551
2255	19.483423
2256	11.655435
2258	-4.8707457
2259	11.975206
2261	-0.90152663
2262	-12.436442
2263	20.257147
2264	6.8128557
2265	12.573025
2266	-13.414515
2267	4.467377
2268	7.000304
2269	12.250698
2270	-5.1623244
2271	5.2805767
2272	20.964722
2273	-13.414108
2274	14.301047
2275	-13.015638
2276	6.898908
2277	-13.784412
2278	11.093316
2279	12.112272
2281	0.82785094
2282	22.666832
2283	42.68325
2284	-15.4796505
2285	-13.785841
2286	14.445709
2287	-13.413781
2289	13.2294655
2290	18.516811
2291	24.332241
2292	-8.530719
2293	-3.0062776
2294	-13.414107
2295	21.041765
2296	6.524274
2297	15.247272
2298	17.894535
2299	-5.094636
2300	6.4601464
2301	-14.5282345
2302	-5.3102784
2303	-13.784414
2304	-14.649499
2305	9.602243
2306	21.707214
2307	-13.496826
2308	-13.8570795
2309	25.443539
2310	-6.7310185
2311	4.6418195
2312	9.12284
2313	12.188014
2314	28.360584
2315	-4.293293
2316	17.161512
2317	-13.414455
2318	4.0623226
2319	24.332241
2320	-1.6485196
2321	16.749418
2322	-3.2252479
2323	17.134724
2324	4.050367
2326	-14.860989
2327	4.973947
2328	4.255862
2329	7.2633514
2330	18.445072
2331	-13.414516
2332	-13.883408
2333	30.218845
2334	9.863319
2335	-25.354565
2336	12.35098
2337	24.332304
2338	-4.652548
2339	-13.627474
2340	4.739665
2342	11.567432
2343	20.964722
2344	-0.85818034
2345	21.85573
2346	20.584127
2347	-13.251679
2348	20.241962
2349	-13.414516
2350	2.6392639
2351	-2.097112
2352	-11.214532
2353	-7.328544
2354	16.131792
2355	11.975206
2356	20.964697
2357	8.869634
2358	-1.433436
2360	0.26003724
2361	2.0388532
2362	5.9160213
2363	41.241745
2364	-15.312386
2365	7.231664
2366	17.50626
2367	-5.0945683
2368	5.557603
2369	20.964722
2370	20.964722
2371	1.2210454
2372	4.05629
2373	1.2915128
2374	2.4631522
2375	12.265681
2376	-16.542671
2377	30.198538
2378	4.791774
2379	34.761734
2380	-2.0535138
2381	-3.4569082
2382	-13.429333
2383	-13.784414
2384	-13.96701
2385	-7.9265685
2386	12.379543
2387	-10.14765
2388	-15.143529
2389	-13.414139
2390	9.833134
2391	5.3489003
2392	-12.564382
2393	-13.786074
2394	-14.138325
2395	0.7401592
2396	-13.433539
2397	21.059301
2398	11.414185
2399	-14.860989
2400	-15.4796505
2401	-4.9536157
2402	-2.1341496
2403	12.37617
2404	-13.784418
2405	-13.785838
2406	41.241745
2407	3.3109922
2408	-6.690228
2409	-7.207237
2410	-13.414108
2412	-15.4796505
2413	18.445072
2414	-13.414515
2415	-2.5367098
2416	21.580389
2418	12.378227
2419	24.332241
2420	7.1395636
2421	6.4581537
2422	-10.004895
2423	23.255346
2424	-19.176434
2425	-14.358793
2426	20.964722
2427	36.792595
2428	-1.4199419
2429	-13.414107
2430	5.5332346
2431	9.13608
2432	-13.001401
2434	-13.417378
2436	-0.7633455
2437	47.666553
2438	-16.242002
2439	2.1680648
2440	-17.437258
2441	-7.172488
2442	5.008538
2443	4.397503
2444	0.458648
2445	-13.015393
2446	12.260962
2448	-15.4796505
2449	19.50087
2451	-2.0427709
2452	-2.9330487
2453	5.3088026
2454	24.332241
2455	4.056291
2456	-13.966601
2457	-13.846237
2458	-5.094636
2459	8.928056
2460	3.6687233
2461	21.655684
2462	21.571064
2463	-1.9691532
2465	-1.7403885
2466	5.9605265
2467	-15.314456
2468	24.332241
2469	-2.813185
2470	24.332241
2471	8.923472
2472	1.5367076
2474	-13.485993
2475	5.889517
2476	12.572328
2478	-28.805347
2479	11.567432
2480	-3.5102682
2481	-13.414513
2482	-24.212797
2483	11.33751
2484	6.7981405
2485	13.907705
2486	12.376426
2487	5.975739
2488	-13.414608
2489	-16.538689
2490	11.968745
2491	12.378068
2492	33.08938
2493	4.7523637
2494	19.416088
2495	-13.784486
2496	-14.860989
2497	-13.111273
2498	11.414096
2500	18.926643
2501	9.673819
2506	28.264729
2507	-13.414076
2508	6.610343
2510	13.907473
2511	-14.860985
2512	-14.15689
2513	42.902546
2514	7.25094
2515	-15.30679
2516	-15.4796505
2517	-13.015422
2518	-7.553136
2519	-15.4796505
2520	-15.479226
2521	0.32390264
2522	-5.413467
2523	14.741584
2524	-12.768682
2526	-0.8776786
2527	17.893984
2528	-13.90886
2529	-0.5683909
2530	12.783639
2531	-3.231493
2532	-4.889206
2533	4.8130493
2534	8.938891
2535	2.4025419
2536	1.9581482
2537	6.630257
2538	-1.8104213
2539	-7.523053
2540	-3.7578285
2541	5.154883
2542	-13.2137785
2543	-8.509372
2544	13.297882
2545	-2.622561
2546	17.147806
2547	20.964636
2548	12.555782
2549	5.2840734
2550	-13.414515
2551	24.332304
2552	-2.962104
2553	-15.88055
2554	24.332241
2555	-13.417696
2556	4.1911554
2557	-2.5347445
2558	-15.190953
2559	-18.560959
2560	4.3938727
2561	14.2724905
2562	-13.784412
2563	-7.1500216
2564	1.1479195
2565	-13.784412
2566	24.332304
2567	-5.8207965
2568	-13.414107
2569	18.445095
2570	24.261564
2571	17.962914
2572	-7.566955
2573	-0.14554563
2574	10.733343
2575	12.077553
2576	18.445072
2577	-15.622734
2578	7.6519656
2579	-13.82176
2580	-13.790523
2581	11.414671
2582	15.335633
2583	31.214003
2584	24.332241
2585	-6.2301536
2586	18.131899
2587	-13.992122
2588	-2.6313388
2589	11.461066
2590	6.4580927
2591	-6.7170773
2592	24.328995
2593	29.79262
2594	0.540099
2595	-2.098195
2596	12.37795
2597	2.2109811
2598	12.397062
2599	18.508472
2600	33.351852
2601	3.0265913
2602	47.24794
2603	-13.414515
2605	-4.2588406
2606	-14.045942
2607	12.371432
2608	7.5781426
2609	-13.966978
2611	-13.398724
2612	-14.860956
2613	-13.429424
2614	2.0398173
2615	-13.414514
2616	22.867506
2617	-15.047875
2620	12.378227
2622	20.964722
2623	29.586786
2624	-13.0420885
2625	7.67598
2626	-14.462379
2627	42.902554
2628	11.567055
2629	10.043464
2630	-13.274958
2631	17.50626
2632	-0.19828688
2633	24.331919
2634	4.2630143
2635	-1.9533341
2636	9.673715
2637	-13.414513
2638	9.732211
2639	24.332241
2640	11.568044
2641	4.4486666
2642	13.670365
2643	-4.7856336
2644	-13.414107
2645	-5.3804965
2646	5.4521093
2647	-13.455765
2648	0.4992912
2649	-15.479748
2650	-8.341422
2651	4.1040783
2652	14.453455
2653	0.4896594
2654	2.271386
2655	-15.519874
2656	11.941926
2657	-2.7818942
2658	-13.01541
2659	9.673697
2660	17.81917
2661	8.929669
2662	29.650288
2663	11.377838
2664	2.2038066
2666	28.183998
2667	11.97366
2668	-4.2951975
2669	20.965206
2670	-13.785056
2671	8.929671
2672	-13.786613
2673	9.691037
2674	35.33296
2675	-7.810246
2676	30.529505
2677	1.5052347
2678	25.227722
2679	11.415595
2681	-13.433408
2682	18.445072
2683	8.378252
2685	13.220067
2686	19.35672
2687	13.266653
2688	-15.441818
2689	28.800072
2690	6.4311767
2691	10.282762
2692	1.7583925
2693	12.378227
2694	-0.9929359
2695	-13.015424
2696	14.184541
2697	-4.22654
2698	-13.966602
2700	-13.414515
2701	-14.988093
2702	-0.38049942
2703	21.4776
2705	7.751319
2706	7.4458356
2707	-12.820591
2708	19.84817
2709	3.310815
2712	19.678274
2713	10.801172
2714	2.3019743
2715	-5.808158
2716	10.1475725
2717	12.897899
2718	12.432239
2719	17.967585
2721	8.941766
2722	-13.8489065
2723	7.1910744
2724	31.16756
2725	19.104929
2726	-13.493788
2727	-5.937386
2728	-13.414107
2729	-8.376831
2730	15.525215
2731	12.368569
2732	-3.4721165
2733	-1.6263968
2734	-93.66338
2735	11.11487
2736	-14.069496
2737	-2.900527
2738	-13.967168
2739	7.4955115
2741	2.6365342
2742	6.36211
2743	18.445072
2745	9.602243
2746	-13.786273
2747	-1.0684499
2748	3.0714793
2749	0.39468852
2750	-4.448133
2752	18.631111
2753	-5.262602
2755	20.964722
2756	4.1065955
2757	42.902554
2758	-4.8706894
2759	3.979057
2760	-13.78666
2761	-3.7699685
2762	20.271393
2763	28.133545
2765	41.241745
2766	11.975206
2767	20.964722
2768	4.6640444
2769	1.650642
2771	-18.519358
2772	-13.61138
2773	0.7752778
2774	28.264729
2775	13.745339
2777	1.7425379
2778	4.1985016
2779	-16.536427
2780	12.626673
2782	3.3275363
2783	-13.786709
2785	-13.914447
2786	20.910137
2787	-3.317356
2788	4.394315
2789	1.0085111
2790	12.35656
2791	-34.308018
2792	-6.173267
2793	23.04583
2795	47.239716
2796	6.4181876
2797	17.73842
2798	9.2265
2799	-13.785056
2800	18.445072
2801	-5.0160165
2802	31.090513
2803	-9.195973
2805	15.6394415
2806	23.864231
2807	28.65627
2808	13.220067
2809	27.34679
2810	-5.0929527
2811	8.924958
2812	4.055354
2813	-13.802057
2815	32.411922
2816	15.976808
2817	22.186516
2818	8.038453
2819	9.641782
2820	11.373095
2821	-14.860989
2822	13.220066
2823	7.1524935
2824	5.7249746
2825	11.477587
2826	18.445072
2827	-13.384474
2828	-7.5250382
2829	-13.414107
2830	11.19589
2831	5.2092047
2832	4.056351
2833	-0.36094308
2835	0.9147868
2836	24.332304
2837	-14.221879
2838	1.2968134
2839	28.779364
2840	5.382216
2841	-12.449314
2842	-3.5103476
2843	6.6898236
2845	-0.8484424
2846	12.665023
2847	-2.2835162
2848	18.41094
2849	6.553329
2850	4.0446076
2851	-81.42839
2852	17.931452
2853	29.074333
2855	24.332241
2856	26.327984
2857	62.401924
2858	31.321083
2859	2.9392474
2860	-4.9170227
2861	-4.643809
2862	19.848362
2863	22.532808
2864	-11.945588
2865	-13.414515
2866	14.655282
2867	5.30215
2868	21.707214
2869	5.711062
2870	6.374634
2871	9.127855
2872	11.9737
2873	18.705631
2875	11.975206
2876	2.902961
2877	36.78224
2878	2.0751379
2879	17.973345
2880	-10.317443
2881	-15.88055
2882	2.7124429
2883	-13.786338
2884	-12.188409
2885	7.1301217
2886	1.7496434
2887	-1.0770316
2888	6.4177494
2889	1.4014119
2890	12.362923
2891	-2.2565875
2892	-6.583341
2893	-10.528034
2895	28.373732
2896	-10.093126
2897	-13.910255
2898	11.661592
2899	7.273476
2900	-3.5103176
2901	12.5106125
2902	-3.781692
2903	-0.7778597
2905	8.914629
2906	7.959204
2907	-14.453734
2908	26.9106
2909	10.363101
2910	41.241745
2911	6.4583907
2912	-10.576848
2913	3.3957765
2915	11.9752035
2916	-14.209613
2917	18.445072
2918	6.917405
2919	-18.263575
2920	-13.966601
2921	-16.486889
2922	-59.72282
2923	-8.204913
2925	32.795696
2926	16.301928
2927	6.454718
2928	-2.0984817
2929	13.255609
2930	3.3714192
2931	9.079835
2932	-13.908762
2933	-13.764405
2935	-12.264579
2936	16.990402
2937	-6.3647738
2938	-33.01562
2939	16.302423
2940	0.33230022
2941	11.629534
2942	23.168375
2943	3.135072
2945	24.332241
2946	18.445072
2947	-2.3789687
2948	25.796326
2949	12.088215
2950	-13.784551
2951	0.8829665
2952	-15.0472355
2953	41.11047
2955	6.643281
2956	-14.860989
2957	20.161322
2958	20.223629
2959	-9.34573
2960	6.8769913
2961	-13.784366
2962	27.277847
2963	12.37795
2965	3.9041157
2966	10.307665
2967	36.928005
2968	4.4431753
2969	28.714106
2970	1.9581482
2971	-7.02227
2972	26.884737
2973	11.975206
2975	-7.5421953
2976	36.19333
2977	-14.155738
2978	7.521188
2979	-15.8805685
2980	22.281132
2981	-13.786064
2982	-4.4481897
2983	-13.934668
2984	-8.460687
2985	-7.667316
2986	-1.8892274
2987	1.6845579
2988	2.7195184
2989	7.900353
2990	-7.5785246
2991	6.3730297
2992	-1.0513103
2993	-2.368676
2995	-4.7283545
2996	55.868416
2997	1.0177155
2998	29.259222
2999	25.654696
3000	14.716747
3001	-11.675527
3002	-12.783573
3003	12.069772
3004	13.010242
3005	4.0104833
3006	-2.8489048
3007	29.776926
3008	11.190082
3009	-14.860989
3010	24.182146
3011	35.71432
3012	13.138954
3013	8.933521
3015	-14.358793
3016	20.22807
3017	8.929488
3018	27.835066
3019	-0.11791539
3020	-16.51176
3021	7.2150497
3022	-8.169318
3023	-13.414109
3025	-15.4796505
3026	-13.414107
3027	11.975206
3028	-6.041233
3029	21.960583
3030	7.8038344
3031	0.784438
3032	17.939571
3033	-13.784423
3035	7.1885858
3036	12.377237
3037	15.779582
3038	5.363062
3039	5.689151
3040	29.02014
3041	1.0997549
3042	-1.4693254
3043	-15.88055
3816	12.55067
300001	3.9117835
300002	-14.988093
300003	5.5419974
300004	20.964722
300005	-15.88055
300006	17.50626
300007	-15.4902935
300008	-7.522548
300009	-13.413235
300010	15.407753
300011	-13.967013
300012	-13.414516
300013	19.807
300014	-13.414515
300015	-13.414598
300016	-13.966601
300017	0.064924754
300018	-13.414107
300019	5.5732436
300020	-13.992712
300021	-14.860989
300022	3.6822162
300024	-13.967009
300025	-7.7475705
300026	-13.414107
300027	-14.582561
300029	21.588581
300030	9.135999
300031	-13.966627
300032	20.964722
300033	-13.412674
300034	5.2820935
300035	11.655914
300036	-14.045968
300037	-15.16572
300039	-13.9684725
300040	-13.414107
300041	-3.5084898
300042	-15.019184
300043	-14.988093
300044	-15.473239
300045	-8.022174
300046	-13.414608
300047	-15.163281
300048	-13.433842
300049	7.443012
300050	-15.8805685
300051	-11.7501955
300052	2.5867705
300053	-13.966602
300054	4.641826
300055	-14.603276
300056	2.522224
300057	20.150608
300058	-12.462608
300059	-14.860699
300061	-13.966602
300062	-13.376335
300063	-17.663149
300065	-13.414516
300066	-15.4907
300067	-95.60926
300068	5.7977777
300069	9.732171
300070	4.5703983
300071	-12.436183
300072	1.4720689
300073	4.0551977
300074	-15.88055
300075	-1.7539755
300076	-8.377068
300077	-14.860989
300078	-15.88055
300079	-15.88055
300080	20.965206
300081	-15.143529
300082	-12.680366
300083	-15.4907
300084	49.304394
300085	6.458118
300086	20.964722
300087	-13.414515
300088	-13.983236
300091	20.964722
300092	-13.420971
300093	-0.81914806
300094	21.694523
300095	-13.784412
300096	-13.786431
300097	9.684447
300098	-11.603534
300099	-14.347471
300100	-13.079336
300101	9.64992
300102	-13.966602
300103	-15.239535
300105	-10.516597
300106	18.445072
300107	11.715498
300108	-13.015401
300109	-5.110267
300110	17.50626
300111	47.268265
300112	-13.430988
300113	-15.093808
300114	3.3110018
300115	-2.1108289
300117	6.246608
300118	-4.2423368
300119	11.715637
300120	10.004851
300121	-2.2755656
300122	7.3961396
300123	13.2213335
300124	-95.58395
300125	12.378227
300126	20.346703
300127	5.793861
300128	1.4014119
300129	-13.414515
300130	10.297449
300131	-15.8805685
300132	-13.274958
300133	-5.3448606
300134	-14.5282345
300135	-8.86063
300136	-5.510536
300137	-1.6868471
300138	-2.9326203
300139	-13.414608
300140	4.97961
300141	-7.951308
300142	-5.0946345
300143	-1.7339672
300144	-14.860989
300145	-15.7965975
300146	3.3109643
300147	-13.4141245
300148	20.964722
300149	-13.414107
300150	-15.143529
300151	-13.414617
300152	-15.463363
300153	1.9122658
300154	9.073895
300155	-13.877561
300157	11.651516
300158	-13.92711
300159	-13.501789
300160	-16.98604
300161	-13.96701
300162	-15.8805685
300163	11.460511
300164	-13.786048
300165	17.50626
300166	-15.350961
300167	9.711629
300168	-13.966714
300169	39.44792
300170	-14.138216
300171	-6.8570886
300172	-13.412058
300173	19.678276
300174	-5.095181
300175	-8.86794
300176	10.861605
300177	-14.8609705
300179	8.4990425
300180	-13.784617
300181	-11.255776
300182	-15.479651
300183	-15.88055
300184	-15.8805685
300185	24.332304
300187	-13.414107
300188	-5.466835
300189	-13.958425
300190	-8.881062
300191	-3.7568314
300192	-15.165704
300193	9.67395
300194	-15.239535
300195	-13.274958
300196	7.4558454
300197	-13.930929
300198	6.4182324
300199	-7.525528
300200	4.689247
300201	-1.9706047
300203	7.5929866
300204	-13.414534
300205	4.0555816
300206	-15.479675
300207	-13.414516
300208	11.9737
300209	17.529388
300210	0.90708447
300211	-15.88055
300212	-0.7143901
300213	-14.79211
300214	-14.31828
300215	-7.80899
300217	-11.336775
300218	-17.19234
300219	-13.877561
300220	-1.1738285
300221	19.651812
300222	-13.960409
300223	3.2288084
300224	5.542802
300225	-13.414513
300226	-8.016511
300227	21.47226
300228	-15.88055
300229	0.9152273
300230	0.47321028
300231	-15.058598
300232	-11.670071
300233	3.0495687
300234	10.654459
300235	-13.966602
300236	-6.4671235
300237	6.301441
300238	-13.156829
300239	9.97698
300240	-14.105753
300241	20.964722
300242	13.212529
300243	1.7609632
300244	-13.414516
300245	4.0437226
300246	-15.320595
300247	20.964722
300248	-6.0271606
300249	-13.967004
300250	0.27610448
300251	5.56902
300252	-13.966602
300253	-4.71154
300254	18.178923
300255	-13.414516
300256	20.964722
300257	-51.96546
300258	-7.533013
300259	-15.261931
300260	4.8957047
300261	-13.414517
300263	-13.015448
300264	6.146577
300265	12.378228
300266	-19.258087
300267	-0.858351
300268	6.9591446
300269	20.964722
300270	-13.966753
300271	-4.2984133
300272	-6.203142
300274	-13.414516
300275	-15.47284
300276	-15.481695
300277	24.336948
300278	-13.274958
300279	-15.239535
300280	2.572518
300281	-1.1550413
300283	-3.7358818
300284	-3.5128736
300285	1.6865354
300286	6.3607516
300287	-12.655419
300288	-13.967009
300289	20.965202
300290	-13.967009
300291	-15.562437
300292	1.4004302
300293	-14.63357
300294	-7.5384636
300295	-13.147316
300296	-15.88055
300298	-14.860989
300299	-15.88069
300300	12.378227
300301	17.619997
300302	-14.045702
300303	-15.88055
300304	1.6202856
300305	16.060057
300306	-15.88055
300307	28.78958
300308	0.9152273
300310	-14.358793
300311	2.7793403
300313	11.421265
300314	-15.4796505
300315	-18.341228
300316	4.785681
300317	30.50195
300318	-15.88055
300319	1.7745639
300320	3.5533242
300321	2.2126503
300322	-13.015395
300323	20.964722
300324	-16.491722
300326	-12.793555
300327	-13.414598
300328	-8.373367
300329	6.2012644
300331	-13.861782
300332	5.538873
300333	17.880423
300334	-15.143529
300335	6.246482
300337	2.9818015
300338	6.4174294
300339	-2.8048692
300340	6.3287745
300341	-14.664427
300342	-15.473146
300343	5.663002
300344	20.965202
300345	-19.70857
300346	1.7321109
300347	-15.479748
300348	-6.9836254
300349	-3.3291926
300350	18.445095
300351	-11.81644
300352	-14.645374
300353	-15.444556
300354	4.0237174
300355	1.7066306
300357	6.458118
300358	-15.88055
300359	-13.966731
300360	1.4310545
300363	-13.414516
300364	-5.2110662
300365	-17.066858
300366	-15.165704
300368	13.22002
300369	-13.96701
300370	6.418233
300371	-15.8805685
300373	-14.860683
300374	0.9404122
300375	27.641636
300376	-7.5591683
300377	-14.051722
300378	-15.113846
300379	-13.966757
300380	-13.966601
300381	6.458118
300382	-10.064078
300383	6.4587593
300384	-2.497557
300385	-5.1290517
300386	-6.6910276
300387	27.628183
300388	-13.015424
300389	-0.7735225
300390	-1.0612222
300391	3.7049634
300393	-13.414515
300394	0.21359362
300395	-6.555179
300396	-9.594334
300397	11.418751
300398	-13.229112
300399	-15.143529
300400	-15.8805685
300401	-2.8091757
300402	-6.4412594
300403	-16.483824
300404	6.458118
300405	-15.721597
300406	-7.5255146
300407	-15.472818
300408	-13.414515
300409	-15.4796505
300410	-14.358793
300411	6.3801455
300412	-13.877561
300413	-13.902313
300414	-15.463833
300415	4.0563483
300416	-0.5752979
300417	3.7196546
300418	1.751555
300419	-13.966602
300420	20.96698
300421	-10.197491
300422	10.28055
300423	20.964718
300424	-13.784416
300425	-5.7698183
300426	-13.414515
300427	28.605713
300428	4.0563145
300429	0.9152278
300430	-0.799318
300432	-18.338446
300433	-10.8200865
300434	-13.790981
300435	6.563338
300436	-15.8805685
300437	-3.0794432
300438	4.7780604
300439	19.387814
300440	9.904541
300441	-15.4796505
300442	-2.1376143
300443	-14.860989
300444	9.636189
300445	6.458118
300446	5.632032
300447	-14.860673
300448	-15.88055
300449	17.817644
300450	-7.0490613
300451	-15.076536
300452	-13.965244
300453	11.715476
300454	4.920159
300455	-12.255556
300456	-4.5478206
300457	5.6658125
300458	-15.165704
300459	-15.88055
300460	-15.143529
300461	-16.443588
300462	1.8278966
300463	-13.930936
300464	20.964722
300465	42.603992
300466	-8.01013
300467	-15.039238
300468	-5.3096766
300469	-2.997433
300470	4.718122
300471	-12.465493
300472	20.964722
300473	20.965586
300474	-11.882026
300475	0.91550314
300476	-15.473211
300477	23.393906
300478	-2.8772812
300479	29.056965
300480	1.4014523
300481	-1.7066152
300482	-1.8326389
300483	-13.015427
300484	-8.912633
300485	-19.760464
300486	13.690048
300487	11.715474
300488	-4.666773
300489	-1.4965574
300490	2.5102952
300491	-13.842071
300492	-3.26815
300493	-18.333498
300494	-15.0559435
300496	5.3444004
300497	-9.523059
300498	-1.1488459
300499	-13.966605
300500	4.4018893
300501	-15.8802
300502	-0.7859855
300503	-13.968053
300504	20.965202
300505	32.91157
300506	18.411774
300507	-15.4796505
300508	-14.046805
300509	20.964722
300510	-1.1157091
300511	19.14214
300512	20.964722
300513	47.24458
300514	-2.3730493
300515	18.281012
300516	-13.9697485
300517	24.332241
300518	6.3520722
300519	-13.908878
300520	-6.9696684
300521	6.6599073
300522	-1.512918
300523	1.9133987
300525	1.9052973
300527	1.7577468
300528	21.4776
300529	2.650636
300530	-3.7975204
300531	-11.663606
300532	-15.4796505
300533	-14.267633
300534	-12.28953
300535	59.89787
300536	1.3604947
300537	-8.190656
300538	-2.345367
300539	20.964722
300540	13.450814
300541	0.79294014
300542	-12.315981
300543	-13.966601
300545	-2.762846
300546	0.8873663
300547	-1.650357
300548	-8.022018
300549	-3.5165772
300550	-10.5920725
300551	13.518995
300552	1.5764555
300553	7.5035777
300554	-15.089342
300555	27.566849
300556	20.964718
300557	-12.64122
300558	-15.4796505
300559	-1.0495337
300560	-13.993264
300561	-3.1246822
300562	18.947996
300563	-13.98978
300564	10.04099
300565	-17.66229
300566	-16.549667
300567	-14.860989
300568	11.715464
300569	-14.860989
300570	-6.039868
300571	-15.88055
300572	-15.0472355
300573	1.7429687
300575	-1.756877
300576	0.90737325
300577	0.87625337
300578	8.146404
300579	1.9520205
300580	-10.25421
300581	-13.414107
300582	18.445095
300583	9.673697
300584	-15.88055
300585	-13.015307
300586	-11.033663
300587	-4.4908996
300588	9.959883
300589	-13.414515
300590	-0.45992967
300591	31.86075
300592	24.332237
300593	-13.414108
300594	-13.217663
300595	-13.414107
300596	2.489902
300597	20.964722
300598	-14.046357
300599	12.378227
300600	9.281302
300601	-5.4942164
300602	-14.343188
300603	11.567927
300604	-13.968452
300605	9.602243
300606	10.412466
300607	1.7764856
300608	0.944834
300609	-15.239535
300610	-2.8010616
300611	41.24105
300612	-13.489509
300613	-13.414534
300614	9.073751
300615	-13.01541
300616	-3.3355448
300617	-5.025008
300618	6.392136
300619	-4.218574
300620	2.5310628
300621	8.923671
300622	-15.88069
300623	-14.863298
300624	-64.83358
300625	-12.366458
300626	-19.258848
300627	8.218826
300628	-11.085092
300629	-11.037716
300630	7.0318446
300631	3.8549566
300632	9.546249
300633	-2.8920102
300634	18.524446
300635	-13.015419
300636	-3.050778
300637	21.590883
300638	-5.984451
300639	-4.4481015
300640	3.9617686
300641	4.9631367
300642	-15.88055
300643	21.067894
300644	-2.5577602
300645	3.2063968
300647	-13.007394
300648	0.9584806
300649	1.0592272
300650	17.568636
300651	-5.9593177
300652	29.528284
300653	-1.0554274
300654	47.223534
300655	-1.6326486
300656	-12.069289
300657	-1.0271274
300658	-15.466311
300659	-1.6597425
300660	-7.554914
300661	0.32908398
300662	-4.2339425
300663	12.892292
300664	39.26702
300665	-12.85043
300666	-13.015416
300667	2.0654936
300668	-13.418969
300669	32.876106
300670	-0.90968513
300671	-13.414107
300672	7.6756945
300673	6.545954
300674	29.678913
300675	8.5721445
300676	-11.735288
300677	-6.0472326
300678	-3.9246166
300679	3.4567533
300680	-16.827091
300681	-15.479651
300682	-2.351925
300683	-14.5282345
300684	-6.9868865
300685	-13.415182
300686	17.076544
300687	14.019162
300688	-4.852124
300689	-15.034165
300690	-14.860985
300691	-15.88055
300692	-7.5329504
300693	-14.860989
300694	17.817617
300695	-16.530558
300696	7.7320333
300697	17.865477
300698	-5.851316
300699	-13.414515
300700	33.908695
300701	12.3780155
300702	-6.4238534
300703	20.904348
300705	8.7641325
300706	-14.317462
300707	0.65344167
300708	18.710829
300709	-15.88055
300710	11.832495
300711	0.5289792
300712	6.59975
300713	-16.8924
300715	38.833023
300716	-14.76315
300717	-1.8533257
300718	-5.092971
300719	14.248591
300720	-5.674683
300721	9.425577
300722	-6.386147
300723	-2.3938563
300724	4.791705
300725	-13.414516
300726	-13.784412
300727	-2.2182274
300729	-5.0865645
300730	2.6389284
300731	15.967607
300732	-6.6157575
300733	12.378015
300735	-13.501941
300736	27.179535
300737	18.445072
300738	2.689875
300739	28.956697
300740	2.788208
300741	-15.463361
300743	-12.7753525
300745	15.769463
300746	11.975206
300747	2.7769217
300748	7.463861
300749	23.935026
300750	0.78766274
300751	4.056164
300752	-15.479651
300753	29.17038
300755	4.6921844
300756	2.848129
300757	-14.611751
300758	0.78497756
300759	-13.7064085
300760	3.4428983
300761	3.3913174
300762	-7.526968
300763	-13.414105
300765	4.255468
300766	20.942808
300767	4.393469
300768	12.378228
300769	6.233401
300770	0.4658022
300771	5.6212444
300772	12.378227
300773	3.3785167
300774	29.170382
300775	8.248395
300776	-1.4006838
300777	12.375388
300778	-13.786499
300779	-71.24706
300780	-13.784989
300781	-3.3055239
300782	5.197513
300783	6.23459
300785	-7.885494
300786	8.9804325
300787	-3.2655787
300788	14.971528
300789	-14.081029
300790	-13.967055
300791	-13.382064
300792	-11.667874
300793	-14.358793
300795	5.5023346
300796	-17.916994
300797	20.271755
300798	28.236229
300800	-11.43934
300801	-1.7859768
300802	-15.165704
300803	-13.414538
300804	19.832167
300805	9.536659
300806	0.00031589787
300807	7.5890403
300808	8.464522
300809	-13.414517
300810	6.4759283
300811	10.182526
300812	-4.5571404
300813	-14.5540905
300814	13.536131
300815	-13.412196
300816	16.190601
300817	-13.78483
300818	-7.5606956
300819	36.7821
300820	-15.103159
300821	29.7693
300822	24.354877
300823	41.770294
300824	-13.01541
300825	-5.977729
300826	8.894133
300827	-14.860989
300828	20.964722
300829	-2.227406
300830	18.44213
300831	42.33217
300832	-7.0401797
300833	0.64919746
300834	33.986633
300835	-13.924157
300836	-15.312393
300837	32.241077
300838	19.49239
300839	5.716016
300840	42.894573
300841	-15.88055
300842	6.545942
300843	26.2555
300844	-13.414608
300845	11.56762
300846	11.973675
300847	-5.31029
300848	-1.796113
300849	24.332241
300850	-13.414107
300851	7.1796255
300852	1.7180421
300853	0.019296877
300854	11.549057
300855	1.8134291
300856	-5.2701674
300857	-11.748403
300858	-2.7307158
300859	-6.692353
300860	-15.88055
300861	1.7308357
300862	-4.1389136
300863	-15.8805685
300864	-15.88055
300865	2.8271425
300866	4.9322805
300867	0.09214301
300868	20.964722
300869	19.810987
300870	1.5961328
300871	11.414876
300872	-11.1774
300873	-10.26874
300875	-13.01541
300876	-15.3179
300877	-17.66644
300878	1.4008789
300879	4.939391
300880	8.892698
300881	-13.676534
300882	-1.6461419
300883	21.020044
300884	21.006931
300885	8.5721445
300886	-6.428196
300887	0.66392714
300888	-14.856391
300889	27.659658
300890	-15.806965
300891	-6.7209325
300892	11.975206
300893	0.504947
300894	9.095973
300895	-7.540867
300896	-15.479651
300897	19.657248
300898	12.572328
300899	21.580912
300900	11.381854
300901	18.445072
300902	6.12407
300903	32.815422
300904	5.509553
300905	5.7180943
300906	9.732172
300907	8.51268
300908	5.1595874
300909	3.270248
300910	-3.26815
300911	16.367794
300912	29.499725
300913	-2.7584767
300915	-14.860989
300916	2.6224492
300917	-13.414608
300918	-5.2665377
300919	4.1608386
300920	0.76332784
300921	-12.488304
300922	41.241745
300923	11.975204
300925	-10.257378
300926	-2.7806797
300927	16.424353
300928	3.725251
300929	-13.015419
300930	1.3565723
300931	15.677708
300932	17.89235
300933	18.171593
300935	-10.566203
300936	3.3141701
300937	28.648228
300938	-2.0046036
300939	-15.4796505
300940	28.589241
300941	17.894474
300942	25.465006
300943	9.602243
300945	19.920095
300946	-8.5606365
300947	-2.7907026
300948	-11.134203
300949	-13.819917
300950	20.415031
300951	-14.92102
300952	9.136091
300953	4.6829724
300955	-15.143529
300956	26.662779
300957	-2.577386
300958	-13.784412
300959	-3.5103176
300960	11.975204
300961	11.975206
300962	9.605303
300963	11.823419
300964	-13.989953
300965	-10.487754
300966	19.483847
300967	11.975206
300968	20.965202
300969	-14.6676
300970	-11.65461
300971	23.471998
300972	-15.239535
300973	5.4946876
300975	11.259499
300976	-15.88055
300977	-3.763053
300978	21.575155
300979	-47.487003
300980	12.377356
300981	-0.9235151
300982	-7.181651
300983	-13.414515
300984	-2.823525
300985	-15.7154045
300986	20.964722
300987	29.17072
300988	1.9581466
300989	-13.4146595
300990	-15.175045
300991	6.0016265
300992	12.370982
300993	24.745996
300994	7.615697
300995	24.332102
300996	-15.519741
300997	13.663798
300998	-12.101809
300999	13.8743305
301000	-16.826841
301001	16.81613
301002	11.317311
301003	-7.5097384
301004	2.2597704
301005	-3.273674
301006	-11.662927
301007	27.664318
301008	-13.602458
301009	20.965206
301010	-13.786048
301011	24.189194
301012	2.885973
301013	9.970908
301015	-7.5421696
301016	-13.414514
301017	8.903799
301018	13.563048
301019	14.485479
301020	11.691726
301021	24.332241
301022	9.384265
301023	-15.47869
301024	-13.414107
301025	40.57064
301026	1.4014271
301027	18.508171
301028	11.567432
301029	32.79564
301030	-17.90705
301031	8.625874
301032	24.332241
301033	-15.41118
301035	-1.5724825
301036	-13.0155735
301037	-13.784412
301038	25.811018
301039	24.332241
301040	-15.143529
301041	12.534414
301042	-5.2190337
301043	0.70322126
301045	12.422609
301046	8.206691
301047	-7.2617826
301048	27.880816
301049	11.975206
301050	-5.095452
301051	-15.4796505
301052	34.67443
301053	-6.1496534
301055	19.257345
301056	31.367718
301057	-15.437339
301058	-5.6777945
301059	33.16211
301060	20.964722
301061	-13.969535
301062	1.7933427
301063	1.4012665
301065	-14.937192
301066	-15.143529
301067	3.567034
301068	-95.34219
301069	8.059828
301070	-11.394486
301071	-0.2920529
301072	12.535802
301073	-7.8088474
301075	12.378227
301076	-0.057875562
301077	-5.802975
301078	9.732171
301079	9.673697
301080	-13.966602
301081	28.571568
301082	1.707845
301083	-0.72316
301085	-1.0557452
301086	-4.5506883
301087	-23.17139
301088	-6.30602
301089	-8.984075
301090	-5.096446
301091	-14.860969
301092	-3.4522462
301093	24.33207
301095	4.442099
301096	4.9631367
301097	-16.986862
301098	-12.337401
301099	-13.000664
301100	14.777035
301101	-13.015393
301102	12.376132
301103	-9.760151
301105	-19.438263
301106	-14.834358
301107	-10.485672
301108	7.1261997
301109	-1.1702641
301110	-3.0490458
301111	9.676822
301112	-10.26874
301113	11.429394
301115	-13.44329
301116	11.959853
301117	2.659979
301118	6.21949
301119	1.2893906
301120	0.5597825
301121	-15.88055
301122	-13.786048
301123	11.56744
301125	24.332241
301126	8.338529
301127	-15.143529
301128	-14.046357
301129	-0.8023917
301130	-9.269277
301131	0.9444353
301132	17.190926
301133	-14.01017
301135	16.336561
301136	-13.0155735
301137	-13.932535
301138	15.530821
301139	14.302824
301141	-5.598378
301148	21.708603
301149	28.7058
301150	1.9581482
301151	10.04099
301152	-13.786338
301153	1.9581466
301155	-7.8083906
301156	6.8291864
301157	-15.165704
301158	-13.015503
301159	-3.5686457
301160	11.898162
301161	1.7050642
301162	5.573685
301163	12.37007
301165	-14.791359
301166	-13.896744
301167	12.378227
301168	8.894185
301169	1.78996
301170	4.01325
301171	-4.0713053
301172	0.47290882
301175	11.759535
301176	10.41101
301177	0.6261973
301178	11.762702
301179	6.081867
301180	-13.785056
301181	4.671104
301182	0.99437946
301183	0.8085843
301185	-13.714922
301186	4.2347736
301187	13.108384
301188	2.5490322
301189	18.42014
301190	27.621687
301191	-8.87518
301192	26.463243
301193	5.6333594
301195	-14.860989
301196	36.182087
301197	27.64579
301198	-14.358793
301199	-13.227946
301200	-6.18296
301201	-13.875851
301202	21.4776
301203	-7.538866
301205	0.3664396
301206	-14.860989
301207	1.3962682
301208	-15.4796505
301209	11.94806
301210	2.5167277
301211	13.220067
301212	-2.1539369
301213	-13.785838
301215	11.9737
301216	1.6987346
301217	12.857432
301218	-0.34204137
301219	1.8256584
301220	8.401337
301221	-13.414608
301222	0.16697538
301223	24.332214
301225	5.684289
301226	-14.633568
301227	-21.78044
301228	2.8282566
301229	3.501344
301230	6.458118
301231	6.577337
301232	-13.414608
301233	-14.860985
301234	-8.991678
301235	21.165543
301236	1.1573042
301237	18.658106
301238	39.255135
301239	-14.860989
301246	-4.492317
301248	27.271185
301251	8.214422
301252	-7.5446253
301255	-13.379324
301256	21.019138
301257	2.2749224
301258	42.89481
301259	7.232259
301260	39.126965
301261	-0.95693123
301262	12.376405
301263	7.2291794
301265	11.870419
301266	8.5721445
301267	4.393027
301268	-6.303533
301269	8.882066
301270	-1.4212961
301272	5.269261
301273	13.220067
301276	-4.1860456
301277	-14.78638
301278	-13.414603
301279	19.808569
301280	6.8293786
301281	-15.004426
301282	33.63015
301283	-2.565036
301285	22.705645
301286	-1.2793864
301287	-13.791058
301288	9.17802
301289	-4.525175
301290	19.046358
301291	-39.39498
301292	7.7226334
301293	-5.6370654
301295	0.20574632
301296	18.445072
301297	8.116257
301298	34.68308
301299	0.78447217
301300	-0.7768746
301301	-3.5165088
301302	-13.789368
301303	21.43356
301305	12.356579
301306	-14.048426
301307	-0.5130659
301308	-5.9838376
301309	23.138878
301310	-13.783117
301311	9.348235
301312	-15.88069
301313	17.094238
301314	-3.8552208
301315	-13.414161
301316	20.965202
301317	5.7043695
301318	-17.18747
301319	4.325273
301320	-5.969755
301321	29.17038
301322	-5.094632
301323	3.9054925
301325	5.5305953
301326	-13.785053
301327	-13.861469
301328	-15.16342
301329	9.03623
301330	23.946384
301331	-15.4796505
301332	12.195596
301333	-4.527956
301335	19.10513
301336	1.9286327
301337	12.358531
301338	-15.518651
301339	11.975206
301345	5.6966243
301348	1.0180736
301349	4.973947
301353	8.924958
301355	18.445072
301356	-13.784414
301357	-3.7344317
301358	4.951677
301359	27.587608
301360	-15.8805685
301361	8.706698
301362	-13.964945
301363	2.874164
301365	20.964722
301366	-13.966657
301367	-14.860989
301368	-2.3477814
301369	-13.408076
301370	25.408163
301371	3.9892354
301372	-23.560658
301373	42.790623
301376	24.403587
301377	33.3731
301378	1.9581482
301379	3.98914
301380	-15.453786
301381	6.9680157
301382	12.572741
301383	-13.329333
301386	17.235022
301387	-13.433812
301388	12.5355625
301389	3.420615
301390	5.257136
301391	2.5595672
301393	4.8052297
301395	7.6044316
301396	-17.66481
301397	4.1664114
301398	-9.293545
301399	-15.3218355
301408	17.109009
301413	0.84272444
301418	-6.630886
301419	-2.266559
301421	-13.966602
301428	-13.785053
301429	6.1392765
301439	12.908899
301446	-13.785816
301448	11.584146
301456	0.14761524
301459	-11.1240425
301468	11.7965975
301469	3.644785
301486	-13.434634
301487	5.269111
301488	-13.083121
301489	0.89718884
301498	-6.2644286
301499	-13.874457
301500	10.380127
301502	-13.975592
301503	0.3771205
301505	7.4576955
301507	-7.544808
301508	-59.07772
301509	4.056098
301510	5.302169
301511	0.7995487
301512	-13.966158
301515	24.935564
301516	9.732088
301517	-14.049693
301518	5.3019943
301519	6.1160975
301520	-10.832595
301525	2.6649039
301526	-16.114933
301528	-13.966602
301529	6.5572157
301533	0.254939
301536	-14.046357
301538	2.2035308
301548	4.0556726
301550	-13.573247
301555	23.29344
301558	10.279597
301559	11.582451
301566	12.376125
301567	-3.7329638
301568	-8.376968
301577	1.0085003
301578	-15.88069
301588	18.145058
301589	-29.553679
301591	5.525647
600000	-16.779644
600004	18.907145
600006	-13.924318
600007	-7.985858
600008	8.929854
600009	-15.517761
600010	10.756422
600011	0.6501906
600012	-13.414515
600015	0.7876734
600016	-0.73292977
600017	24.332304
600018	20.964647
600019	14.920368
600020	20.964722
600021	1.0435945
600022	24.332241
600023	2.575984
600025	-13.784412
600026	20.271006
600027	-10.9651165
600028	15.66926
600029	2.0312994
600030	-15.236673
600031	-13.747661
600032	37.538116
600033	27.591455
600035	-13.784414
600036	-15.4796505
600037	-4.3377156
600038	11.715474
600039	5.089618
600048	6.0363564
600050	28.676104
600051	6.4583907
600052	9.573445
600053	-3.5059147
600054	6.458118
600055	-14.860989
600056	-14.859185
600057	5.0826483
600058	6.017935
600059	-13.414515
600060	-7.5262833
600061	-15.130897
600062	-13.015404
600063	-7.4662666
600064	-11.000661
600066	-5.425907
600067	-15.160493
600070	-5.1285477
600071	-14.661904
600072	6.2383347
600073	11.975597
600075	-13.415192
600076	22.885664
600078	4.2577114
600079	-13.414515
600080	-15.485746
600081	-18.596191
600082	32.97693
600083	12.378227
600084	-15.65805
600085	5.296473
600088	-0.9224051
600089	-1.2219703
600094	15.77979
600095	-13.7866745
600096	-13.414598
600097	11.023277
600098	0.9522896
600099	18.445072
600100	-18.983673
600101	-5.6130824
600103	16.252697
600104	-2.5329437
600105	-15.88055
600106	5.141697
600107	11.977203
600108	2.0388532
600109	-13.015422
600110	-13.414516
600111	-0.91913795
600113	-15.261931
600114	-15.4796505
600115	16.739937
600116	-13.37539
600117	11.975206
600118	-14.860989
600119	21.4776
600120	-13.37539
600121	0.8930843
600123	-2.4793277
600125	-14.860989
600126	36.68198
600127	10.996438
600128	17.962807
600129	5.2536044
600130	20.964722
600131	-13.414515
600132	3.6192498
600133	4.055335
600135	-13.786774
600136	16.13716
600137	24.332304
600138	3.5381217
600141	11.715438
600143	-15.88055
600148	-10.568111
600149	30.950035
600150	-7.9376783
600151	5.8582845
600152	1.7304516
600153	5.335187
600155	17.973095
600156	18.445072
600157	-7.999543
600158	-5.9955235
600159	17.620857
600160	2.0645323
600161	-13.418212
600162	-3.391464
600163	4.2285843
600165	41.693436
600166	-14.860989
600167	-13.877408
600168	6.462392
600169	24.332241
600170	-14.860989
600171	-13.406772
600172	20.964722
600173	24.33223
600176	-5.7315893
600177	-14.988933
600178	20.96518
600179	4.2615647
600180	25.379997
600182	12.088168
600183	-7.402003
600184	1.9615662
600185	2.3043866
600186	4.3082614
600187	-14.358793
600188	8.720757
600189	24.332241
600190	24.332241
600191	2.428731
600192	17.719418
600193	8.756932
600195	-7.5255613
600196	-14.860989
600197	4.686995
600198	11.705143
600199	11.715464
600200	-8.024345
600201	1.0549358
600202	18.445072
600203	36.032177
600206	-13.417246
600207	15.048634
600208	1.4014119
600210	-7.786143
600211	-16.530558
600212	6.957818
600215	32.17769
600216	-10.646566
600217	18.445072
600218	2.0106575
600219	-0.06354864
600221	41.26004
600222	12.376077
600223	8.930749
600225	4.343675
600226	-15.518203
600227	24.332241
600228	20.27238
600229	-15.46336
600230	8.930391
600231	-12.222124
600232	-13.784412
600233	19.56164
600234	18.445072
600235	17.72734
600236	0.04569656
600237	15.232979
600238	-14.860989
600239	6.45383
600241	6.3921566
600243	12.369345
600246	-9.954408
600248	4.6576705
600249	24.332241
600250	12.378226
600251	11.715887
600252	-14.860672
600255	8.242534
600256	14.516891
600257	-5.509593
600258	7.0537944
600259	-25.82788
600261	-16.547066
600262	8.869634
600265	9.825799
600266	-13.665255
600267	-14.860989
600268	11.715209
600269	4.8167033
600271	13.305836
600272	-14.154766
600273	-13.032265
600276	-13.375181
600278	7.211353
600279	22.806658
600280	-13.01541
600281	12.343966
600282	4.055698
600283	14.424036
600284	18.445072
600285	4.2242236
600287	2.2865362
600288	-13.785019
600289	24.332241
600292	9.732171
600293	10.733184
600295	5.1705112
600298	-13.015473
600299	-14.860946
600300	42.90794
600301	10.462041
600302	9.732211
600303	19.65417
600305	-14.860989
600307	14.728478
600308	-12.889493
600309	6.6654835
600310	-4.5909786
600312	6.254492
600313	-13.623721
600315	11.71552
600316	-13.411011
600318	12.559486
600319	25.3468
600320	-14.860989
600322	17.487635
600323	-0.39239633
600325	-7.5352077
600326	-15.8805685
600327	-14.57881
600328	-17.306793
600329	2.371159
600330	-3.1070144
600331	-52.86974
600332	-15.165152
600333	16.237404
600335	-13.819369
600336	-13.786499
600337	11.298393
600338	30.15693
600339	7.58798
600340	47.170998
600343	-19.820549
600345	-11.478069
600346	0.00095323025
600348	-2.8144612
600350	-15.463428
600351	-13.409723
600352	-12.825913
600353	-4.3621855
600354	14.418773
600355	17.487612
600356	-13.492359
600358	29.133606
600359	18.490026
600360	11.975171
600361	-11.945962
600362	1.9582835
600363	3.3964095
600365	10.268381
600366	-14.860699
600367	0.10180554
600368	18.141993
600369	9.073791
600370	15.779705
600371	-13.966542
600372	-13.414516
600373	0.07254953
600375	12.376174
600376	6.463965
600377	-3.4886744
600378	-14.859983
600379	8.930749
600380	-0.31143525
600381	21.580921
600382	3.981055
600383	-15.88055
600386	18.444988
600387	15.023526
600388	1.3445146
600389	4.056175
600390	-16.48475
600391	-13.4141
600392	-6.950857
600395	14.086509
600396	-0.38678917
600397	24.32554
600398	3.3109856
600399	-5.3578167
600400	8.930922
600403	4.154499
600405	25.63022
600406	-2.1372938
600408	31.793913
600409	3.4023914
600410	-7.5421815
600415	2.213775
600416	-13.414515
600418	-13.966935
600419	11.414267
600420	-14.860989
600421	-3.8871236
600422	0.766639
600423	24.332241
600425	28.648127
600426	7.103939
600428	1.881878
600429	18.445072
600433	4.101842
600435	-14.860989
600436	-15.251698
600438	-16.538652
600439	-15.88055
600444	-13.01541
600446	6.311856
600448	24.332241
600449	1.9291149
600452	-13.414515
600455	33.025368
600456	-7.9777036
600458	7.2074156
600459	-8.193815
600460	-13.414107
600461	2.2216406
600462	11.975206
600463	-13.900627
600467	7.8122625
600468	-14.860989
600469	3.5647848
600470	18.445072
600475	-14.860989
600476	1.7345569
600477	11.715816
600478	0.40137777
600479	-17.299295
600480	6.8830147
600481	4.051464
600482	-13.07035
600483	1.6239849
600486	4.0630326
600487	1.3222208
600488	24.304413
600489	6.2525544
600490	3.151961
600491	8.929671
600493	-13.786693
600495	-4.528235
600496	8.930571
600497	0.18045571
600498	3.1637928
600499	5.694076
600500	-13.414515
600501	-14.860969
600502	2.4549897
600503	13.256588
600505	4.395378
600506	7.8409934
600507	-14.860989
600508	-2.1849442
600509	-4.83936
600510	29.198772
600511	-14.861666
600512	8.929854
600513	-19.173721
600515	27.63045
600516	-13.40972
600517	-13.414107
600518	7.168475
600519	-0.05172546
600520	-14.046357
600521	-8.212316
600522	-1.0752295
600523	-13.785147
600525	-7.5178638
600526	-13.78401
600527	-6.712145
600528	-13.414976
600529	-8.142735
600530	12.376174
600531	0.99178684
600533	20.964724
600535	-15.457812
600536	-6.4742007
600537	2.490431
600538	17.779762
600539	27.566586
600540	8.930034
600543	17.785765
600545	26.519478
600546	1.0902032
600547	-4.674794
600548	19.087166
600549	-2.6498806
600550	-6.968865
600551	-15.593753
600552	-18.273714
600556	24.332241
600557	-44.809956
600558	-5.40893
600559	-13.414515
600560	4.638474
600561	-13.784423
600562	-14.860989
600563	-14.860978
600566	-12.5644045
600567	31.01375
600568	31.435255
600569	36.79146
600570	-11.260902
600571	0.2029975
600572	11.710097
600573	6.461538
600575	1.0795022
600576	20.965202
600577	-15.88055
600578	12.459553
600579	32.46646
600580	-5.7091026
600581	20.217752
600582	-2.1874676
600583	-3.1919591
600584	-7.961458
600585	3.715146
600586	8.381573
600587	-13.410431
600588	7.731318
600589	-8.4933815
600590	-2.2723792
600592	-12.295123
600593	-7.8678026
600594	-13.414107
600595	39.93739
600596	-13.118623
600597	9.732171
600598	-14.861071
600599	12.37795
600600	0.47533286
600601	-3.454417
600602	1.1691667
600603	4.5449433
600604	-14.860989
600605	-12.416819
600606	-12.279406
600608	-8.865624
600609	-13.414666
600610	5.438653
600611	-29.85207
600612	4.50986
600613	-13.415512
600615	-13.414515
600616	-14.860989
600617	-5.403027
600618	5.9055896
600619	-13.414515
600620	-14.860989
600621	-13.015421
600622	0.064282075
600623	-14.860989
600624	-10.38601
600626	1.968187
600628	-14.860989
600629	-7.8087125
600630	-3.513001
600633	-4.189363
600635	-13.414517
600636	-7.5424542
600637	-13.414108
600638	-13.966189
600639	-14.860987
600640	-15.88055
600641	-14.236445
600642	-7.4791636
600643	-13.414515
600644	5.009661
600645	-14.860989
600648	-13.784448
600649	-7.8118067
600650	-4.5260253
600651	-13.476825
600653	-14.860989
600654	-14.860989
600655	-14.860673
600657	-1.2989771
600658	28.964363
600660	-0.07068101
600661	-0.42270896
600662	-14.860989
600663	7.261045
600664	-13.96659
600665	20.21222
600666	-14.5282345
600667	1.131215
600668	-14.860989
600671	-5.843625
600673	6.5327125
600674	0.05338334
600675	-12.255616
600676	-13.409723
600678	-13.015409
600679	-13.786617
600681	-10.822721
600682	-14.860989
600683	22.583477
600684	-13.414515
600685	8.040934
600686	-4.55086
600688	6.377922
600689	18.99965
600690	-6.933084
600691	14.686312
600692	-14.860985
600693	-8.630564
600694	-3.26815
600696	-4.4343514
600697	-7.9805207
600698	45.064304
600699	7.433677
600702	13.170591
600703	2.6562583
600704	-15.848952
600705	-13.414515
600706	23.095297
600707	3.7098706
600708	20.89691
600710	-14.860989
600711	1.7229444
600712	11.871985
600713	-16.904863
600714	12.3773155
600715	17.507368
600716	-3.3342144
600717	-13.831037
600718	6.4576917
600719	4.9631367
600720	-14.860989
600721	11.973667
600722	11.868749
600724	-15.225922
600725	5.7894
600726	18.411774
600727	-14.860989
600728	-15.165704
600729	6.252542
600730	9.741856
600731	-5.832386
600732	-14.860989
600733	5.6842823
600734	27.672655
600735	59.545166
600736	-14.860989
600737	-4.7723308
600738	6.9091024
600739	8.292653
600740	-6.618396
600741	3.0791235
600742	-13.414107
600743	21.477549
600744	5.825295
600745	-11.653241
600746	-15.479264
600748	18.165615
600749	-3.337935
600750	-7.9853363
600751	36.074856
600753	9.673697
600754	-13.414516
600755	-7.0226755
600756	1.8481457
600757	2.4329417
600758	42.902554
600759	5.0372996
600760	-10.386027
600761	-1.3318051
600763	-13.414616
600764	-14.001415
600765	-5.0946345
600768	8.869633
600769	11.715474
600770	-13.98591
600771	1.7976311
600773	4.973946
600774	-6.9699755
600775	-13.015393
600776	-5.892245
600777	-5.523224
600778	20.964722
600779	-14.6446705
600780	-0.79396224
600782	4.055346
600783	-13.4138155
600784	-14.860673
600785	-34.695686
600787	-5.0948124
600789	2.4095283
600790	-7.06295
600791	8.929118
600792	14.837608
600793	-1.9371394
600794	11.7159395
600795	-2.431688
600796	3.8523786
600797	-15.4796505
600798	6.489824
600800	17.817993
600801	4.1065307
600802	21.580912
600803	6.3859563
600804	11.976588
600805	5.620905
600807	57.060623
600808	45.897137
600809	-1.8402307
600810	42.78337
600811	-0.5657211
600812	11.429395
600814	11.715474
600815	-17.644663
600816	3.7909822
600817	-15.88055
600818	7.4261885
600819	-13.78667
600820	-13.414515
600821	3.0714793
600822	11.348359
600824	-14.860989
600825	-12.278728
600826	6.458118
600827	-14.8609705
600828	-13.395231
600829	-15.4796505
600830	-13.966601
600831	14.66026
600833	-16.950258
600834	-13.786048
600835	-13.414057
600837	-15.4796505
600838	-18.339794
600839	-7.5306935
600841	8.923774
600843	9.684911
600844	12.378227
600845	-7.5427127
600846	-13.4102335
600847	-4.9439106
600848	-15.480249
600850	3.77073
600851	-4.525182
600853	12.371258
600854	-13.43066
600855	12.377948
600857	10.502902
600858	9.708198
600859	-13.414515
600860	27.623833
600861	3.3107097
600862	-13.414515
600863	-1.6399527
600864	-13.414098
600865	9.677466
600866	6.372317
600867	-7.542199
600868	-15.110623
600869	-14.780918
600871	20.965206
600872	8.587197
600873	11.715474
600874	6.459216
600875	0.58578813
600876	10.795718
600877	-14.860779
600879	-13.414515
600880	-14.856415
600881	-8.249351
600882	-13.414515
600883	8.930215
600884	-3.8942654
600885	-6.3371487
600886	-7.531438
600887	1.9396282
600888	-5.830925
600889	-13.01541
600892	-15.239535
600893	-14.856391
600894	-1.5482467
600895	-15.4796505
600897	-14.861089
600898	17.487635
600900	-13.414591
600901	8.338688
600903	17.50626
600905	24.332304
600906	11.959853
600908	28.063488
600909	18.445072
600916	-5.7019634
600917	18.453184
600918	17.973402
600919	-13.784412
600925	9.022472
600926	1.3381009
600927	-13.786705
600928	13.170831
600929	18.445072
600933	7.6108785
600935	8.518779
600936	8.430558
600938	-3.5596256
600939	17.852316
600941	6.146616
600955	7.5881033
600956	9.326505
600958	9.638152
600959	20.965206
600960	-15.213018
600961	-10.381032
600962	3.0714793
600963	18.18708
600965	31.54137
600966	5.660448
600967	-14.861084
600968	42.26831
600969	-13.786217
600970	-6.6799417
600971	-8.341543
600973	19.993511
600975	-3.139178
600976	-13.72537
600977	3.086379
600979	35.16875
600980	-14.5282345
600981	9.675318
600982	20.162603
600983	29.68088
600984	21.707222
600985	-2.455438
600986	27.62333
600987	11.167895
600988	8.790617
600989	54.930267
600990	11.714392
600992	4.1702795
600993	-13.4136715
600995	-16.538685
600996	17.491133
600997	29.848259
600998	2.426077
600999	-19.739841
601000	-13.015422
601001	15.893831
601002	11.601856
601003	19.683832
601005	32.986103
601006	42.90259
601007	25.236065
601008	24.332241
601009	6.458118
601010	33.32245
601011	12.377706
601012	-14.856391
601015	20.225637
601016	15.973643
601018	17.48846
601019	17.505867
601020	9.604429
601021	7.224712
601022	8.767346
601028	4.4695697
601033	5.181395
601038	-3.506932
601058	-6.33633
601059	-3.0806098
601061	42.902348
601065	17.973824
601066	38.61657
601068	36.78028
601069	10.526804
601077	16.66318
601083	-5.210259
601086	28.265326
601088	6.774286
601089	20.965202
601096	10.907379
601098	17.50626
601099	24.332241
601100	-14.697694
601101	18.062748
601106	18.412792
601107	25.232822
601108	8.890159
601111	42.901913
601113	15.843608
601116	24.332241
601117	25.237944
601118	20.992027
601121	3.5352764
601126	-8.000325
601127	-1.0492465
601128	14.192413
601133	28.657341
601136	13.219989
601137	-5.5777693
601138	10.400679
601139	56.405766
601155	5.450761
601156	-32.845436
601158	21.020042
601162	17.487635
601163	28.262629
601166	-15.479274
601168	44.242172
601169	47.176277
601177	6.1388426
601179	17.476543
601186	-13.792248
601187	28.651289
601188	12.378227
601198	9.099244
601199	-13.015542
601200	-13.78672
601208	8.886692
601211	24.332304
601212	29.390478
601216	3.8159192
601218	24.332241
601222	-6.173664
601225	1.083702
601226	12.376918
601228	41.17448
601229	1.4014119
601231	-7.9282913
601233	5.1059337
601236	11.975206
601238	-2.2630427
601279	4.8476806
601288	24.333181
601298	6.7689238
601311	6.0514984
601318	-15.4796505
601319	17.507227
601326	20.935442
601328	20.964722
601330	31.882565
601333	12.350663
601336	-15.464417
601339	18.640106
601360	6.8795323
601366	8.034651
601368	17.973095
601369	10.298061
601375	12.404448
601377	-13.88892
601388	20.271393
601390	28.668951
601398	15.66953
601399	10.404369
601456	11.975206
601500	14.862632
601512	17.50626
601515	-20.80485
601518	29.295328
601519	9.234806
601528	24.332304
601555	12.136942
601566	16.392557
601567	-7.522391
601568	9.675131
601577	33.57525
601579	-15.371177
601588	18.445095
601595	21.739468
601598	23.469223
601599	41.241714
601600	11.33625
601601	-4.5308504
601606	12.37795
601607	-15.879934
601608	28.422146
601609	12.940898
601611	17.50869
601615	18.445072
601616	9.675131
601618	17.487635
601619	14.372718
601628	-15.472805
601633	-4.950655
601636	6.557427
601658	17.8176
601665	8.803192
601666	-10.4798765
601668	9.810605
601669	32.770306
601677	24.335117
601678	11.257046
601686	18.445072
601688	24.332241
601689	0.50920844
601696	18.445072
601698	8.930391
601699	-2.4792495
601700	26.388956
601702	4.9622073
601717	-2.5979931
601718	1.1114806
601727	24.332241
601728	23.22743
601766	33.161575
601777	12.371904
601778	17.4889
601788	17.892395
601789	16.337784
601798	11.582295
601799	-14.67321
601800	1.7086612
601801	47.42563
601808	12.830125
601811	47.043755
601816	18.041542
601818	20.964722
601825	21.222866
601827	9.995407
601828	5.8283787
601838	28.650702
601857	4.001448
601858	35.016933
601860	42.90261
601865	16.884912
601866	33.938885
601868	17.487627
601869	8.930531
601872	3.6280491
601877	0.89806426
601878	-13.07013
601880	24.332304
601881	-13.785241
601882	-0.4197065
601886	4.3943033
601888	-18.047466
601890	9.137034
601898	20.964674
601899	-2.3896954
601900	18.30146
601901	31.406609
601908	1.7734058
601916	17.175282
601918	35.364723
601919	29.477392
601921	9.111555
601928	24.546524
601929	16.149149
601933	12.051323
601939	20.964722
601949	21.020048
601952	-13.784424
601956	24.332312
601958	2.860677
601963	13.896816
601965	9.807059
601966	3.1082296
601968	24.332241
601969	1.9918295
601975	17.19843
601985	29.216791
601988	-14.306373
601989	38.61691
601990	12.378178
601991	12.181691
601992	10.733503
601995	-13.78672
601996	17.550005
601997	28.666796
601998	1.4006554
601999	18.907373
603000	-3.1476436
603001	42.207962
603002	12.363297
603003	32.82863
603004	18.411774
603005	-1.3753438
603006	11.845492
603007	3.2533154
603008	11.533063
603009	-15.473256
603010	3.7246
603011	27.632748
603012	11.944686
603013	32.05683
603015	4.004211
603016	36.604923
603017	-5.161009
603018	7.4262023
603019	0.7167033
603020	-7.667482
603021	11.975206
603022	8.392186
603023	29.939358
603025	6.115262
603026	7.4939637
603027	-13.415182
603028	6.870945
603029	9.564982
603030	32.698586
603031	-14.860989
603032	9.640294
603033	2.964173
603035	9.504002
603036	26.482533
603037	-14.860989
603038	13.352396
603039	-1.4329727
603040	-12.177351
603041	15.3435755
603042	7.533991
603043	6.1244874
603045	7.099652
603048	4.435516
603050	-14.860989
603051	-13.785864
603052	4.2805943
603053	-14.598598
603055	11.975206
603056	-3.30879
603057	2.6641886
603058	-9.993952
603059	8.930391
603060	11.413998
603061	-15.093297
603062	11.715482
603063	5.3019137
603065	11.963924
603066	9.579684
603067	1.2100956
603068	8.716806
603069	24.332241
603070	8.870335
603071	-7.805555
603073	8.0352955
603075	18.445072
603076	7.449122
603077	1.2858714
603078	-13.414515
603079	7.252999
603080	24.33223
603081	21.074488
603082	-15.344696
603083	-1.9987917
603085	39.208824
603086	11.41409
603087	12.427852
603088	1.2587636
603089	24.332304
603090	3.4204926
603093	18.411774
603095	-13.7315
603096	3.157092
603097	7.794398
603098	21.707222
603099	7.349454
603100	-3.6250775
603101	59.54645
603102	9.68897
603103	17.745869
603105	49.32366
603106	24.332241
603107	18.445095
603108	-6.5963926
603109	42.902554
603110	11.859351
603111	-13.561772
603112	29.661581
603113	27.588106
603115	12.402636
603116	17.727028
603117	29.609734
603118	19.539698
603119	17.894165
603121	-11.666404
603122	20.954878
603123	1.0592659
603125	24.235565
603126	3.354558
603127	-14.860705
603128	17.616577
603129	-7.5606265
603130	20.964722
603131	-15.211249
603132	15.604378
603135	2.3073902
603136	-4.9068813
603137	11.414564
603138	-2.266587
603139	7.781366
603150	4.3943796
603151	-8.596849
603153	28.264658
603155	4.518499
603156	-16.779638
603158	12.362184
603159	0.5396192
603160	-1.4121953
603161	0.29103753
603162	-17.398024
603163	5.344033
603165	7.962401
603166	17.817652
603167	8.535615
603168	1.30216
603169	12.378227
603170	-15.045329
603171	7.443484
603172	28.61737
603173	8.5622225
603176	9.957683
603177	12.866115
603178	28.4646
603179	1.1172825
603180	3.147275
603181	4.6714
603182	21.93631
603183	12.378228
603185	-15.144828
603186	17.684763
603187	7.731878
603188	12.356848
603189	11.975204
603190	12.736752
603191	7.612952
603192	17.281034
603193	11.567549
603195	0.072018005
603196	20.964722
603197	6.389145
603198	0.040738456
603199	-15.441163
603200	5.6891394
603201	6.946755
603203	5.5663185
603206	8.790953
603208	0.8731517
603209	12.376033
603211	-13.966351
603212	42.902554
603213	15.038856
603214	21.926743
603215	-15.034165
603216	9.675107
603217	11.712546
603218	12.377724
603219	18.407883
603220	-3.3372822
603221	11.861701
603222	12.37617
603223	-17.306793
603225	-7.18288
603226	7.5912585
603227	11.9752035
603228	-6.324149
603229	-13.414503
603230	14.787337
603231	28.430916
603232	-7.9487047
603233	-2.638739
603235	-0.6575278
603236	6.458118
603237	-3.3179493
603238	2.466844
603239	-2.6198251
603255	6.376157
603256	3.9786756
603258	17.50626
603259	-16.911943
603260	-15.244155
603261	-17.088375
603266	-7.959246
603267	-14.046357
603268	42.901283
603269	34.85407
603270	51.946304
603272	15.313277
603273	-1.460069
603275	3.8751848
603276	18.445072
603277	0.6449751
603278	22.422438
603279	3.1691878
603280	20.964722
603281	-14.860673
603282	5.625466
603283	0.90087944
603286	24.332241
603288	-13.414107
603289	7.711184
603290	-14.860989
603291	-5.278726
603296	4.973947
603297	-3.1613276
603298	-2.6085978
603299	11.443339
603300	7.5962586
603301	3.331499
603303	-4.448101
603305	1.1479195
603306	3.2099206
603307	-15.22754
603308	32.955456
603309	-14.860989
603311	32.285362
603312	-16.269512
603313	2.8854835
603315	12.359497
603316	10.2624035
603317	4.910832
603318	15.349786
603319	4.94522
603320	-2.2765746
603321	42.782146
603322	3.3110843
603323	-2.7375524
603324	-17.452442
603325	-27.859072
603326	19.532719
603327	8.676859
603328	7.464662
603329	8.400047
603330	4.397839
603331	41.453674
603332	1.9610748
603333	18.27031
603335	19.741987
603336	9.991859
603337	3.6352296
603338	5.7656164
603339	8.930749
603341	-4.448244
603344	-0.90704244
603345	-13.414515
603348	4.025851
603351	-7.4888115
603353	20.367893
603355	-13.37539
603356	35.071762
603357	21.56852
603358	-13.464328
603359	12.561167
603360	1.7335887
603363	18.194338
603365	15.7797
603366	28.193918
603367	28.971827
603368	5.6694493
603369	-10.581589
603373	-3.5233128
603375	-14.860673
603377	13.220067
603378	-13.786338
603379	-3.448241
603380	11.567611
603383	-5.094636
603385	14.770986
603386	17.47648
603387	-16.549667
603388	18.47646
603389	9.149222
603390	12.377943
603392	-15.4796505
603393	24.086206
603396	4.056317
603398	-35.48534
603399	9.673697
603408	7.907638
603416	-14.860989
603421	20.829151
603429	9.869073
603439	4.3380055
603444	-12.422466
603456	-13.414515
603458	11.975206
603466	-11.020715
603477	8.56221
603486	4.0555806
603488	-4.1184845
603489	-9.472055
603496	0.9296151
603499	-13.015424
603500	17.097544
603501	5.2851305
603505	8.559901
603506	29.587662
603507	2.9285665
603508	-13.582783
603511	17.842798
603515	-3.512921
603516	-2.0246832
603517	6.77594
603518	12.8244915
603519	2.5040736
603520	20.721943
603527	-5.1829867
603528	33.57936
603529	-7.44576
603530	7.6059966
603533	10.915065
603535	12.061491
603536	2.4328291
603538	17.641455
603551	6.4011908
603556	-3.2660408
603557	34.89023
603558	-3.2747643
603559	9.013979
603565	5.753095
603566	-3.302064
603567	8.930924
603568	-4.165632
603569	28.264729
603577	-13.784419
603578	3.1786857
603579	-9.257643
603580	-13.414533
603583	2.7529242
603585	6.377927
603586	-3.7795215
603587	56.749054
603588	6.018918
603589	-14.860989
603590	14.513649
603595	1.9209743
603596	3.0181398
603598	7.705614
603599	5.2567677
603600	33.14027
603601	-16.795927
603602	-13.41084
603605	-54.703094
603606	-13.967009
603607	24.326658
603608	15.7328415
603609	-13.766435
603610	12.938904
603611	7.1717787
603612	4.283411
603613	-13.41555
603615	28.783371
603616	14.126904
603617	4.922792
603618	7.750911
603619	33.072292
603626	-13.791223
603628	-17.02091
603629	5.6713986
603630	-3.4859505
603633	15.018474
603636	-12.778258
603637	-3.4881501
603638	-7.9094753
603639	3.480393
603648	21.500553
603650	6.9193583
603655	11.111016
603656	20.680286
603657	28.264988
603658	-17.504791
603659	4.973946
603660	9.977959
603661	4.1652217
603662	-15.88055
603663	-2.9948366
603665	2.9917648
603666	-2.4614785
603667	29.67905
603668	27.782047
603669	3.1431527
603676	17.54935
603677	10.499844
603678	-12.353095
603679	19.796677
603680	-13.846152
603681	7.491531
603682	34.3443
603683	7.298903
603685	18.411774
603686	-13.786217
603687	4.0454855
603688	3.8509157
603689	8.931038
603690	11.966416
603693	4.9291286
603696	42.672485
603697	11.977868
603698	24.33233
603699	-13.784501
603700	-13.80397
603701	-15.261931
603703	-9.008573
603706	18.445072
603707	20.265398
603708	16.769972
603709	-7.084725
603711	12.880425
603712	11.975206
603713	6.293468
603716	0.38231608
603717	4.2829423
603718	3.8102083
603719	2.4690187
603721	-13.01541
603722	4.044714
603725	42.711
603726	-16.488552
603727	6.7200603
603728	-14.3602085
603729	16.315376
603730	4.4319406
603733	-6.0959463
603737	5.0713387
603738	-13.966657
603739	13.262369
603755	-13.963894
603757	-7.762532
603758	33.980614
603759	36.78961
603766	15.77972
603767	17.3058
603768	12.197863
603773	1.1025652
603776	8.927398
603777	4.518518
603778	28.264765
603779	7.3102493
603786	1.9581683
603787	21.707214
603788	54.030907
603789	17.821592
603790	11.415596
603797	12.377922
603798	17.05459
603799	-13.967912
603800	18.445072
603801	3.3123786
603803	44.715027
603806	-13.414515
603808	-19.738419
603809	-10.632748
603810	10.720315
603811	-10.155715
603813	18.445072
603815	12.536477
603816	-7.3533044
603817	28.264729
603818	10.214185
603819	1.1551137
603822	-4.1184845
603823	19.334974
603825	10.298709
603826	-12.28927
603828	12.378022
603829	7.906915
603833	-18.333126
603836	7.6128616
603838	-2.8018403
603839	17.341326
603843	10.029424
603848	7.4174366
603855	28.175165
603856	6.449789
603858	-13.414108
603859	2.9922316
603860	14.686627
603861	26.396852
603863	-22.678724
603866	-13.784423
603867	-6.230255
603868	-14.888072
603869	7.1522803
603871	-7.807231
603876	-2.69686
603877	9.675131
603878	3.9242194
603879	4.8626056
603880	-15.463418
603881	-9.934556
603882	-13.784414
603883	-25.995731
603885	-13.414498
603886	-5.662309
603887	3.792983
603888	-7.599512
603889	-7.3267894
603890	0.9844398
603893	7.2116027
603895	11.251111
603896	10.944653
603897	42.902554
603898	2.9884398
603899	2.0655594
603900	12.378227
603901	32.66865
603903	-0.07030596
603906	6.1551304
603908	-15.473265
603909	-4.1779375
603912	28.339317
603915	2.563441
603916	9.073741
603917	20.964722
603918	1.9581482
603919	12.056266
603920	12.4119425
603922	20.369915
603926	21.866364
603927	-2.876812
603928	-1.7146257
603929	-4.8721004
603931	0.86663157
603933	14.166613
603936	1.4685005
603937	21.707088
603938	3.1161923
603939	-6.7642884
603948	33.219006
603949	7.550689
603950	18.445072
603955	21.576273
603956	15.510149
603958	12.468663
603959	21.590738
603960	4.6492996
603963	18.445072
603966	1.9930158
603967	11.421393
603968	4.330091
603969	32.125446
603970	8.86672
603976	19.762411
603977	-7.5412335
603978	11.949695
603979	-2.2835162
603980	16.260775
603982	31.82406
603983	15.433323
603985	4.9259286
603986	0.91797584
603987	-13.840971
603988	-15.472805
603989	5.302155
603990	6.555524
603991	-13.967003
603992	16.126284
603993	1.4320613
603995	5.290609
603997	12.371248
603998	-17.188082
603999	-5.487904
605001	12.376174
605003	3.554988
605005	47.19133
605006	14.073303
605007	3.904864
605008	16.136215
605009	-6.96544
605011	-2.8611796
605016	-2.2868109
605018	14.38886
605020	6.2727156
605028	-1.030117
605033	-5.3983045
605050	-2.8151584
605055	9.673779
605056	12.485963
605058	12.366531
605060	-6.9612417
605066	17.50626
605068	7.4938354
605069	18.885838
605077	7.611731
605080	9.836719
605081	12.378227
605086	-0.46222883
605088	29.48337
605089	-71.29987
605090	7.7395616
605098	-7.3052287
605099	19.463173
605100	-3.4994607
605108	2.209221
605111	-13.414107
605116	32.98019
605117	-13.414515
605118	20.965202
605122	18.027172
605123	2.7027533
605128	0.6796704
605133	29.500235
605136	17.487635
605138	49.929474
605151	7.0663176
605155	20.22718
605158	20.964722
605162	9.111642
605166	-5.2673006
605167	12.070289
605168	-13.771437
605169	-2.4496117
605177	19.006863
605178	13.220067
605179	31.88302
605180	20.920475
605183	24.332304
605186	20.154272
605188	-5.8436575
605189	8.930766
605196	8.083561
605198	-18.907457
605199	20.965202
605208	2.1780443
605218	20.964718
605222	18.445072
605228	28.68733
605255	-13.784636
605258	1.0705742
605259	7.2503805
605266	5.5662913
605268	27.195448
605277	-8.547073
605286	10.071404
605287	10.774353
605288	-12.849062
605289	2.775293
605296	-1.2136352
605298	-3.5015767
605299	-4.0062428
605300	12.250322
605303	12.376918
605305	6.252008
605318	12.231836
605319	17.33014
605333	35.34084
605336	24.003422
605337	-3.4442694
605338	1.8849992
605339	-13.786079
605358	5.302155
605365	8.751011
605366	42.105614
605368	32.480698
605369	-15.157787
605376	24.332241
605377	6.5934405
605378	15.022188
605388	28.264717
605389	7.9450846
605398	-7.5173993
605399	34.045193
605488	28.1465
605499	-12.578537
605500	8.930924
605507	17.829374
605555	2.7012777
605566	2.4025328
605567	24.332241
605577	5.5984836
605580	-4.9278226
605588	-0.17439754
605589	12.517832
605598	17.190926
605599	-3.319748
688001	17.72242
688002	-19.91245
688003	-13.414107
688004	9.875615
688005	11.873168
688006	9.574394
688007	11.760831
688008	-2.5383337
688009	30.651857
688010	9.673698
688011	-3.5060008
688012	-13.414515
688013	-13.025067
688015	13.220067
688016	3.3273425
688017	-4.846948
688018	-14.860989
688019	5.521531
688020	-15.051389
688021	3.5218012
688022	27.186743
688023	-5.7181716
688025	-7.633316
688026	12.370442
688027	-13.295896
688028	13.224201
688029	-7.0425596
688030	13.346995
688031	13.442725
688032	-15.049907
688033	8.716336
688035	2.5118093
688036	-0.1026641
688037	-14.856326
688038	33.576824
688039	17.588104
688041	-15.470759
688045	6.5613594
688046	12.378227
688047	-13.661207
688048	0.42176953
688049	21.549253
688050	-13.413734
688051	18.411774
688052	-14.867198
688053	14.379832
688055	16.299366
688056	0.7393616
688057	8.926109
688058	7.267193
688059	-13.414107
688060	41.598946
688061	-6.0596385
688062	4.5641427
688063	-13.410968
688065	5.3794107
688066	18.445072
688067	15.717693
688068	-14.839845
688069	-13.785
688070	11.846621
688071	13.708273
688072	-12.352575
688073	-11.390922
688075	-15.458851
688076	0.89630234
688077	12.6410475
688078	5.5215626
688079	9.673716
688080	-2.75097
688081	-9.155879
688082	-16.904016
688083	-13.414107
688084	-5.4091234
688085	2.0177267
688087	-7.8064194
688088	13.433499
688089	8.930034
688090	-13.104407
688091	-15.88055
688092	0.29126653
688093	-3.616439
688095	6.4577312
688096	10.874298
688097	24.332241
688098	24.332304
688099	6.263345
688100	-14.860673
688101	3.0716124
688102	11.678622
688103	4.9779024
688105	12.378224
688106	26.427504
688107	7.467359
688108	53.79106
688109	-2.917201
688110	24.332241
688111	-3.5611227
688112	1.9581479
688113	3.6164398
688114	-2.4008381
688115	49.59143
688116	4.397368
688117	-15.4907
688118	28.633968
688119	11.34243
688120	-16.807777
688121	-22.063597
688122	-14.860989
688123	-2.3641403
688125	-13.786676
688126	7.5922174
688127	12.37617
688128	0.10220133
688129	8.930924
688130	1.0130832
688131	-14.860989
688132	4.668283
688133	-13.414524
688135	-13.837095
688136	22.317894
688137	-13.015393
688138	13.6432905
688139	6.5574536
688141	18.397827
688143	-13.020635
688146	6.881642
688147	5.5923147
688148	20.33547
688150	10.004839
688151	6.9787345
688152	-7.5609403
688153	5.807184
688155	3.9701707
688156	-3.4957001
688157	-13.414516
688158	14.4486065
688159	14.867037
688160	-15.426776
688161	24.332241
688162	-5.2706313
688163	17.526114
688165	10.03839
688166	0.64583987
688167	2.267469
688168	-16.403847
688169	-6.647865
688170	11.56796
688171	7.519904
688172	-35.233284
688173	17.616297
688175	5.4967523
688176	20.240196
688177	38.66653
688178	12.091027
688179	-13.784497
688180	5.5041847
688181	24.478643
688182	14.960472
688183	12.378227
688184	24.237799
688185	6.4579334
688186	32.508842
688187	-6.9130616
688188	0.9152269
688189	-13.487301
688190	5.3082423
688191	9.640019
688192	-9.283563
688193	19.638731
688195	21.707067
688196	27.340746
688197	-6.6709313
688198	-3.9372413
688199	16.369295
688200	3.548154
688201	12.79855
688202	-14.045045
688203	34.145336
688205	-13.966006
688206	2.3056986
688207	9.673698
688208	5.521118
688209	13.591269
688210	0.92501646
688211	-14.630095
688212	-13.414515
688213	-13.414598
688215	12.897404
688216	15.366335
688217	18.459951
688218	18.397175
688219	11.541471
688220	-0.91725606
688221	52.09652
688222	17.132387
688223	42.902554
688225	27.585829
688226	3.4000447
688227	21.707088
688228	-2.6538658
688229	-5.1284747
688230	-0.012511068
688231	3.3943954
688232	2.8991885
688233	10.375476
688234	-14.860989
688235	-15.261931
688236	16.47244
688237	28.733103
688238	41.208275
688239	26.83975
688244	-1.5766512
688246	8.891687
688247	24.332241
688248	5.6549187
688249	3.4676883
688251	21.656946
688252	36.521107
688253	-15.0499115
688255	32.92801
688256	-15.472805
688257	2.3687003
688258	-13.778404
688259	-13.497051
688260	-13.783518
688261	6.5519648
688262	-13.784424
688265	34.271362
688266	-16.535412
688267	18.411774
688268	2.7087069
688269	-0.75818044
688270	-4.984512
688271	-13.414515
688272	17.492748
688273	14.773752
688275	4.056203
688276	5.250677
688277	20.964722
688278	-3.18096
688279	-14.851666
688280	17.523577
688281	5.2625446
688282	6.1045485
688283	2.0247743
688285	24.113113
688286	-1.9489162
688287	18.445095
688288	13.354123
688289	-4.4572268
688290	-12.237797
688291	8.241303
688292	32.428173
688293	2.213012
688295	7.0337477
688296	14.24667
688297	14.483737
688298	-13.415377
688299	-3.2709546
688300	-0.6216055
688301	-17.224792
688302	27.634323
688303	19.828222
688305	11.715474
688306	9.679464
688307	7.715224
688308	7.6986403
688309	-5.010203
688310	17.900719
688311	9.817651
688312	15.325897
688313	21.357542
688314	-8.377074
688315	10.367376
688316	19.153282
688317	20.964722
688318	-10.1906805
688319	24.332258
688320	17.898106
688321	11.975206
688322	16.424524
688323	17.50626
688325	-13.414517
688326	-13.414515
688327	2.5506923
688328	1.3731356
688329	14.125212
688330	14.324279
688331	-0.45595556
688332	-7.9912195
688333	5.6152263
688334	-32.60557
688335	11.975872
688336	14.597287
688337	-13.414516
688338	-15.455613
688339	-13.968113
688343	4.076633
688345	-1.3292403
688347	7.457786
688348	-13.19504
688349	6.8482795
688350	-3.3975441
688351	3.0970993
688352	3.7572992
688353	8.511808
688355	8.526829
688356	6.252476
688357	11.715335
688358	-13.409847
688359	10.29275
688360	6.36211
688361	-13.414728
688362	-5.6555524
688363	-13.414515
688365	12.8207445
688366	-12.26394
688367	21.05999
688368	-13.414617
688369	7.1524982
688370	6.467681
688371	17.598486
688372	-13.811089
688373	20.647718
688375	2.6378691
688376	54.083565
688377	-3.3991225
688378	4.81918
688379	-14.272161
688380	20.964722
688381	23.266722
688382	24.332241
688383	1.7807207
688385	-35.450924
688386	-10.9643955
688387	29.094692
688388	4.7703276
688389	5.216065
688390	-13.414515
688391	-17.938004
688392	3.4532893
688393	-13.200242
688395	23.127241
688396	5.371042
688398	6.55745
688399	-15.4796505
688400	3.9315166
688401	-6.011829
688403	35.019863
688408	5.3128643
688409	-6.436208
688410	14.308639
688416	31.779572
688418	24.103975
688419	14.275434
688420	36.027344
688425	21.588858
688426	9.674035
688428	20.643475
688429	23.866367
688432	12.376503
688433	-1.2872335
688435	14.150275
688439	4.05542
688443	5.6077046
688448	18.445072
688450	44.852036
688455	11.975206
688456	7.2068806
688458	-5.0946345
688459	24.332312
688466	-4.4480777
688468	12.37034
688469	14.735709
688472	23.935291
688475	3.3030524
688478	-1.4874585
688479	1.3350148
688480	24.352053
688484	9.448733
688485	11.830091
688486	1.9572655
688488	1.0840868
688489	4.932305
688496	14.151676
688498	-0.8022984
688499	7.615591
688500	-14.25329
688501	6.56143
688502	-4.530921
688503	-15.88055
688505	23.924635
688506	-15.88055
688507	-13.414617
688508	-6.5225606
688509	12.378227
688510	8.49039
688511	9.507936
688512	-3.3065898
688513	-15.280668
688515	-14.046357
688516	4.791705
688517	7.612863
688518	5.302194
688519	13.11016
688520	-6.3131022
688521	2.632283
688522	-69.88283
688523	11.9737
688525	-10.68618
688526	4.3939276
688528	45.48983
688529	10.304374
688531	-10.1805725
688533	18.71624
688535	0.20155327
688536	4.056091
688538	20.965206
688539	-95.62905
688543	-4.7945623
688548	14.4367895
688549	8.430559
688550	1.9176536
688551	7.615564
688552	-13.015471
688553	7.318045
688556	-14.651946
688557	47.191444
688558	9.507157
688559	8.729833
688560	2.0076218
688561	27.608084
688562	-15.419388
688563	7.9394956
688565	17.976528
688566	12.075717
688567	1.6298333
688568	0.7535677
688569	43.31379
688570	1.1479125
688571	25.975794
688573	1.698752
688575	-76.28652
688576	6.3535523
688577	-8.999313
688578	-1.0493963
688579	33.267838
688580	3.8079937
688581	-13.414107
688582	-14.860673
688584	6.2297764
688585	17.975191
688586	12.377685
688588	9.152118
688589	4.5922394
688590	0.60452867
688591	3.9070587
688592	4.973947
688593	8.791892
688595	0.91539705
688596	5.2898946
688597	-17.66298
688598	-35.185722
688599	24.300896
688600	14.208959
688601	1.6484184
688602	29.54522
688603	-14.921846
688606	-13.41447
688607	5.8915534
688608	-14.045191
688609	12.374433
688610	-11.401118
688611	-7.8683496
688612	-0.62893146
688613	3.27351
688616	-13.790869
688617	-13.959618
688618	-6.415965
688619	14.304118
688620	-5.720779
688621	4.791705
688622	9.751767
688623	3.104599
688625	-12.255159
688626	-0.8171595
688627	-12.968281
688628	11.537425
688629	9.022561
688630	2.5844643
688631	4.827061
688633	-15.508109
688636	-13.966607
688638	5.573235
688639	4.973947
688646	39.37501
688648	24.335728
688651	1.4549066
688652	-14.860989
688653	5.6596847
688655	9.07756
688656	-44.848667
688657	1.8229777
688658	11.649382
688659	9.462899
688660	18.445072
688661	-0.32606006
688662	12.375644
688663	1.0454744
688665	5.331619
688667	3.3044362
688668	-6.152288
688669	-5.277792
688670	28.206926
688671	-11.2292795
688676	-25.87217
688677	5.7426205
688678	14.212475
688679	31.3679
688680	7.4445686
688681	27.069582
688682	-13.966589
688683	12.22172
688685	-4.4489136
688686	2.9608774
688687	4.3675313
688689	25.632187
688690	18.450043
688693	5.3022633
688695	3.5474577
688696	4.973947
688697	7.5921288
688698	12.621625
688699	2.1143847
688700	5.5775547
688701	13.2191
688702	-13.213865
688707	15.775418
688709	-2.4822345
688711	5.704052
688716	10.269065
688717	-13.414534
688718	10.48479
688719	7.8518615
688720	1.8350693
688722	9.804885
688728	-0.07341341
688733	21.310259
688737	1.6446534
688739	-13.06941
688766	4.5088344
688767	32.205387
688768	-14.860989
688772	-5.9273906
688776	4.973947
688777	2.1801922
688778	6.118774
688779	18.445072
688786	13.43606
688787	-0.08622809
688788	-14.860673
688789	4.968464
688793	2.5713398
688798	5.7769256
688799	-5.538566
688800	-4.6969805
688819	31.88157
688981	-15.4796505
689009	-10.38601
