1	-14.747231
2	-13.414515
4	-13.414518
6	-13.414515
7	4.0779405
8	-13.414515
9	5.538123
10	24.332241
11	-5.094636
12	-10.386014
14	-1.4063745
16	-14.046357
17	5.605545
19	-13.784424
20	11.975206
21	-12.84415
25	-13.414328
26	-0.6960878
27	5.5079007
28	4.973947
29	10.135525
30	-2.8341806
31	-14.860989
32	6.242298
34	-13.415544
35	-3.4173207
36	8.283422
37	4.973947
39	1.9309247
40	17.894135
42	-7.461038
45	-13.7866745
48	-5.0923223
49	5.3128653
50	-8.035162
55	-13.414515
56	18.445072
58	12.37795
59	12.37795
60	-0.7129232
61	-14.860989
62	-15.88055
63	2.2624683
65	5.3128343
66	-22.770712
68	11.975206
69	-5.09468
70	3.4087412
78	-13.414515
88	1.9532031
89	1.05648
90	-58.461704
96	-13.78666
99	-4.9737344
100	12.535574
151	5.026827
153	1.6405767
155	4.3982654
156	21.020042
157	-0.18423156
158	11.975206
159	12.266673
166	12.377799
301	5.7770967
333	-12.779769
338	-7.52551
400	4.8033276
401	10.432836
402	11.310389
403	4.8948145
404	-13.786617
407	-9.937738
408	-7.520076
409	14.395111
410	11.975206
411	-13.786216
415	3.6281369
417	-13.414515
419	-14.859827
420	4.6871886
421	3.0721765
422	-0.776204
423	-6.3224783
425	2.7947538
426	1.7430075
428	-14.860989
429	-18.341272
430	7.612665
488	-14.860673
498	-13.786711
501	-8.001283
503	-13.414107
504	2.9818795
505	21.764275
506	13.220067
507	-12.773968
509	-13.015503
510	-13.784614
513	-13.409796
514	-13.784419
516	6.99447
517	-14.860982
518	11.975206
519	4.0770397
520	5.535123
521	-10.38601
523	12.572327
524	-13.414513
525	-15.841372
526	-13.414515
528	-3.2716188
529	-4.0602603
530	-13.414515
531	-5.207545
532	-13.935302
533	20.980389
534	-5.0946345
536	12.378227
537	4.0481944
538	-13.337124
539	5.1493845
541	-7.5424037
543	-12.119354
544	6.393915
545	20.964722
546	9.321052
547	-13.414515
548	-13.786655
550	-13.414107
551	-10.386027
552	-6.7698407
553	21.807508
554	-13.784418
555	1.2981026
557	-13.785081
558	-13.015471
559	-7.9927955
560	-13.785838
561	-13.786694
563	-13.41025
564	5.6947107
565	4.393889
566	-13.0154295
567	-18.33852
568	-12.819799
570	9.0737505
571	2.979853
572	11.567654
573	12.33069
576	-5.091071
581	5.5665083
582	-6.410713
584	12.173361
586	-3.5103326
589	5.218882
590	-13.786682
591	-11.360667
592	11.975206
593	-3.5138857
595	9.0737505
596	-74.87535
597	-13.015519
598	11.715936
599	12.561357
600	5.312776
601	-8.897033
603	-5.814224
605	9.99826
607	6.3752446
608	11.588957
609	9.732171
610	4.056351
612	1.5208176
615	-4.641547
617	-13.740177
619	-13.413596
620	-6.29851
622	11.975206
623	-13.414515
625	5.1658516
626	-13.414515
627	-13.414515
628	5.151165
629	34.22585
630	-3.292682
631	-7.9646
632	9.0737505
633	-3.111258
635	-13.786694
636	-13.414498
637	-13.414515
638	-13.786499
639	2.3918161
650	4.292749
651	-13.344229
652	-13.414515
655	11.219753
656	11.975206
657	7.7319694
659	-13.784412
661	4.9739437
663	10.526249
665	17.619492
668	-13.78667
669	18.566374
670	-13.414515
672	-13.419663
676	-7.3670774
677	18.501917
678	20.964722
679	11.975206
680	-63.866875
681	-5.094636
682	-6.3327165
683	-48.784832
685	-13.372643
686	-13.409723
688	-0.36157092
690	6.096196
691	-13.786682
692	-13.414515
695	12.378099
697	21.344126
698	-5.510525
700	-10.386009
701	28.26969
702	-13.785838
703	2.8717504
705	-13.414515
707	-2.8352165
708	5.5251474
709	10.625331
710	-4.4486756
711	17.11747
712	-14.048566
713	-13.409723
715	14.09414
716	12.96374
717	12.572328
718	2.404074
719	-1.3253483
720	18.060358
721	6.681187
722	-67.79074
723	4.976733
725	33.93725
726	5.4990945
727	-3.5104249
728	18.445072
729	-14.860673
731	2.394778
733	3.7630863
735	8.927398
736	5.3607807
737	-7.5589304
738	3.6221533
739	-13.414515
750	-13.410431
751	18.157438
752	-1.5291424
753	4.405428
755	-15.03416
756	-13.784416
757	8.914629
758	5.341508
759	17.785765
761	21.707214
762	-4.2964067
766	-11.269489
767	2.4038222
768	-0.5589694
776	-13.414536
777	-4.68076
778	-13.413102
779	1.9559284
782	2.6126294
783	8.9347925
785	11.469737
786	-7.293658
788	12.37795
789	-13.786787
790	-13.413896
791	3.6207845
792	5.549995
793	8.964421
795	4.393889
796	9.112829
797	11.975206
798	-13.331487
799	1.6384968
800	9.975233
801	-2.431558
802	17.61148
803	7.716707
807	-7.312293
809	18.403845
810	-13.016532
811	-3.761575
812	8.5227
813	11.975206
815	-13.78667
816	8.923671
818	-6.7073545
819	-5.102802
820	11.975206
821	5.3021574
822	-0.0270965
823	2.339629
825	-5.519701
826	-13.786599
828	-13.968096
829	-16.549583
830	5.6891418
831	4.056338
833	9.073738
837	-13.786642
838	4.807313
839	5.0031447
848	-14.860989
850	-16.073284
851	12.377202
852	-1.4159812
856	-13.786609
858	2.7498016
859	-13.784779
860	-5.5494485
862	6.450873
863	-3.4652758
868	-13.786217
869	-14.860176
875	-3.795353
876	-13.414515
877	2.8181076
878	-4.4691734
880	-13.415386
881	-13.020134
882	12.369011
883	-3.1187978
885	7.487644
886	1.264585
887	6.2392774
888	-13.414598
889	9.138805
890	13.220067
892	24.332241
893	-10.047874
895	5.7553983
897	11.415184
898	7.154307
899	-5.726698
900	-13.408199
901	-13.414107
902	6.078653
903	12.362977
905	-13.784374
906	6.6396112
908	17.506393
909	12.37795
910	12.377948
911	-3.5046635
912	9.073641
913	-1.833971
915	6.2498665
917	-7.8056073
919	-13.01547
920	4.636089
921	5.313588
922	-4.6691914
923	5.400187
925	17.781076
926	32.641563
927	16.500221
928	8.930034
929	-13.784422
930	-13.786709
931	11.975206
932	4.224572
933	-6.0842414
935	5.309962
936	-10.49291
937	-7.4024744
938	-4.812517
948	-13.933297
949	13.225468
950	-13.784424
951	-13.414515
952	-13.015471
953	11.975206
955	13.745244
957	1.8934989
958	11.975206
959	9.972284
960	0.8511184
962	-5.315979
963	-4.5307374
965	11.975206
966	-3.7462516
967	8.930924
968	-13.784422
969	-13.413896
970	-14.86067
972	13.220066
973	-5.1302614
975	1.4403093
977	2.3606205
978	25.978779
980	12.350977
981	17.893534
983	-3.85682
985	11.975206
987	-13.414107
988	0.6288023
989	-13.410655
990	-34.45912
993	5.486067
995	-13.015503
997	-8.128511
998	-5.0880404
999	-13.015427
1201	-1.9551076
1202	4.393876
1203	4.282525
1205	3.165202
1206	6.554638
1207	5.967077
1208	28.639717
1209	31.37251
1210	8.362063
1211	-1.6753091
1212	-13.786048
1213	30.573118
1215	2.1564243
1216	-73.241005
1217	-2.8352072
1218	-8.273471
1219	-3.4519734
1222	-2.2284904
1223	1.7520723
1225	19.709028
1226	-21.176197
1227	11.64392
1228	-3.8021703
1229	4.323735
1230	11.560242
1231	-13.784522
1234	20.225464
1236	21.020048
1238	11.975206
1239	7.5890403
1255	20.227114
1256	4.4364786
1258	4.019308
1259	-3.782439
1260	4.3943024
1266	-1.1061984
1267	11.975206
1268	17.683939
1269	-13.414534
1270	-5.094584
1278	-1.3120574
1282	7.464479
1283	-53.31067
1286	4.043533
1287	7.4801197
1288	4.650466
1289	4.095548
1296	-4.448108
1298	-15.900003
1299	-3.5103176
1300	3.9417298
1301	-7.5255613
1306	-8.336342
1308	-37.87388
1309	-0.02379888
1311	5.322406
1313	1.1479204
1314	-13.415071
1316	-13.015538
1317	-9.463698
1318	47.949955
1319	17.816324
1322	10.161218
1323	8.184021
1324	3.668381
1326	9.10614
1328	-13.784418
1330	14.635357
1331	7.165398
1332	-13.811089
1333	-12.36471
1336	7.1910067
1337	-3.849707
1338	11.975206
1339	7.5890403
1358	-16.481781
1359	3.544716
1360	5.9300694
1366	7.22717
1367	-13.414515
1368	4.001141
1373	-6.038042
1376	-1.3013307
1378	4.374259
1379	-5.310299
1380	4.761636
1387	12.378227
1389	4.8672423
1696	-13.414608
1872	0.10964598
1896	-3.7934294
1914	3.9687073
1965	20.965206
1979	-13.784424
2001	-13.414515
2003	-7.23561
2004	-13.4143915
2005	-13.784674
2006	4.9739556
2007	-7.8077936
2008	7.5298223
2009	-10.576441
2010	-13.414515
2011	-3.2836661
2012	20.964722
2014	2.206268
2015	5.4611325
2016	2.1383452
2017	-7.5350895
2019	1.6197505
2020	-7.3409395
2021	13.266143
2022	-13.002155
2023	-13.490446
2024	-7.046952
2025	-13.414515
2026	-94.36436
2027	5.6349964
2028	2.2081192
2029	-10.389209
2030	-15.88055
2031	4.493862
2032	-10.750344
2033	0.12166409
2034	-13.414515
2035	-5.1355095
2036	-7.493373
2037	-15.384413
2038	-7.1577926
2039	-8.257966
2040	11.975206
2041	11.715474
2042	5.242541
2043	-10.189968
2044	-8.058641
2045	-7.5261455
2046	-13.414107
2047	12.378227
2048	4.74682
2049	4.973861
2050	-0.80226797
2051	-14.860989
2052	13.475851
2053	2.9147012
2054	7.4852095
2055	-4.2216077
2056	-4.530773
2057	-17.066057
2058	14.770986
2059	18.411774
2060	-1.4517425
2061	-13.784424
2062	-0.5583778
2063	4.5014086
2064	-13.415555
2065	-6.621763
2066	-3.492751
2067	20.965155
2068	4.973947
2069	31.696306
2072	11.975206
2073	4.9055214
2074	3.9710913
2075	-15.539131
2076	11.975206
2077	12.378227
2078	1.0688107
2079	6.217742
2080	4.973988
2081	-13.414516
2082	-13.784424
2083	-15.420927
2084	18.445072
2085	-7.529685
2086	9.246803
2088	6.252555
2090	5.312866
2091	-1.0936933
2092	5.6153193
2093	2.2129161
2094	-14.358793
2095	2.209282
2096	-4.2972994
2097	5.03477
2098	20.965206
2099	-13.414515
2100	-9.31108
2101	2.2044315
2102	-13.803062
2103	-13.792844
2104	-13.375407
2105	12.37795
2106	-7.5252194
2107	-5.094636
2108	-14.860673
2109	8.042762
2110	1.060561
2111	2.4623685
2112	-3.5104125
2114	12.378227
2115	6.2579613
2116	11.715474
2117	-13.405374
2119	-7.9266233
2120	4.9738784
2121	-95.34924
2122	12.37795
2123	-1.1356022
2124	-10.386027
2125	5.3128576
2126	-2.7425737
2127	-13.015397
2128	-1.6830841
2129	6.3762546
2130	-7.560775
2131	-2.8933895
2132	-1.2110012
2133	21.707253
2134	15.801465
2135	-13.784424
2136	17.37581
2137	20.965202
2138	4.116623
2139	1.7282475
2140	4.9743695
2141	12.37007
2142	5.2586675
2144	19.03833
2145	21.051226
2146	-13.15858
2148	5.785999
2149	-3.2877018
2150	-10.571121
2151	-14.860989
2152	0.80107135
2153	1.6889219
2154	4.971784
2155	1.9121202
2156	4.1232347
2157	-56.084667
2158	-13.414515
2159	12.386397
2160	11.975206
2161	3.310907
2162	11.975872
2163	-13.786705
2164	-13.784479
2165	7.2607155
2166	-7.833334
2167	5.4912033
2168	-15.88055
2169	-13.410968
2170	1.6579224
2171	6.55741
2172	12.37785
2173	21.696743
2174	1.6143751
2175	-13.786541
2176	3.659995
2177	-14.771527
2178	-13.786574
2179	-5.0101533
2180	3.478749
2181	20.964722
2182	8.239216
2183	-13.412184
2184	2.4013805
2185	-68.65952
2186	20.001163
2187	9.741797
2188	30.690203
2189	9.073741
2190	-13.414503
2191	-13.786697
2192	-13.96728
2193	12.37795
2194	9.422642
2195	-13.412648
2196	8.907284
2197	5.30209
2198	-3.7299323
2199	6.2214966
2200	-6.9610033
2201	6.5544505
2202	-13.414515
2203	-13.803723
2204	28.311954
2205	-13.784396
2206	6.37714
2207	12.37795
2208	-13.784505
2209	8.918785
2210	-14.382044
2211	20.227148
2212	-17.340908
2213	17.400518
2214	8.15769
2215	4.057481
2216	-11.118995
2217	31.00786
2218	12.377947
2219	-13.41432
2221	-14.860656
2222	-5.148055
2223	4.093705
2224	-3.1412327
2225	4.297924
2226	-5.101017
2227	9.606174
2228	-11.842429
2229	4.971784
2230	3.3146899
2231	-13.786502
2232	-13.414107
2233	6.0178947
2234	12.143825
2235	11.975206
2236	6.193834
2237	-22.245739
2238	-3.5103836
2239	7.649873
2240	-5.8314414
2241	-11.710568
2242	4.579386
2243	17.608076
2244	-13.325608
2245	-13.414103
2246	-14.358793
2247	11.975206
2248	-1.0576897
2249	-4.404767
2250	-13.65771
2251	1.8440957
2252	-58.43146
2253	-11.672853
2254	-5.709542
2255	10.300902
2256	-9.366629
2258	5.427408
2259	18.445204
2261	5.099264
2262	-13.414515
2263	21.707241
2264	7.491983
2265	17.405739
2266	-14.860673
2267	-13.954477
2268	3.9418147
2269	38.60798
2270	3.6913097
2271	4.971784
2272	11.975206
2273	-3.5151246
2274	1.7660863
2275	-13.786709
2276	5.359575
2277	7.230271
2278	12.378227
2279	-4.0685153
2281	-10.3138685
2282	2.4045653
2283	3.6977046
2284	4.229918
2285	-13.786431
2286	-2.0669312
2287	-11.703055
2289	9.682706
2290	18.475866
2291	11.886709
2292	-7.5331492
2293	5.525735
2294	-13.414109
2295	15.115397
2296	5.312701
2297	18.445072
2298	-1.324862
2299	4.0841618
2300	2.769934
2301	-13.015424
2302	1.464019
2303	6.366961
2304	3.619254
2305	17.616552
2306	6.921637
2307	-13.784415
2308	-6.2854166
2309	20.964722
2310	4.2116346
2311	4.258816
2312	4.056351
2313	9.412344
2314	21.705408
2315	-5.187538
2316	7.6787815
2317	-13.414515
2318	1.9424175
2319	9.074228
2320	-13.414515
2321	4.7924533
2322	-7.525686
2323	-16.205492
2324	4.973953
2326	-7.808102
2327	4.971784
2328	5.662977
2329	11.975206
2330	11.975206
2331	-5.0871162
2332	-13.414515
2333	8.959249
2334	5.6446533
2335	4.6762724
2336	11.973751
2337	12.377686
2338	4.973947
2339	-3.510588
2340	-2.7784414
2342	18.445072
2343	9.877883
2344	-13.78677
2345	1.4028101
2346	-6.6024685
2347	-13.786577
2348	14.482268
2349	-13.414515
2350	0.01569454
2351	-7.337043
2352	-4.6404843
2353	5.6866975
2354	42.902534
2355	-3.755655
2356	20.965206
2357	-1.1456411
2358	-0.23039399
2360	3.153488
2361	-13.786687
2362	-3.3120399
2363	12.08927
2364	3.5130107
2365	-11.829946
2366	17.487621
2367	5.378509
2368	6.252539
2369	9.387194
2370	-4.643809
2371	4.9401755
2372	-0.34909198
2373	6.2525206
2374	-13.786694
2375	7.7246428
2376	-13.786675
2377	19.975895
2378	3.371156
2379	-6.759995
2380	6.25219
2381	-62.922977
2382	-13.784424
2383	-13.015471
2384	-6.3744907
2385	-5.0947633
2386	12.37987
2387	11.975292
2388	20.965202
2389	-14.860989
2390	2.209282
2391	4.3989177
2392	-7.82019
2393	-13.786697
2394	4.393916
2395	-7.556609
2396	-1.815385
2397	-13.341689
2398	-5.8241034
2399	-13.414515
2400	-13.414515
2401	4.881228
2402	5.3230567
2403	20.965206
2404	4.398809
2405	-13.786431
2406	15.1294365
2407	4.973947
2408	0.7625967
2409	3.5225477
2410	-13.414513
2412	-10.38601
2413	11.975206
2414	-13.414515
2415	3.310152
2416	3.566388
2418	18.445072
2419	15.029333
2420	6.8142576
2421	-13.38785
2422	-15.4796505
2423	9.674853
2424	-13.414107
2425	-15.143529
2426	9.073741
2427	11.975206
2428	0.4475356
2429	-7.9604707
2430	-49.837185
2431	-13.784416
2432	-13.015779
2434	2.1703987
2436	-3.4241767
2437	4.394316
2438	-13.414539
2439	3.311003
2440	-13.409876
2441	2.2044983
2442	2.6748004
2443	2.4917853
2444	-6.96544
2445	-0.29240984
2446	-13.786541
2448	2.2138267
2449	7.461313
2451	6.461538
2452	6.243513
2453	5.302175
2454	9.984211
2455	-0.8985954
2456	-7.5486884
2457	18.605246
2458	-13.413102
2459	2.402815
2460	6.4542265
2461	12.094256
2462	12.377935
2463	-17.514393
2465	1.2203968
2466	6.444673
2467	-13.37539
2468	11.242283
2469	-4.8708224
2470	20.553185
2471	-13.786574
2472	3.3110015
2474	-13.786633
2475	-7.328558
2476	8.048564
2478	5.203419
2479	12.377912
2480	-13.784412
2481	-13.414515
2482	3.3395014
2483	-3.2748513
2484	-24.76768
2485	32.741863
2486	12.377927
2487	4.0564933
2488	-13.9667635
2489	-17.30644
2490	11.975206
2491	-3.5103757
2492	3.0018847
2493	5.3169756
2494	11.975206
2495	14.604249
2496	-13.7866745
2497	8.677138
2498	-27.848509
2500	16.302269
2501	10.046558
2506	5.535584
2507	2.410176
2508	7.4278173
2510	7.676375
2511	-13.414516
2512	-13.015424
2513	12.572329
2514	6.6548758
2515	-13.015394
2516	-13.015422
2517	-5.09494
2518	4.315793
2519	-5.093159
2520	2.2101116
2521	-6.323663
2522	-3.2445524
2523	18.445072
2524	-4.448099
2526	-3.5064547
2527	7.015941
2528	1.7548642
2529	11.975206
2530	2.7756512
2531	3.3110533
2532	9.998181
2533	4.973947
2534	17.1376
2535	-0.671541
2536	-68.41392
2537	-5.088783
2538	-13.785654
2539	-6.6478777
2540	-5.9404173
2541	4.9741387
2542	-13.786676
2543	-2.9293208
2544	4.9056396
2545	-6.7172937
2546	2.2116456
2547	9.144399
2548	14.402487
2549	-13.414515
2550	-13.414059
2551	11.975872
2552	-9.307243
2553	-15.88055
2554	9.73752
2555	-13.414107
2556	2.6215093
2557	-5.956814
2558	-13.414515
2559	8.385267
2560	-3.5151148
2561	5.09157
2562	21.4776
2563	6.065412
2564	1.1486641
2565	8.964421
2566	12.376193
2567	1.5197214
2568	-13.414515
2569	18.185423
2570	12.557514
2571	11.9752035
2572	5.565465
2573	-3.5100918
2574	11.975206
2575	14.770986
2576	-13.786218
2577	-11.8502035
2578	12.7022705
2579	-3.5104017
2580	4.4747252
2581	2.7817202
2582	4.8320866
2583	-2.4180534
2584	1.6540374
2585	1.7718067
2586	1.3583369
2587	-13.414107
2588	2.2576761
2589	-13.963672
2590	-4.249561
2591	18.158285
2592	12.085962
2593	-0.7891198
2594	-0.93267405
2595	0.9659438
2596	17.488901
2597	7.1269236
2598	7.7148304
2599	25.464998
2600	-3.3245127
2601	6.692732
2602	5.5516567
2603	-13.414107
2605	-2.633695
2606	-4.992924
2607	8.8817
2608	-5.834357
2609	-7.7902966
2611	-13.96806
2612	-5.094632
2613	-13.784406
2614	2.4037983
2615	-13.414498
2616	14.15085
2617	-13.414617
2620	9.732139
2622	11.975206
2623	-27.415033
2624	-13.784458
2625	0.91726094
2626	-13.414002
2627	12.377827
2628	11.540482
2629	13.220067
2630	-15.91591
2631	9.673776
2632	-6.6478786
2633	8.337446
2634	5.0498285
2635	0.68271166
2636	12.378227
2637	-5.369653
2638	18.445072
2639	20.964722
2640	20.964722
2641	2.790308
2642	-15.461127
2643	5.6600504
2644	-13.414515
2645	-4.459553
2646	0.60788167
2647	-14.358793
2648	4.9536653
2649	-10.38601
2650	-13.028452
2651	18.444954
2652	-13.015417
2653	-4.366742
2654	-5.0825953
2655	-7.322124
2656	13.219507
2657	-1.4957616
2658	-13.784414
2659	18.445072
2660	21.742586
2661	-13.784423
2662	4.7619863
2663	-13.7867155
2664	7.3938885
2666	7.4917274
2667	9.135938
2668	-3.8710895
2669	21.770979
2670	-13.015484
2671	-13.784422
2672	-13.78666
2673	9.074266
2674	5.302201
2675	-11.004173
2676	11.462422
2677	-6.9659314
2678	11.977352
2679	-13.786689
2681	-7.53865
2682	21.039011
2683	5.360364
2685	11.9737
2686	9.073751
2687	-25.858328
2688	-13.015468
2689	17.65426
2690	2.693536
2691	12.37795
2692	-13.784424
2693	11.975206
2694	6.2094355
2695	-9.472149
2696	-13.786614
2697	-12.584658
2698	-5.0945897
2700	-14.860989
2701	-14.801588
2702	5.8182645
2703	-2.0579417
2705	3.4058266
2706	6.2581434
2707	-11.553492
2708	4.308005
2709	1.563297
2712	18.445072
2713	20.964722
2714	4.22766
2715	4.664569
2716	-13.625359
2717	13.220066
2718	-13.786633
2719	18.445072
2721	3.9469
2722	3.709479
2723	7.5956287
2724	12.5723095
2725	-3.5112448
2726	-15.686693
2727	5.302175
2728	-13.414518
2729	-13.7856865
2730	1.5493172
2731	-7.358016
2732	3.4270365
2733	6.243416
2734	5.6795917
2735	-5.8703628
2736	-9.304643
2737	-2.5753956
2738	-15.88055
2739	5.0277014
2741	6.303981
2742	-13.7866745
2743	11.975872
2745	12.602559
2746	0.11245902
2747	-7.174341
2748	-9.720613
2749	-16.589603
2750	21.4776
2752	3.4213564
2753	-3.7921362
2755	12.37795
2756	3.098277
2757	4.394526
2758	1.8907518
2759	7.4453754
2760	-13.784419
2761	-3.479644
2762	3.535545
2763	12.09905
2765	20.964718
2766	3.4833555
2767	12.378227
2768	-3.5619953
2769	5.6856184
2771	-12.490218
2772	-15.605417
2773	-10.422491
2774	12.583144
2775	18.445072
2777	5.312953
2778	-6.7194924
2779	-13.414516
2780	7.714911
2782	7.4915576
2783	12.860883
2785	-13.015419
2786	0.7989223
2787	3.5568979
2788	4.3926134
2789	-3.7491646
2790	4.7418046
2791	1.4516544
2792	-13.414517
2793	3.4035108
2795	-13.786443
2796	29.402082
2797	11.975206
2798	11.975206
2799	-13.784364
2800	15.033657
2801	-13.633641
2802	21.771036
2803	-3.5104349
2805	33.425037
2806	13.219445
2807	35.120747
2808	12.37007
2809	0.9264237
2810	-10.007203
2811	-13.786543
2812	4.9739995
2813	-2.663937
2815	8.152673
2816	5.605933
2817	11.975206
2818	-9.367549
2819	-8.708063
2820	0.71296644
2821	-13.414515
2822	11.975206
2823	7.4744735
2824	18.157925
2825	11.975206
2826	11.975206
2827	-13.935302
2828	-3.510785
2829	-13.415071
2830	12.377948
2831	5.7428927
2832	5.589654
2833	-2.8541305
2835	-21.121864
2836	9.0737505
2837	5.312921
2838	2.8324351
2839	20.24188
2840	5.302194
2841	-13.409723
2842	4.393773
2843	-13.394897
2845	-7.3289866
2846	-1.0100496
2847	1.0712035
2848	18.445072
2849	-6.67653
2850	4.0991464
2851	-9.756278
2852	-3.779256
2853	26.70852
2855	17.7794
2856	27.191574
2857	28.14047
2858	21.591175
2859	4.9739494
2860	-2.1648197
2861	-13.784412
2862	20.227165
2863	20.09816
2864	-3.5105352
2865	-13.414107
2866	-22.045567
2867	5.302155
2868	16.794014
2869	4.0759945
2870	-13.784422
2871	3.1193638
2872	11.940017
2873	-3.6004698
2875	20.96471
2876	-7.5606956
2877	7.6699367
2878	-7.5198255
2879	11.419899
2880	5.5103126
2881	-13.277389
2882	3.4914548
2883	-13.78595
2884	6.237489
2885	0.9721911
2886	5.3131704
2887	-5.3761954
2888	-15.463428
2889	-14.876302
2890	-13.786574
2891	0.35091656
2892	-7.560628
2893	3.8756423
2895	26.607862
2896	2.2137895
2897	-7.5004582
2898	18.508171
2899	3.867734
2900	-1.6837204
2901	1.6072407
2902	-0.11278638
2903	2.8850253
2905	-13.786574
2906	5.263249
2907	-13.786676
2908	15.780832
2909	6.4043074
2910	12.377033
2911	-13.015471
2912	-7.8082967
2913	6.1741323
2915	-15.143529
2916	-1.053569
2917	15.014559
2918	-14.877056
2919	-13.414107
2920	-7.293412
2921	4.393815
2922	6.4050493
2923	-7.6080384
2925	4.7363296
2926	11.975206
2927	-0.28671274
2928	4.8422284
2929	2.08024
2930	8.56221
2931	5.2261586
2932	-11.863446
2933	-13.786681
2935	-13.414515
2936	12.373569
2937	-1.8878982
2938	6.252264
2939	18.445072
2940	-0.38617668
2941	12.378227
2942	2.853161
2943	5.3021693
2945	9.076899
2946	26.51405
2947	1.7998431
2948	41.87093
2949	12.092155
2950	-13.785327
2951	15.681274
2952	-13.414107
2953	-0.9975901
2955	1.3772526
2956	-13.410119
2957	2.8372395
2958	35.09214
2959	1.2603362
2960	6.196496
2961	4.3938055
2962	12.764785
2963	12.377877
2965	5.506085
2966	22.903147
2967	17.900158
2968	-3.5104036
2969	21.707214
2970	5.435614
2971	8.56221
2972	-13.784414
2973	7.7113504
2975	-7.328543
2976	2.1933146
2977	-13.414515
2978	-0.020083368
2979	-6.406944
2980	-0.20292096
2981	-0.2828238
2982	-13.371212
2983	-3.129138
2984	2.3396301
2985	-9.275801
2986	19.773874
2987	-15.88055
2988	5.289942
2989	8.328092
2990	5.0370407
2991	5.3030977
2992	5.3230476
2993	4.9631143
2995	-2.353671
2996	-3.7945209
2997	5.21876
2998	3.4313378
2999	-9.067556
3000	-0.3463163
3001	-14.358793
3002	-1.4689405
3003	12.37795
3004	5.4928646
3005	6.7246904
3006	4.6422677
3007	-0.3027603
3008	-4.1353397
3009	-13.414515
3010	40.894043
3011	21.814766
3012	0.8241696
3013	5.891235
3015	-13.785838
3016	-25.613699
3017	-13.781206
3018	10.001179
3019	7.582318
3020	-13.413687
3021	-7.5255146
3022	4.9556603
3023	1.2175087
3025	-13.414105
3026	-13.9796715
3027	12.377941
3028	6.554207
3029	12.378227
3030	4.3940754
3031	9.792273
3032	33.631668
3033	9.111122
3035	7.78068
3036	21.707214
3037	26.764572
3038	-4.447791
3039	5.3679843
3040	-2.969781
3041	-4.063349
3042	-2.1031835
3043	-13.414107
3816	24.332241
300001	5.038626
300002	-13.414515
300003	-0.76216096
300004	20.964722
300005	-10.385771
300006	11.975206
300007	-7.2917094
300008	-5.0946364
300009	2.194111
300010	11.4212055
300011	-13.01523
300012	-7.256668
300013	9.275537
300014	3.7733023
300015	-13.414515
300016	-13.414515
300017	1.7247536
300018	-18.33678
300019	5.688642
300020	-12.396199
300021	-13.414515
300022	10.614528
300024	-5.094636
300025	-0.77989405
300026	-13.414057
300027	-15.8805685
300029	12.351001
300030	11.984455
300031	-7.997996
300032	-13.785838
300033	-13.414515
300034	4.973814
300035	-8.24256
300036	-13.414515
300037	-15.4796505
300039	-13.414503
300040	-7.5334105
300041	-5.0946374
300042	-5.093338
300043	-9.337257
300044	-13.414518
300045	-1.3645618
300046	4.0414453
300047	-13.617274
300048	-4.0568166
300049	-39.6936
300050	-12.176595
300051	-7.558754
300052	15.603557
300053	-13.414106
300054	7.7889423
300055	-13.414515
300056	6.0865455
300057	11.78081
300058	-13.015422
300059	-13.414516
300061	-16.256792
300062	-13.414515
300063	-13.414608
300065	-6.1420927
300066	-12.647854
300067	5.302223
300068	8.56221
300069	9.723024
300070	3.7153785
300071	-2.2983072
300072	-14.860989
300073	-0.8119964
300074	-13.414515
300075	1.734322
300076	-4.448098
300077	-13.414515
300078	-13.414108
300079	-12.487426
300080	12.378227
300081	-15.143529
300082	-15.88055
300083	-13.414108
300084	2.4017286
300085	-13.409723
300086	9.073741
300087	-13.414515
300088	-7.7812643
300091	10.139101
300092	-13.877561
300093	6.8223996
300094	17.747442
300095	-2.7466214
300096	1.6967285
300097	16.500565
300098	-6.850439
300099	-14.860989
300100	-13.414515
300101	-4.266965
300102	-7.9093785
300103	6.1290884
300105	-0.90879196
300106	11.977074
300107	4.8619347
300108	12.377722
300109	-2.2579455
300110	11.975206
300111	13.44402
300112	-13.016568
300113	-15.88055
300114	-15.394526
300115	-7.130924
300117	-12.881965
300118	6.0942507
300119	-5.090819
300120	0.7696887
300121	6.2525544
300122	4.9739423
300123	-13.78649
300124	3.3108354
300125	11.975138
300126	11.975206
300127	6.2573843
300128	-13.414515
300129	-13.414515
300130	2.9680002
300131	-15.8805685
300132	-12.973106
300133	-6.638209
300134	-16.316711
300135	-13.414515
300136	-6.3856
300137	11.240855
300138	3.310993
300139	-16.906425
300140	-1.0900216
300141	-3.4493787
300142	6.7932525
300143	-2.1073678
300144	-4.574372
300145	2.2137847
300146	4.973947
300147	-13.415071
300148	11.905397
300149	-13.01541
300150	-4.643809
300151	-4.162338
300152	-13.786217
300153	10.502941
300154	4.3938465
300155	-9.473924
300157	-13.01541
300158	-13.786574
300159	-14.860989
300160	1.9738703
300161	-13.414515
300162	-7.51596
300163	24.332241
300164	-13.784418
300165	13.225467
300166	-13.41468
300167	-13.784418
300168	-13.414516
300169	12.378227
300170	-7.8247895
300171	-5.4743075
300172	-15.4796505
300173	17.46044
300174	-0.3984805
300175	6.553377
300176	16.297892
300177	-4.1454825
300179	2.6530864
300180	-8.377073
300181	-13.414387
300182	-13.419121
300183	-17.57181
300184	-15.88069
300185	11.975206
300187	-13.414517
300188	-8.002633
300189	-13.785536
300190	-13.414515
300191	-5.0930686
300192	-14.860969
300193	5.3473854
300194	-13.786431
300195	-13.786599
300196	9.118127
300197	-13.414105
300198	-12.541538
300199	-7.522525
300200	5.288341
300201	5.7373886
300203	8.921742
300204	-13.414515
300205	-95.66878
300206	-13.414515
300207	-13.414516
300208	11.975206
300209	20.964705
300210	-7.523745
300211	-13.415071
300212	7.4080377
300213	-4.530947
300214	-3.2089028
300215	-6.647864
300217	-7.230498
300218	4.7998023
300219	-13.786431
300220	-3.5104046
300221	43.03258
300222	-13.414105
300223	-0.5602815
300224	4.0563054
300225	6.2454147
300226	3.3979156
300227	-3.1326728
300228	0.47634608
300229	-2.8000886
300230	4.39386
300231	-13.414109
300232	1.4193347
300233	-95.60279
300234	5.4211097
300235	-13.414515
300236	-5.1266704
300237	8.918704
300238	-7.807371
300239	-0.99023175
300240	18.174694
300241	20.964722
300242	-8.858228
300243	5.7397738
300244	5.2451997
300245	-3.5585558
300246	-13.414515
300247	11.9752035
300248	-13.015419
300249	-13.93241
300250	0.32624114
300251	4.0562735
300252	-13.414107
300253	2.4911923
300254	-13.786217
300255	-13.414515
300256	-10.560022
300257	-8.698915
300258	0.53509253
300259	-13.250627
300260	-0.268311
300261	-13.414515
300263	-13.414513
300264	13.905082
300265	19.424212
300266	3.9285445
300267	-13.01541
300268	1.7532017
300269	-13.01541
300270	5.614281
300271	-7.5871964
300272	-13.786541
300274	-14.860989
300275	-15.477036
300276	-15.88055
300277	-13.414515
300278	-13.78666
300279	-5.1285105
300280	-14.153879
300281	8.869634
300283	7.9661407
300284	3.2873185
300285	3.4832804
300286	4.973947
300287	-13.744429
300288	-13.414515
300289	12.378227
300290	0.46608734
300291	-15.8802
300292	2.213011
300293	-13.414517
300294	-7.5255613
300295	-18.345453
300296	-15.88055
300298	-13.414515
300299	-6.412732
300300	9.072754
300301	-20.55401
300302	-14.860678
300303	-13.015424
300304	-6.401548
300305	-5.84363
300306	2.1893516
300307	-2.132728
300308	-1.7802042
300310	-13.571191
300311	0.58746904
300313	-3.510427
300314	4.5336103
300315	-15.88055
300316	4.974003
300317	13.960295
300318	-13.250627
300319	-0.32763305
300320	3.4585764
300321	6.4883547
300322	-13.415071
300323	2.5596976
300324	7.4424605
300326	-13.414515
300327	-13.641212
300328	-16.55401
300329	1.8070923
300331	-5.138257
300332	-3.1413755
300333	-3.8353248
300334	-4.872238
300335	12.378226
300337	-2.7734678
300338	11.979124
300339	-8.314494
300340	18.815971
300341	-5.0946326
300342	-13.966601
300343	4.056312
300344	-13.015419
300345	-13.786687
300346	7.0976734
300347	-13.414107
300348	-10.417787
300349	-13.13156
300350	17.612852
300351	8.35522
300352	-13.015428
300353	-13.966605
300354	5.3128653
300355	-13.78666
300357	-7.54206
300358	-13.414105
300359	-14.620101
300360	2.5318487
300363	-13.414515
300364	15.4526825
300365	-13.069489
300366	-10.443524
300368	11.975206
300369	-13.37916
300370	-13.015424
300371	-12.484889
300373	4.728327
300374	4.5965977
300375	-13.786431
300376	-3.6099477
300377	-13.414653
300378	-13.25576
300379	-15.88055
300380	-13.414107
300381	-5.0951376
300382	-16.559662
300383	-5.182082
300384	-7.475139
300385	29.400864
300386	-11.040766
300387	-13.859174
300388	-13.414515
300389	7.998747
300390	2.2130504
300391	5.30224
300393	3.9005873
300394	-1.0502121
300395	-5.094636
300396	-7.065871
300397	4.589095
300398	1.0520254
300399	-13.785838
300400	-13.414107
300401	-6.7364187
300402	-15.239535
300403	-13.00527
300404	-7.8074965
300405	19.374767
300406	-0.14302915
300407	-13.015422
300408	-14.860989
300409	-13.015422
300410	-4.4486756
300411	7.612314
300412	-5.129381
300413	-13.410968
300414	8.926805
300415	7.732128
300416	2.648613
300417	13.176137
300418	-1.0130385
300419	-13.414515
300420	-14.335784
300421	-3.5107832
300422	-3.8311834
300423	12.378227
300424	-13.786217
300425	-7.8072877
300426	-13.414515
300427	2.2272165
300428	5.2856116
300429	-7.560603
300430	-7.560497
300432	11.715474
300433	-0.97570556
300434	-13.784423
300435	6.3863573
300436	-13.414107
300437	9.746023
300438	4.574726
300439	-13.784038
300440	11.9752035
300441	-13.414105
300442	4.4937778
300443	-13.414107
300444	6.069319
300445	5.713754
300446	-13.414517
300447	-13.414513
300448	-13.383557
300449	34.09772
300450	3.3944588
300451	-13.414515
300452	-13.414057
300453	-5.0946345
300454	-3.5789385
300455	-59.970085
300456	-13.020163
300457	0.9152269
300458	-8.388551
300459	-15.88055
300460	11.661228
300461	-13.784416
300462	-5.8311496
300463	-13.414515
300464	9.136082
300465	-13.95978
300466	-15.88055
300467	-15.8805685
300468	-15.8805685
300469	1.4385889
300470	5.231324
300471	-15.88055
300472	-13.01541
300473	13.219989
300474	7.981201
300475	5.882894
300476	0.8441909
300477	17.50626
300478	20.964722
300479	2.4539764
300480	-7.5590706
300481	5.989375
300482	2.755718
300483	-13.784422
300484	-7.0068293
300485	-13.786633
300486	7.2610207
300487	12.621509
300488	2.213775
300489	0.6530448
300490	-13.786213
300491	3.9443343
300492	4.103721
300493	-13.414547
300494	-15.8805685
300496	-7.5490174
300497	-9.099637
300498	8.471741
300499	-13.414515
300500	32.334076
300501	-14.860989
300502	-1.7092233
300503	-13.414608
300504	10.040023
300505	-21.058193
300506	9.073738
300507	-13.414108
300508	-10.386027
300509	11.971899
300510	12.377948
300511	13.79288
300512	18.445072
300513	-1.0510687
300514	-1.2949973
300515	7.568251
300516	-13.414115
300517	9.073738
300518	20.964722
300519	-13.786338
300520	-7.372138
300521	4.344323
300522	4.6921124
300523	4.0391
300525	-6.2372828
300527	8.930215
300528	12.361381
300529	-5.4338255
300530	-10.780667
300531	-12.488304
300532	-15.8805685
300533	-15.88055
300534	-3.2253067
300535	7.7621174
300536	8.3625345
300537	0.22594544
300538	-84.32528
300539	11.832729
300540	17.356848
300541	0.3024144
300542	-9.044799
300543	4.39433
300545	-7.5198684
300546	-6.810086
300547	4.120707
300548	-4.914364
300549	2.4079525
300550	-13.784461
300551	-13.784501
300552	4.8111634
300553	-8.429059
300554	-35.08361
300555	8.930924
300556	20.964722
300557	6.5416017
300558	-13.414515
300559	1.7430003
300560	-13.784416
300561	-2.1866677
300562	-13.784418
300563	-13.414107
300564	9.196014
300565	-3.0719717
300566	-17.30378
300567	5.2268276
300568	2.6462977
300569	-13.414515
300570	-2.5670614
300571	-13.414515
300572	-13.414515
300573	4.9631367
300575	-7.2934413
300576	-28.986158
300577	-7.52547
300578	2.4540796
300579	5.274068
300580	-13.414515
300581	-13.414515
300582	11.975206
300583	-13.786217
300584	-4.6919374
300585	-16.793205
300586	-7.3281903
300587	4.507267
300588	8.921653
300589	-5.094636
300590	-32.08712
300591	19.256039
300592	17.50626
300593	-12.255824
300594	-13.786217
300595	6.3824353
300596	7.7316546
300597	11.567432
300598	-13.414516
300599	11.975206
300600	17.409529
300601	4.37998
300602	-3.7635343
300603	11.975206
300604	3.787332
300605	17.973131
300606	3.8933482
300607	5.524594
300608	-7.534978
300609	-8.860575
300610	25.589396
300611	12.377881
300612	3.9616132
300613	-14.860989
300614	12.572401
300615	-13.785838
300616	4.93527
300617	4.9739246
300618	-11.023876
300619	13.219349
300620	-11.0218315
300621	-3.5109296
300622	-6.6265125
300623	-13.966617
300624	4.040002
300625	-15.961931
300626	-13.784428
300627	0.0805229
300628	0.21807697
300629	-5.9308944
300630	-15.8805685
300631	5.4205914
300632	9.675177
300633	-0.36505207
300634	7.491266
300635	8.918785
300636	5.7362
300637	17.72596
300638	-72.53449
300639	-13.414107
300640	-13.786499
300641	-95.100235
300642	-12.488309
300643	7.4913664
300644	5.136875
300645	-0.8450288
300647	9.784465
300648	2.0687678
300649	26.499228
300650	0.871836
300651	8.36621
300652	10.400776
300653	6.183691
300654	12.562235
300655	7.724814
300656	-13.019393
300657	1.7429087
300658	-13.786642
300659	-2.6584318
300660	-7.5173926
300661	-31.346334
300662	4.8740683
300663	-7.6858964
300664	12.377957
300665	-15.143529
300666	-52.1771
300667	8.930924
300668	-13.414515
300669	-22.450476
300670	-5.5916524
300671	4.04786
300672	5.3119583
300673	6.252003
300674	-1.7563459
300675	-13.01541
300676	-13.414513
300677	-7.5255613
300678	-13.5474
300679	3.325302
300680	-7.397371
300681	-8.672135
300682	6.6381764
300683	-13.015428
300684	-7.328543
300685	-13.414515
300686	-3.8554525
300687	3.5756965
300688	-5.6268754
300689	-15.034165
300690	-5.095024
300691	-13.132778
300692	8.934335
300693	-13.414515
300694	20.368313
300695	-15.261931
300696	0.8660772
300697	-89.27478
300698	-3.6294477
300699	-0.5064275
300700	1.934641
300701	-3.9128895
300702	-68.44742
300703	12.090469
300705	-48.431232
300706	-8.063376
300707	-3.8909988
300708	12.088215
300709	-14.860674
300710	-13.786338
300711	2.6815395
300712	3.1493113
300713	-13.414107
300715	-2.2356832
300716	-14.153879
300717	-0.3004843
300718	-15.88055
300719	6.242447
300720	-15.88055
300721	-3.7938683
300722	-13.416657
300723	-7.559462
300724	2.0645323
300725	-3.2771966
300726	-13.786338
300727	-2.2949383
300729	-2.32694
300730	0.23834977
300731	12.33025
300732	5.729328
300733	13.220067
300735	-7.5606956
300736	17.785769
300737	17.759138
300738	-31.629736
300739	-1.4471655
300740	5.302183
300741	11.9752035
300743	14.80496
300745	5.6443763
300746	11.975206
300747	5.3139343
300748	3.9148262
300749	9.67483
300750	2.2567987
300751	4.973947
300752	-7.526216
300753	11.695963
300755	6.856779
300756	-2.8266957
300757	-7.924495
300758	5.1344786
300759	-13.414515
300760	-41.978638
300761	4.9767933
300762	-10.895437
300763	-14.860969
300765	-14.8044
300766	14.500217
300767	3.0403767
300768	9.958272
300769	4.607407
300770	2.7417138
300771	-13.786499
300772	11.975206
300773	0.93659097
300774	20.964722
300775	-13.786633
300776	5.6331887
300777	11.576242
300778	-3.5105176
300779	4.649438
300780	-13.784418
300781	-68.6058
300782	4.9755287
300783	55.692326
300785	-2.8294792
300786	5.302175
300787	-7.560625
300788	-13.896744
300789	-13.414515
300790	-7.521
300791	-13.37539
300792	-15.4907
300793	11.975204
300795	4.9739494
300796	33.712418
300797	5.059383
300798	-35.981926
300800	-13.015389
300801	6.513438
300802	-6.744439
300803	-13.414515
300804	1.9444044
300805	12.4163475
300806	2.9346702
300807	7.6035676
300808	4.1931767
300809	-13.414515
300810	6.418178
300811	2.9864357
300812	-3.6870234
300813	-2.7580707
300814	-0.019565012
300815	-10.386027
300816	-3.7923522
300817	11.974755
300818	-9.011988
300819	-2.285046
300820	-13.414513
300821	-4.1429114
300822	-0.57423294
300823	14.775588
300824	-1.3419862
300825	0.57678473
300826	-13.015462
300827	-15.062885
300828	20.964722
300829	-7.4072003
300830	18.353874
300831	-6.0543413
300832	-13.409686
300833	-4.0461035
300834	6.455906
300835	4.0558043
300836	-4.174389
300837	23.738293
300838	12.377948
300839	-13.786431
300840	-11.472424
300841	4.501619
300842	-0.81880176
300843	5.31625
300844	-13.414107
300845	29.402084
300846	10.31847
300847	-11.000505
300848	-4.577484
300849	18.445072
300850	-13.414515
300851	-4.4480305
300852	1.742966
300853	-14.358793
300854	18.445072
300855	-4.789957
300856	4.010661
300857	-4.9022803
300858	1.7089533
300859	-0.34119204
300860	-15.88055
300861	-13.786687
300862	4.3574615
300863	-13.250638
300864	-5.114949
300865	6.6294537
300866	0.8964317
300867	-13.784367
300868	18.727253
300869	-13.784419
300870	5.739035
300871	-139.75902
300872	10.493201
300873	-3.5103521
300875	-15.88055
300876	6.413412
300877	10.007948
300878	-13.784418
300879	-3.5211842
300880	-12.991148
300881	6.2105703
300882	4.118147
300883	12.350813
300884	11.30587
300885	-0.9690697
300886	-13.015471
300887	3.530369
300888	4.517222
300889	1.9883957
300890	3.1000707
300891	11.832231
300892	7.4610963
300893	5.1780405
300894	-5.6824393
300895	-7.0592647
300896	-13.414515
300897	-15.239532
300898	-10.484416
300899	11.975206
300900	2.266163
300901	18.445072
300902	3.1684608
300903	4.1205373
300904	6.787928
300905	5.1565742
300906	12.378226
300907	8.88606
300908	-25.989988
300909	1.0597918
300910	0.19542815
300911	7.208259
300912	6.828189
300913	4.8137
300915	-14.860989
300916	5.3128524
300917	-7.5299783
300918	-2.3181055
300919	3.949723
300920	-4.4345193
300921	-18.31599
300922	12.37795
300923	12.378227
300925	-1.9196045
300926	2.8034494
300927	-15.121286
300928	5.2251563
300929	8.927403
300930	-2.4881132
300931	17.611275
300932	12.37795
300933	3.5221353
300935	8.918785
300936	4.917194
300937	12.377948
300938	-17.624132
300939	3.2420685
300940	17.785765
300941	9.652421
300942	16.743305
300943	11.996062
300945	16.644094
300946	4.0559516
300947	6.2518816
300948	-1.2089204
300949	-13.789705
300950	3.602079
300951	-7.560681
300952	19.564165
300953	-50.477093
300955	-5.1304426
300956	5.1408367
300957	4.511837
300958	-8.930718
300959	12.43594
300960	13.220067
300961	11.975206
300962	5.359494
300963	13.013304
300964	-0.7610673
300965	7.164725
300966	17.711086
300967	3.1986635
300968	12.380848
300969	5.0249505
300970	-15.612359
300971	11.241117
300972	20.832207
300973	5.3021774
300975	4.727781
300976	-13.414517
300977	-7.515625
300978	-3.7556336
300979	19.113216
300980	7.953415
300981	-13.784424
300982	2.8742032
300983	-5.070364
300984	6.5544806
300985	19.400743
300986	11.62139
300987	11.933079
300988	5.3682504
300989	-13.416669
300990	5.1235113
300991	-1.864957
300992	12.377014
300993	16.303196
300994	5.189515
300995	0.41662115
300996	-13.414107
300997	10.30993
300998	4.7186666
300999	4.616632
301000	2.104104
301001	20.964722
301002	5.465852
301003	-43.91584
301004	-11.805923
301005	-3.5407188
301006	-3.5103822
301007	-0.5923844
301008	-1.3766464
301009	12.37795
301010	-12.942058
301011	-12.216832
301012	5.314531
301013	4.844189
301015	-5.771702
301016	-4.4483037
301017	11.975206
301018	12.981468
301019	1.6382451
301020	-2.5254748
301021	11.99351
301022	1.0121804
301023	-13.4159155
301024	-13.786464
301025	17.330158
301026	2.6184175
301027	29.707743
301028	11.975206
301029	-1.3750381
301030	-3.51035
301031	4.9727173
301032	12.572328
301033	-17.486021
301035	4.4219246
301036	-15.282703
301037	-13.015424
301038	5.4963665
301039	-0.24578965
301040	-14.358793
301041	-2.5299866
301042	-6.048879
301043	-3.7177632
301045	4.396774
301046	27.5873
301047	-27.428394
301048	5.31551
301049	12.378227
301050	9.121545
301051	-7.525483
301052	-11.450486
301053	8.56441
301055	-3.3017042
301056	-5.8042555
301057	-13.784414
301058	8.56221
301059	-2.8256905
301060	11.661228
301061	-5.094636
301062	9.750225
301063	-13.015387
301065	-13.785838
301066	-13.786431
301067	-2.3890646
301068	4.9389334
301069	3.8745272
301070	-8.041239
301071	-13.3156595
301072	5.651886
301073	1.2922572
301075	11.975206
301076	5.902047
301077	1.0714084
301078	12.356845
301079	18.446743
301080	-13.414534
301081	12.376657
301082	1.7368209
301083	5.299448
301085	-1.3423759
301086	-13.750772
301087	-7.909154
301088	-13.784422
301089	-13.414502
301090	-6.29895
301091	-13.414608
301092	19.630621
301093	11.975206
301095	4.0554166
301096	4.971784
301097	-14.868355
301098	-13.017663
301099	-5.2689
301100	-13.786338
301101	-10.675378
301102	18.445072
301103	-13.784419
301105	-13.015473
301106	-8.477843
301107	5.3137183
301108	7.306394
301109	-3.5103836
301110	-1.1752864
301111	9.978125
301112	18.133081
301113	11.975206
301115	-0.87171006
301116	11.975206
301117	8.5721445
301118	-4.3323474
301119	7.482138
301120	6.398757
301121	-4.9991784
301122	-11.394972
301123	15.794496
301125	21.707214
301126	12.053896
301127	-13.01541
301128	-13.414608
301129	-26.094276
301130	-4.448281
301131	2.7414947
301132	-0.64143306
301133	5.756126
301135	-2.8230567
301136	-13.784812
301137	-15.239535
301138	-4.2197084
301139	17.759909
301141	6.238043
301148	21.018164
301149	-20.974367
301150	4.0558224
301151	12.37617
301152	-1.7945393
301153	-1.4763256
301155	-2.436516
301156	-5.988238
301157	-13.01541
301158	-13.015412
301159	-0.25267708
301160	-2.2128062
301161	4.787505
301162	4.973947
301163	5.5369434
301165	-13.414515
301166	-5.1302075
301167	18.445072
301168	7.544339
301169	2.5679936
301170	5.3497305
301171	19.851797
301172	3.4971569
301175	11.975206
301176	8.563801
301177	21.707212
301178	7.4904013
301179	-24.856535
301180	-3.1904452
301181	-7.292176
301182	9.913115
301183	-7.447511
301185	-5.7837806
301186	5.7332997
301187	-3.7946823
301188	17.099543
301189	-0.61218596
301190	-13.015453
301191	0.313416
301192	-11.659113
301193	-67.71285
301195	5.981762
301196	1.8185346
301197	5.9697304
301198	-13.785838
301199	-13.786217
301200	-5.0946345
301201	-13.784624
301202	5.926503
301203	-4.2415166
301205	-1.9455405
301206	-13.414515
301207	-13.786541
301208	-4.449538
301209	31.882565
301210	4.0911436
301211	11.975206
301212	19.087029
301213	-13.785581
301215	-4.1196833
301216	4.891239
301217	-5.8419456
301218	-3.5957835
301219	1.954669
301220	-5.455192
301221	4.971923
301222	5.314597
301223	3.398497
301225	7.4918246
301226	-13.788093
301227	3.8161988
301228	14.173572
301229	5.3022075
301230	-5.094907
301231	18.369146
301232	-17.014967
301233	-13.414534
301234	-13.0155735
301235	12.37795
301236	-0.9342021
301237	5.4946127
301238	6.1285834
301239	-13.414516
301246	47.2627
301248	-2.8209257
301251	-2.1304197
301252	5.313806
301255	-7.5348406
301256	12.827555
301257	7.2865205
301258	7.4738955
301259	7.211349
301260	5.741522
301261	4.919436
301262	-1.1780912
301263	7.211345
301265	12.37795
301266	4.3630204
301267	5.2099757
301268	5.3621893
301269	0.826055
301270	-15.143529
301272	4.4688525
301273	12.152123
301276	4.9678783
301277	-1.1562395
301278	-6.647798
301279	18.11308
301280	5.5067196
301281	-1.1595185
301282	28.54301
301283	4.5381413
301285	-3.1347184
301286	-13.784278
301287	-3.4991786
301288	12.378227
301289	-15.475983
301290	11.976539
301291	3.4913988
301292	5.3372025
301293	8.239816
301295	5.0214286
301296	20.501703
301297	-4.8895855
301298	-8.050366
301299	4.1046367
301300	7.4491377
301301	5.52558
301302	-13.786385
301303	11.251537
301305	12.378078
301306	18.39623
301307	-2.8352258
301308	5.742687
301309	-61.946606
301310	-5.797806
301311	-5.8405604
301312	-13.414107
301313	20.261347
301314	-3.6773117
301315	-13.015471
301316	-5.1290603
301317	11.41049
301318	-7.5254364
301319	1.6773092
301320	-0.019581508
301321	9.073741
301322	4.1698213
301323	6.557389
301325	4.973947
301326	-3.414997
301327	-13.414108
301328	5.524015
301329	-0.032612335
301330	-0.34723854
301331	-13.414515
301332	2.4134033
301333	-13.414515
301335	-13.786552
301336	-1.4670391
301337	6.252418
301338	8.586966
301339	9.630802
301345	4.81376
301348	6.326077
301349	4.973947
301353	2.6825643
301355	25.528809
301356	-13.784419
301357	-79.76777
301358	5.3021517
301359	15.794483
301360	-13.414107
301361	7.612949
301362	1.3002892
301363	6.457651
301365	11.975206
301366	-7.5360274
301367	-10.386027
301368	0.7581774
301369	-13.414608
301370	28.529272
301371	5.6680703
301372	1.597935
301373	-82.05182
301376	20.007101
301377	16.188604
301378	4.9631147
301379	-20.90543
301380	-13.414515
301381	33.422447
301382	7.7265153
301383	-13.415071
301386	1.8670034
301387	-7.5247993
301388	5.0218954
301389	-3.4964342
301390	6.0149655
301391	-0.9896634
301393	3.3110256
301395	7.614325
301396	-13.785838
301397	2.8708303
301398	-0.97582257
301399	-13.161652
301408	17.611286
301413	3.1552312
301418	4.076228
301419	-3.885759
301421	-6.6016498
301428	-13.786217
301429	-72.721695
301439	5.238436
301446	-13.786048
301448	5.5257406
301456	-2.6424587
301459	-3.5346377
301468	-1.0065606
301469	-1.9866966
301486	14.0092325
301487	6.179182
301488	4.1723847
301489	1.7400008
301498	-2.5881639
301499	5.3307805
301500	16.119009
301502	-15.312394
301503	10.400653
301505	5.342217
301507	-10.26874
301508	3.9712505
301509	-25.995731
301510	8.560461
301511	5.3022075
301512	2.8762012
301515	6.047747
301516	12.863485
301517	3.5744278
301518	5.324079
301519	1.8951446
301520	3.478577
301525	4.973947
301526	-2.1029315
301528	-13.978402
301529	7.4625688
301533	2.6696017
301536	-11.034692
301538	4.5237646
301548	2.911648
301550	-13.58675
301555	-3.0057504
301558	21.017937
301559	13.657049
301566	-7.0015526
301567	2.4119499
301568	-15.88055
301577	4.3935537
301578	-15.88069
301587	5.30224
301588	-4.9655185
301589	5.282249
301591	5.30224
600000	-2.8014696
600004	7.4931393
600006	4.782213
600007	1.1393263
600008	-13.784423
600009	-3.9641435
600010	-13.784412
600011	-0.8690567
600012	-13.414107
600015	-7.7644215
600016	2.768898
600017	9.676709
600018	20.965206
600019	-4.8769526
600020	20.964722
600021	-5.2848096
600022	9.4613085
600023	-0.87117153
600025	-13.927086
600026	-13.028695
600027	3.7690153
600028	-13.780099
600029	16.139023
600030	-15.264988
600031	-6.4230103
600032	-6.0370426
600033	15.086117
600035	-9.485721
600036	-15.479664
600037	-13.121076
600038	4.0437284
600039	5.1170287
600048	3.7710524
600050	32.066364
600051	-13.784424
600052	6.5582523
600053	12.933121
600054	-5.094636
600055	-13.414069
600056	-13.411339
600057	5.6938133
600058	-6.5190935
600059	-10.389658
600060	0.20411244
600061	-13.414515
600062	-13.410243
600063	6.1128125
600064	-10.386027
600066	-5.728181
600067	-13.414516
600070	20.965206
600071	2.2027018
600072	8.198061
600073	18.508171
600075	11.715934
600076	16.074633
600078	4.4694023
600079	-13.414515
600080	-1.508764
600081	-4.071535
600082	-4.448105
600083	11.973666
600084	-13.414515
600085	7.08414
600088	0.11814801
600089	3.8890946
600094	28.958452
600095	1.7685934
600096	-2.3738787
600097	-13.786676
600098	-6.5950594
600099	11.975206
600100	1.3510826
600101	5.2980413
600103	23.935291
600104	3.137823
600105	-5.650705
600106	6.682854
600107	11.975206
600108	8.930215
600109	-14.860989
600110	2.1952455
600111	2.0541532
600113	-10.546152
600114	-18.627155
600115	8.254781
600116	-136.45174
600117	0.8321675
600118	-13.414515
600119	12.37795
600120	-13.37539
600121	-13.784424
600123	1.7321192
600125	-13.413687
600126	-5.2706313
600127	3.0190458
600128	18.445072
600129	4.973947
600130	11.975206
600131	-13.409903
600132	5.3128657
600133	4.973947
600135	-13.786682
600136	32.71128
600137	3.5610533
600138	8.814504
600141	-7.9967403
600143	-13.410243
600148	-13.414515
600149	11.975206
600150	-0.3804466
600151	-13.96637
600152	-13.784419
600153	4.056351
600155	12.37795
600156	11.975206
600157	7.7194123
600158	5.781645
600159	-3.1782937
600160	-8.710476
600161	-2.5273004
600162	11.413984
600163	7.077438
600165	9.501262
600166	-13.414515
600167	-13.784424
600168	7.934359
600169	18.787195
600170	-14.86098
600171	-14.860969
600172	9.097564
600173	12.572328
600176	5.506989
600177	-10.214246
600178	12.568777
600179	7.8322287
600180	2.401223
600182	21.701546
600183	3.7122016
600184	-13.784424
600185	6.2520227
600186	-5.84355
600187	-18.33365
600188	6.546506
600189	11.954205
600190	12.35098
600191	4.965899
600192	9.073751
600193	3.9349928
600195	3.8577662
600196	-13.414515
600197	2.1719391
600198	17.8176
600199	5.151743
600200	-7.512919
600201	7.3174453
600202	12.378228
600203	-2.835213
600206	11.715474
600207	17.728287
600208	-13.784424
600210	-7.5402455
600211	-13.375772
600212	5.302158
600215	5.755536
600216	-13.482908
600217	11.975206
600218	-3.4870863
600219	-22.276237
600221	31.108515
600222	11.975206
600223	2.404068
600225	6.681458
600226	-13.414515
600227	11.975206
600228	30.45042
600229	7.338493
600230	-13.786694
600231	8.918767
600232	-13.786687
600233	-14.685237
600234	11.9737
600235	28.956398
600236	5.5248218
600237	-5.843521
600238	-13.787987
600239	-5.0946455
600241	4.5801115
600243	12.376355
600246	-7.5748005
600248	-4.448104
600249	11.975206
600250	17.223381
600251	2.1740422
600252	-13.414516
600255	-1.9058129
600256	-13.413448
600257	-1.1898441
600258	16.380444
600259	6.2882833
600261	-13.409723
600262	-13.786048
600265	15.432526
600266	-13.786541
600267	-13.414515
600268	2.213307
600269	-6.3207374
600271	-3.6016574
600272	-13.785838
600273	8.930215
600276	-14.860989
600278	7.2113347
600279	31.715805
600280	-13.547247
600281	12.351001
600282	-11.297628
600283	-8.300815
600284	12.37795
600285	3.9291077
600287	0.6394397
600288	-13.015468
600289	12.87691
600292	12.377914
600293	1.8680325
600295	5.0631227
600298	2.2129622
600299	-14.860673
600300	31.823212
600301	3.5782106
600302	18.445072
600303	4.618026
600305	-13.414515
600307	-11.023819
600308	-14.911433
600309	2.6935189
600310	-5.0946355
600312	6.251918
600313	2.4039466
600315	13.730102
600316	-13.493788
600318	17.872698
600319	18.476576
600320	-13.414515
600322	10.040998
600323	-3.2724762
600325	7.882363
600326	-15.88055
600327	-13.414515
600328	-13.414515
600329	4.97423
600330	-16.055462
600331	-30.769848
600332	-13.409723
600333	11.975206
600335	-13.786986
600336	11.975111
600337	-0.29871467
600338	33.00299
600339	-13.954291
600340	8.826298
600343	-17.892164
600345	-1.8586031
600346	-7.1472363
600348	-7.197421
600350	-15.463162
600351	1.3002692
600352	-10.06978
600353	4.905554
600354	4.310659
600355	13.220067
600356	-13.784412
600358	20.964722
600359	11.923431
600360	12.377544
600361	-3.1361754
600362	-1.0450001
600363	5.3231053
600365	2.0296097
600366	-13.4124565
600367	4.0301166
600368	9.96278
600369	9.150911
600370	14.997347
600371	-13.786687
600372	-13.414488
600373	-7.288524
600375	1.8860099
600376	-13.786703
600377	-3.4448495
600378	-2.900931
600379	-13.027563
600380	-5.1151557
600381	14.567525
600382	3.1301801
600383	-15.044634
600386	18.445072
600387	18.402462
600388	-4.4980645
600389	3.3348927
600390	-1.8615975
600391	-13.414515
600392	7.408639
600395	-10.386027
600396	5.5799565
600397	11.975206
600398	-88.66
600399	-3.5061738
600400	-3.5498393
600403	-1.2182652
600405	3.8355336
600406	4.95556
600408	-4.4881406
600409	6.2495
600410	-13.414516
600415	-16.538622
600416	-13.414515
600418	-13.414518
600419	-1.218736
600420	-13.414515
600421	34.074955
600422	1.7326671
600423	11.975206
600425	15.150636
600426	3.1706276
600428	-1.1606809
600429	12.353629
600433	11.864308
600435	-14.860989
600436	3.6192846
600438	-13.414515
600439	-15.534713
600444	-13.015412
600446	-7.8790927
600448	11.975206
600449	-35.276386
600452	-3.3033073
600455	9.180968
600456	6.467456
600458	4.893926
600459	-4.240485
600460	-14.860673
600461	6.458118
600462	30.872026
600463	-13.786599
600467	8.929487
600468	-1.1456295
600469	5.220334
600470	29.522413
600475	-7.047723
600476	2.9440897
600477	1.9529841
600478	6.881146
600479	-10.566511
600480	3.333633
600481	4.55177
600482	-13.412184
600483	-19.32288
600486	5.708006
600487	4.9427114
600488	-13.786711
600489	1.7490518
600490	4.715383
600491	14.779579
600493	-13.784455
600495	-13.784416
600496	-13.784424
600497	2.9817
600498	0.39020216
600499	3.5960426
600500	-13.414515
600501	-14.633568
600502	-7.0418835
600503	18.445072
600505	5.302194
600506	6.080874
600507	1.1566495
600508	6.2525287
600509	-3.5103343
600510	-3.5103836
600511	-13.015633
600512	7.2295394
600513	-10.38601
600515	-13.786644
600516	-13.414515
600517	-13.414107
600518	4.056062
600519	-7.417621
600520	-13.010254
600521	-7.750102
600522	-6.9835854
600523	11.984455
600525	-15.0711155
600526	4.487067
600527	2.1110003
600528	-13.409723
600529	-2.4277182
600530	9.709436
600531	2.117732
600533	11.975206
600535	-13.412146
600536	-13.414515
600537	14.043684
600538	-5.270628
600539	18.444954
600540	-13.784423
600543	17.73097
600545	21.50093
600546	6.230527
600547	-7.9773417
600548	-3.454824
600549	-1.837536
600550	-7.492808
600551	19.086441
600552	-15.88055
600556	12.378227
600557	5.3130064
600558	-3.51039
600559	-13.415149
600560	5.7419825
600561	-13.785056
600562	-7.9475327
600563	-13.414515
600566	-11.07327
600567	19.466423
600568	8.67947
600569	45.359028
600570	1.3522218
600571	-17.492712
600572	-13.731721
600573	-13.785614
600575	4.090195
600576	-10.797365
600577	-15.878969
600578	-0.51752484
600579	12.084966
600580	7.732039
600581	11.441812
600582	3.4607213
600583	4.847115
600584	-2.827624
600585	4.0555797
600586	4.773631
600587	-13.414515
600588	3.8732948
600589	5.066826
600590	-4.448099
600592	-13.0154295
600593	5.5067186
600594	-13.414513
600595	42.783844
600596	-12.8561325
600597	18.44507
600598	-4.6905756
600599	20.964636
600600	7.23107
600601	1.7429575
600602	5.044808
600603	4.973953
600604	-13.414515
600605	-13.414515
600606	-7.8069525
600608	-13.411738
600609	-13.414515
600610	4.0562854
600611	-13.414107
600612	2.0075138
600613	-13.413478
600615	-13.414515
600616	-13.414515
600617	2.1714008
600618	6.242298
600619	-13.323931
600620	-13.414515
600621	-13.414515
600622	-7.938688
600623	11.7155
600624	-13.414515
600626	8.929854
600628	-13.409723
600629	-5.094636
600630	7.8002005
600633	-5.4012575
600635	-13.414107
600636	-13.966605
600637	-14.860989
600638	-13.414515
600639	0.03643816
600640	-10.666346
600641	7.9894304
600642	-2.1987488
600643	-14.860673
600644	-0.9284838
600645	-10.386027
600648	-13.414513
600649	5.9499063
600650	-13.966602
600651	-13.414515
600653	-14.860989
600654	-13.414515
600655	-14.860673
600657	-4.0761857
600658	1.8114272
600660	0.8432464
600661	-13.967015
600662	-13.414515
600663	5.5545106
600664	-13.413065
600665	11.9752035
600666	-13.015401
600667	6.5544705
600668	-13.413448
600671	1.0407748
600673	4.893549
600674	2.7120237
600675	-13.414515
600676	-14.860989
600678	8.815169
600679	-13.786651
600681	-13.409723
600682	-13.414515
600683	-3.453027
600684	-13.414105
600685	-0.5600754
600686	-13.414107
600688	-13.786818
600689	11.975206
600690	4.056351
600691	-5.757594
600692	1.3312556
600693	9.733868
600694	-6.31539
600696	-13.015401
600697	40.313133
600698	9.14592
600699	-2.488173
600702	9.229981
600703	8.329961
600704	-13.31537
600705	-13.409723
600706	15.021454
600707	14.6767
600708	-13.786711
600710	1.3943129
600711	5.575919
600712	-2.5581887
600713	-13.409723
600714	4.660977
600715	11.975206
600716	4.501418
600717	-13.409953
600718	6.4553905
600719	4.971784
600720	0.9346868
600721	11.975206
600722	-3.1432269
600724	-5.093228
600725	14.756874
600726	23.282717
600727	-1.6479987
600728	-13.414515
600729	4.05635
600730	-13.784412
600731	2.1698718
600732	-7.3136196
600733	2.3088639
600734	-11.664335
600735	11.976756
600736	-13.414515
600737	6.9176364
600738	6.948049
600739	5.317364
600740	-7.4681926
600741	4.974094
600742	2.2064977
600743	5.023965
600744	5.2173743
600745	5.313053
600746	11.715474
600748	11.975206
600749	5.525735
600750	0.3730869
600751	25.87473
600753	13.220067
600754	-15.4796505
600755	5.6904488
600756	0.29748523
600757	14.7240095
600758	17.611805
600759	-2.2986798
600760	0.6318599
600761	-5.746099
600763	-13.414515
600764	-13.785463
600765	5.5191493
600768	8.894185
600769	4.493677
600770	-10.386027
600771	7.2804966
600773	-4.0462384
600774	6.258031
600775	-3.5103822
600776	-6.563828
600777	-13.414515
600778	17.486507
600779	5.6938825
600780	-4.8704762
600782	-50.64125
600783	-13.178388
600784	-13.414515
600785	5.310104
600787	-5.094636
600789	12.378227
600790	14.987403
600791	-13.910153
600792	11.9752035
600793	-3.698521
600794	2.180228
600795	5.5234227
600796	-19.171158
600797	-13.015424
600798	-4.352476
600800	15.15925
600801	4.974736
600802	11.975206
600803	-7.329038
600804	9.673697
600805	5.5928726
600807	9.144348
600808	3.713129
600809	3.4848583
600810	11.423637
600811	-14.194383
600812	11.975206
600814	-13.4118595
600815	-13.784424
600816	6.407838
600817	-15.88055
600818	5.5255027
600819	2.069714
600820	-6.182375
600821	-13.786696
600822	12.37795
600824	-14.860989
600825	-15.4796505
600826	-13.414515
600827	-14.860989
600828	20.757124
600829	-13.410431
600830	-13.414515
600831	17.847385
600833	-10.386027
600834	-16.693842
600835	-14.860989
600837	-13.388987
600838	-13.41132
600839	-15.8805685
600841	-13.786599
600843	-13.110955
600844	42.90141
600845	1.1881944
600846	-13.414515
600847	-6.158791
600848	8.931456
600850	-9.29688
600851	-13.414515
600853	18.348644
600854	8.92965
600855	-13.786541
600857	-13.786697
600858	-3.5103822
600859	-14.860989
600860	-4.4487834
600861	4.981641
600862	-13.414515
600863	3.7428136
600864	-13.413448
600865	2.1698718
600866	6.2581325
600867	-5.0377913
600868	-13.414107
600869	-13.015422
600871	10.543733
600872	4.738997
600873	-2.276039
600874	-1.1056299
600875	4.7162085
600876	5.3625546
600877	2.2090647
600879	-15.472798
600880	-13.966605
600881	-13.493622
600882	-13.784424
600883	-1.204133
600884	7.732291
600885	-7.531293
600886	-3.761242
600887	7.098518
600888	-7.197395
600889	-3.511581
600892	-15.143529
600893	-13.414515
600894	-5.0946455
600895	5.965829
600897	-6.2326517
600898	9.144043
600900	-7.8070173
600901	26.38855
600903	11.975206
600905	18.477507
600906	11.975206
600908	20.964722
600909	18.445072
600916	-5.818932
600917	12.34758
600918	17.982561
600919	-3.30879
600925	-9.285682
600926	-15.88055
600927	-4.448078
600928	20.964722
600929	10.004748
600933	5.302145
600935	-7.2205896
600936	11.975206
600938	-0.83958197
600939	21.581137
600941	1.0524873
600955	3.0715702
600956	-5.7007837
600958	13.651127
600959	21.020042
600960	-3.5103705
600961	-32.737263
600962	-13.784423
600963	12.092563
600965	12.592326
600966	6.557516
600967	-13.414515
600968	15.428532
600969	-3.5118358
600970	-1.7141031
600971	5.187247
600973	11.412558
600975	-7.558829
600976	5.835815
600977	-6.18762
600979	-5.8305426
600980	8.928296
600981	12.37795
600982	4.501881
600983	-4.0914617
600984	12.228766
600985	5.219565
600986	-13.784412
600987	5.516739
600988	0.9679669
600989	17.785479
600990	-5.094699
600992	6.557413
600993	-13.414513
600995	-13.414515
600996	9.073759
600997	-3.1677604
600998	-5.771181
600999	-11.000519
601000	-13.967675
601001	-4.290344
601002	12.350981
601003	3.9951406
601005	12.257383
601006	17.89235
601007	31.927183
601008	34.192383
601009	-17.663143
601010	28.264624
601011	12.377155
601012	-7.1304226
601015	11.975206
601016	26.289389
601018	11.51731
601019	20.964722
601020	15.517379
601021	5.5460043
601022	-4.083799
601028	3.4755535
601033	4.790365
601038	17.900612
601058	-7.339998
601059	-1.575374
601061	36.048615
601065	8.229789
601066	18.445072
601068	18.131783
601069	5.258674
601077	17.495312
601083	7.3115163
601086	21.707235
601088	-0.42926124
601089	6.478271
601096	-4.0470595
601098	6.375915
601099	11.975206
601100	-13.414107
601101	-1.2461314
601106	12.351001
601107	23.383429
601108	12.513112
601111	12.37795
601113	21.60235
601116	12.377912
601117	6.043846
601118	18.441504
601121	8.699739
601126	-6.9521317
601127	0.25771827
601128	12.535567
601133	4.81396
601136	16.334713
601137	5.247546
601138	-11.021278
601139	28.264729
601155	-14.065992
601156	6.4464936
601158	28.862724
601162	12.378227
601163	15.590836
601166	-13.966254
601168	1.7620016
601169	-13.784471
601177	18.445072
601179	-2.786892
601186	-2.8542743
601187	29.658089
601188	20.528818
601198	18.445072
601199	6.375714
601200	-13.786709
601208	-5.080353
601211	16.302216
601212	17.876928
601216	-1.0606899
601218	11.975206
601222	-14.860673
601225	-0.40489122
601226	-2.2482533
601228	10.700664
601229	-15.463432
601231	-3.4193115
601233	4.056317
601236	11.975206
601238	5.577816
601279	-5.7983284
601288	17.487635
601298	4.394362
601311	12.796685
601318	-16.904799
601319	17.48763
601326	17.498173
601328	20.964722
601330	13.749525
601333	24.332241
601336	-6.5550904
601339	7.4987345
601360	-23.790857
601366	8.767999
601368	12.355138
601369	-5.8984566
601375	21.589787
601377	8.930924
601388	4.3933396
601390	25.762823
601398	-8.377069
601399	21.59123
601456	12.371075
601500	0.30088827
601512	11.975206
601515	4.9144807
601518	12.295335
601519	12.377914
601528	24.388788
601555	12.37795
601566	8.607613
601567	-7.5255613
601568	5.024958
601577	20.964722
601579	-13.786694
601588	11.987713
601595	-2.4818738
601598	9.703771
601599	12.001897
601600	10.753333
601601	-13.445592
601606	18.445072
601607	-14.606327
601608	11.412743
601609	4.970136
601611	11.975206
601615	14.509641
601616	15.065324
601618	20.964722
601619	7.4546156
601628	-15.4796505
601633	-7.2915626
601636	-2.580412
601658	20.964718
601665	47.414078
601666	-34.221313
601668	-12.761861
601669	8.365204
601677	17.817255
601678	5.2142653
601686	18.508171
601688	16.260288
601689	6.261474
601696	11.975206
601698	-13.966601
601699	-68.66204
601700	5.523932
601702	3.420848
601717	-4.534232
601718	11.975206
601727	18.445072
601728	17.664639
601766	-15.463366
601777	12.377448
601778	11.975206
601788	9.192924
601789	14.806894
601798	11.975206
601799	-13.497352
601800	3.9617734
601801	20.964722
601808	-6.0162854
601811	17.507946
601816	9.675178
601818	17.487635
601825	47.040462
601827	33.267162
601828	7.3547907
601838	20.941921
601857	5.562228
601858	17.476517
601860	38.87714
601865	6.045412
601866	33.24107
601868	24.332357
601869	-3.4559474
601872	6.377922
601877	3.616998
601878	8.927396
601880	10.68756
601881	8.930924
601882	15.739958
601886	6.264772
601888	5.992201
601890	12.003624
601898	11.975206
601899	-7.469704
601900	-3.5103846
601901	-5.2703924
601908	-28.009182
601916	8.90199
601918	3.073383
601919	-3.3001094
601921	20.964722
601928	20.964722
601929	21.59089
601933	18.445072
601939	20.964722
601949	20.964722
601952	-13.785966
601956	12.088202
601958	5.5511556
601963	27.073904
601965	-6.887574
601966	-2.8345098
601968	18.566374
601969	1.2152195
601975	-2.835062
601985	24.326696
601988	-8.377074
601989	21.434244
601990	10.98361
601991	-2.8274632
601992	8.55098
601995	8.930904
601996	11.975146
601997	12.136025
601998	15.664618
601999	17.487635
603000	8.590975
603001	9.073749
603002	-3.7636077
603003	3.0033286
603004	12.37795
603005	1.7438055
603006	17.66266
603007	46.178776
603008	5.3864584
603009	-7.994308
603010	6.5732317
603011	3.502944
603012	12.239579
603013	-5.4059606
603015	4.9617004
603016	11.868708
603017	4.143156
603018	4.974353
603019	-9.696956
603020	6.357455
603021	18.445072
603022	3.9296074
603023	-13.784416
603025	2.69464
603026	5.3021536
603027	-13.414515
603028	18.445072
603029	-4.7578683
603030	2.0428305
603031	4.145164
603032	1.7581885
603033	5.0187573
603035	6.5577626
603036	13.935554
603037	-15.473256
603038	-13.786687
603039	-1.0536852
603040	-4.9691324
603041	-5.3955026
603042	17.782406
603043	4.272402
603045	-3.1781316
603048	6.3840685
603050	-14.860989
603051	-14.036262
603052	-3.3890345
603053	-30.712608
603055	9.073738
603056	-13.784415
603057	-2.5708046
603058	1.1479206
603059	12.377818
603060	4.3943133
603061	-13.415612
603062	-8.280623
603063	5.302175
603065	-0.59947073
603066	-13.786574
603067	-13.786633
603068	2.4853027
603069	18.445072
603070	5.3021917
603071	6.240396
603073	4.397727
603075	18.545025
603076	7.4922957
603077	4.8827167
603078	12.124978
603079	-13.015503
603080	-3.5103812
603081	7.987795
603082	-13.785838
603083	-9.603557
603085	13.181717
603086	5.1235795
603087	-0.51580435
603088	4.2496734
603089	21.364288
603090	5.3021584
603093	17.710972
603095	-13.784419
603096	-5.5180244
603097	-1.3022212
603098	6.6844687
603099	8.907284
603100	3.4844759
603101	11.975206
603102	-13.78667
603103	-2.8352287
603105	-3.8089287
603106	11.975206
603107	12.37817
603108	8.586558
603109	5.7977433
603110	8.56221
603111	4.39338
603112	19.634228
603113	-14.370871
603115	6.4496346
603116	17.760733
603117	-8.388671
603118	-3.618707
603119	-0.90447265
603121	-13.784412
603122	12.4074
603123	12.361054
603125	6.550191
603126	12.572328
603127	-13.414515
603128	21.752962
603129	7.675195
603130	9.073744
603131	-13.414513
603132	6.5256248
603135	1.9358095
603136	19.693375
603137	7.240049
603138	4.438877
603139	3.0996368
603150	-1.1868442
603151	8.3625345
603153	18.9582
603155	5.5150995
603156	-13.414513
603158	-3.4518087
603159	-3.5131042
603160	-0.44897342
603161	5.5257063
603162	6.6349025
603163	7.4588184
603165	38.41262
603166	21.705917
603167	-4.0398893
603168	-0.6139941
603169	20.964722
603170	6.320555
603171	6.1616645
603172	11.554212
603173	7.5693293
603176	18.445072
603177	-4.106273
603178	-5.831679
603179	5.3483152
603180	3.3056157
603181	-74.82118
603182	0.8028553
603183	5.4444556
603185	-26.035711
603186	2.671003
603187	4.973945
603188	10.761402
603189	-13.017943
603190	8.56221
603191	5.302194
603192	21.697409
603193	18.136425
603195	-0.2676809
603196	17.973097
603197	4.9739604
603198	-7.5314894
603199	-13.019405
603200	5.5589523
603201	3.912824
603203	5.705465
603206	-2.8143377
603208	-1.4843217
603209	18.675676
603211	23.179138
603212	15.007284
603213	3.9982927
603214	5.210718
603215	-13.7858925
603216	11.877874
603217	1.2209003
603218	8.22805
603219	28.29652
603220	17.893707
603221	-3.7918797
603222	17.517864
603223	-16.536179
603225	6.556696
603226	7.89619
603227	24.605167
603228	22.328205
603229	-13.414515
603230	-9.122657
603231	-6.8448586
603232	-7.984162
603233	-5.534226
603235	-13.786817
603236	1.1009324
603237	5.668958
603238	-10.074205
603239	-95.22082
603255	5.5229716
603256	-5.2698264
603258	9.073741
603259	-13.414515
603260	-0.15403514
603261	-13.785998
603266	6.4179726
603267	-13.41453
603268	17.618876
603269	-5.831184
603270	1.9371431
603272	12.37795
603273	-2.3475807
603275	5.3020234
603276	12.088783
603277	2.5508356
603278	20.227146
603279	6.4432917
603280	11.975206
603281	-13.410243
603282	-2.3450208
603283	1.932278
603286	5.744399
603288	-11.703053
603289	5.9462132
603290	-13.414583
603291	8.36621
603296	4.04001
603297	7.668067
603298	0.91482943
603299	15.647018
603300	6.557453
603301	4.898375
603303	2.3272502
603305	6.5210195
603306	4.8080425
603307	0.7843728
603308	-12.862575
603309	-5.2070327
603311	12.572419
603312	-13.786422
603313	6.43497
603315	5.765592
603316	12.358037
603317	6.593887
603318	13.219653
603319	5.6400423
603320	-1.237088
603321	-5.8413057
603322	7.7320476
603323	13.012736
603324	-8.860726
603325	6.251418
603326	3.0076663
603327	-3.1412606
603328	10.400667
603329	5.894367
603330	-7.8372707
603331	-3.510998
603332	3.629149
603333	13.205917
603335	12.564895
603336	0.82027453
603337	2.5990841
603338	5.3144307
603339	-0.7366059
603341	-13.41139
603344	1.0394133
603345	-13.414511
603348	6.557374
603351	-15.88055
603353	20.467474
603355	-13.414108
603356	-19.6714
603357	10.428636
603358	-0.3061959
603359	11.975206
603360	-16.486887
603363	-14.5821905
603365	-2.7760613
603366	5.374456
603367	4.4012575
603368	3.6314595
603369	3.3105001
603373	4.3201885
603375	-13.415071
603377	11.975206
603378	-13.786541
603379	0.13150428
603380	15.721882
603383	-0.41079387
603385	11.975206
603386	-17.009497
603387	-10.386029
603388	12.377952
603389	18.444954
603390	13.220066
603392	-14.860673
603393	-1.5182855
603396	-27.386404
603398	-2.3671153
603399	14.931419
603408	6.077175
603416	-13.414107
603421	14.570174
603429	5.090503
603439	-2.9050684
603444	-13.409723
603456	3.7690184
603458	12.3781395
603466	-13.414515
603477	8.56221
603486	1.4551226
603488	-13.650213
603489	1.5155596
603496	-7.5224624
603499	-13.251666
603500	3.629684
603501	-49.818142
603505	2.6935108
603506	-3.2254384
603507	-0.90556353
603508	-13.353051
603511	7.6130304
603515	-16.1424
603516	6.5798097
603517	4.0455647
603518	0.79839516
603519	-3.4409537
603520	-20.480572
603527	3.4830053
603528	-3.255227
603529	-4.1260023
603530	-4.3814077
603533	17.78898
603535	33.092968
603536	5.6421695
603538	17.279495
603551	-13.78672
603556	2.5010977
603557	17.50626
603558	1.6618476
603559	13.02308
603565	-4.5203333
603566	-13.0690155
603567	-13.784383
603568	3.009567
603569	12.557087
603577	-13.784417
603578	4.2378993
603579	-2.6826534
603580	-14.860985
603583	6.252555
603585	-13.783678
603586	19.681711
603587	21.707222
603588	5.3016577
603589	2.209282
603590	-3.4936004
603595	6.0824056
603596	4.974162
603598	-3.323181
603599	4.042466
603600	-0.09270833
603601	1.6373194
603602	-6.226411
603605	4.0562477
603606	2.8894112
603607	-13.786617
603608	9.281364
603609	-13.784407
603610	7.4921355
603611	-0.056466207
603612	0.7954684
603613	4.4350443
603615	6.3576994
603616	12.35509
603617	5.9745526
603618	-3.3111973
603619	10.658781
603626	17.616562
603628	-13.786217
603629	-4.641856
603630	4.393814
603633	6.141524
603636	-13.414515
603637	-3.5103807
603638	-3.7564085
603639	-0.75332767
603648	11.975814
603650	6.879467
603655	2.979854
603656	21.707245
603657	32.356438
603658	5.1230063
603659	4.973947
603660	17.616474
603661	4.03935
603662	-13.414534
603663	-11.349846
603665	-10.051841
603666	-7.5421953
603667	-1.4151206
603668	22.089224
603669	5.9653316
603676	12.37795
603677	5.347563
603678	3.6659434
603679	-1.7867906
603680	-13.784424
603681	4.0297704
603682	-14.3688545
603683	5.2553782
603685	20.189392
603686	-13.784418
603687	10.105636
603688	5.3128653
603689	7.196598
603690	6.399755
603693	4.3986936
603696	-1.138846
603697	17.71712
603698	11.975206
603699	-0.59873784
603700	-14.5282345
603701	-16.535662
603703	-9.455277
603706	14.822168
603707	-5.128281
603708	1.2633249
603709	-1.9456154
603711	-14.7701435
603712	11.975206
603713	4.9739556
603716	-15.143529
603717	-2.3168292
603718	-13.0154295
603719	5.7154393
603721	-13.78706
603722	3.5792553
603725	14.675714
603726	-13.784419
603727	5.957149
603728	-8.04407
603729	12.378227
603730	6.556036
603733	4.9086776
603737	-17.75486
603738	-8.000159
603739	-4.882376
603755	-13.015432
603757	7.988121
603758	24.794683
603759	20.248888
603766	17.90024
603767	-6.0959296
603768	8.923671
603773	4.973947
603776	6.019007
603777	2.7643692
603778	3.1148603
603779	-58.90719
603786	3.5858803
603787	-27.498787
603788	6.5585804
603789	31.930218
603790	4.1272984
603797	9.07374
603798	4.7843704
603799	1.0741103
603800	11.975146
603801	4.9739494
603803	15.631239
603806	-13.414515
603808	-13.7864685
603809	-7.292429
603810	12.066977
603811	-4.448105
603813	18.445072
603815	15.307198
603816	-7.5606956
603817	12.088306
603818	-6.2927885
603819	-5.2706313
603822	-10.273867
603823	13.410651
603825	14.268385
603826	-15.261931
603828	11.975206
603829	0.2422336
603833	-13.414515
603836	3.9846084
603838	6.308286
603839	17.720676
603843	11.995591
603848	7.540456
603855	6.5400767
603856	-14.698483
603858	-13.409723
603859	5.2455564
603860	-2.28655
603861	-6.0884333
603863	-13.918404
603866	7.2116184
603867	-1.5539042
603868	-11.73624
603869	18.201605
603871	-2.1899376
603876	-10.198215
603877	8.65254
603878	1.0419015
603879	18.445072
603880	11.9752035
603881	12.372748
603882	-13.786647
603883	-27.935352
603885	-15.9973345
603886	-13.9242935
603887	-10.460695
603888	-3.999696
603889	1.8388624
603890	-0.2949062
603893	4.9002385
603895	-13.163795
603896	6.743129
603897	15.779126
603898	8.732174
603899	4.055952
603900	18.647621
603901	5.467973
603903	4.3837214
603906	5.3812294
603908	-5.13279
603909	1.0519304
603912	21.701672
603915	6.3673286
603916	12.378226
603917	3.2689672
603918	-8.3424225
603919	2.6953282
603920	2.4438517
603922	0.33195516
603926	15.667951
603927	-16.083557
603928	4.3939104
603929	5.652947
603931	5.2822423
603933	-4.0933347
603936	5.5972095
603937	19.731562
603938	7.491773
603939	4.9739604
603948	-16.480164
603949	7.479721
603950	18.065517
603955	28.264729
603956	-5.339255
603958	8.294266
603959	11.975206
603960	4.973947
603963	24.332241
603966	13.220066
603967	15.632979
603968	-89.13223
603969	-2.8352113
603970	5.516502
603976	9.077561
603977	15.379707
603978	11.975206
603979	0.8511184
603980	14.452604
603982	-4.486481
603983	13.245667
603985	4.973947
603986	1.8279616
603987	-13.786689
603988	-13.414608
603989	5.302144
603990	5.302175
603991	-13.967009
603992	-0.6625764
603993	2.8476617
603995	7.4597077
603997	11.975206
603998	-13.41132
603999	19.752644
605001	12.378222
605003	-4.0824137
605005	-1.4617825
605006	36.783176
605007	-46.97615
605008	-2.833158
605009	1.9327248
605011	8.534324
605016	1.8743095
605018	-3.7848673
605020	5.3021426
605028	5.1736407
605033	5.50005
605050	0.83482975
605055	27.884172
605056	-11.870112
605058	15.609439
605060	-1.5394657
605066	10.003817
605068	5.3021693
605069	32.753937
605077	2.4466379
605080	-5.2813334
605081	3.9140632
605086	2.7575924
605088	16.264124
605089	6.13988
605090	5.6616845
605098	-7.197104
605099	-6.0148315
605100	-3.7955441
605108	6.4505267
605111	8.031135
605116	-11.337245
605117	-15.4796505
605118	-7.425859
605122	4.398234
605123	6.2474804
605128	-1.9235455
605133	5.0474577
605136	11.89019
605138	12.088202
605151	11.656988
605155	21.707222
605158	9.868546
605162	5.0775456
605166	-3.792989
605167	11.567667
605168	-13.414515
605169	-13.784424
605177	12.660005
605178	20.965202
605179	21.706102
605180	-4.367004
605183	13.91074
605186	-21.278725
605188	-18.95832
605189	-13.786689
605196	4.913583
605198	4.4019895
605199	11.9752035
605208	-0.03781393
605218	13.4128475
605222	-1.244192
605228	-4.856135
605255	-12.4981165
605258	6.527559
605259	-2.7597935
605266	3.3113217
605268	-4.2602844
605277	4.342712
605286	-3.791863
605287	5.240698
605288	-15.231767
605289	5.302183
605296	4.1372466
605298	2.9678447
605299	17.330051
605300	4.2374783
605303	11.0962105
605305	5.434544
605318	11.567468
605319	-2.3783374
605333	2.8528218
605336	-8.620404
605337	-0.76482266
605338	5.522157
605339	-4.6586
605358	5.3021474
605365	6.4151354
605366	20.343054
605368	-6.5283885
605369	-13.409883
605376	-3.6850817
605377	4.9083924
605378	7.489887
605388	-0.796038
605389	7.34068
605398	-15.88055
605399	-5.270657
605488	-4.5124197
605499	-14.860656
605500	3.925048
605507	12.37795
605555	1.8848909
605566	33.96627
605567	12.065589
605577	4.376595
605580	-7.684804
605588	6.2467704
605589	3.4806802
605598	-0.2752222
605599	2.5924067
688001	5.518447
688002	3.9188008
688003	8.129236
688004	-13.015466
688005	-2.650107
688006	3.17047
688007	-3.8849392
688008	0.8968741
688009	17.459106
688010	-5.694996
688011	12.429799
688012	-13.414515
688013	-1.4767853
688015	14.852732
688016	-71.24243
688017	4.056351
688018	-13.41402
688019	5.173644
688020	-13.484606
688021	-5.2777596
688022	-4.3817463
688023	4.7368765
688025	6.2579927
688026	12.376917
688027	3.5404549
688028	4.256236
688029	5.3138433
688030	21.052607
688031	5.302155
688032	-13.414515
688033	0.7989223
688035	3.9397004
688036	6.5036745
688037	-13.414515
688038	14.312768
688039	-0.11967774
688041	-13.414515
688045	5.503442
688046	11.975206
688047	-13.414515
688048	6.2503715
688049	-13.786322
688050	-13.414515
688051	26.285805
688052	-13.415728
688053	-5.811819
688055	9.454485
688056	-4.462437
688057	-13.786711
688058	6.5122323
688059	-5.0891676
688060	-7.422941
688061	-38.742004
688062	6.5568233
688063	-7.8068223
688065	4.2197323
688066	15.033696
688067	-3.5103762
688068	-13.414515
688069	-13.784419
688070	2.9920838
688071	-5.600418
688072	-13.4141
688073	1.6405207
688075	-13.414515
688076	-1.0082704
688077	10.411015
688078	2.4054995
688079	15.613792
688080	3.5753903
688081	5.211798
688082	-13.414107
688083	-13.414515
688084	-7.50236
688085	1.5741985
688087	-12.428633
688088	4.3021226
688089	17.125378
688090	-13.309779
688091	-13.414515
688092	-95.546715
688093	-0.3066657
688095	-7.3704424
688096	20.965206
688097	6.9791465
688098	17.613613
688099	4.973947
688100	-13.414515
688101	-13.015037
688102	5.3282113
688103	5.5272155
688105	11.975147
688106	-6.160908
688107	6.526703
688108	-5.8296413
688109	2.21273
688110	15.020854
688111	-13.49174
688112	-72.5207
688113	6.5456405
688114	-7.3918567
688115	13.442572
688116	5.302158
688117	-15.110623
688118	-3.357006
688119	33.23021
688120	-7.808786
688121	8.56221
688122	-14.86225
688123	-9.929451
688125	3.1105726
688126	-13.067873
688127	-1.0853456
688128	-3.7718928
688129	4.393926
688130	-0.9051935
688131	5.320942
688132	5.3021483
688133	-13.78693
688135	-1.4873747
688136	13.847287
688137	-13.784424
688138	6.9412694
688139	5.302145
688141	2.1998837
688143	-13.015424
688146	7.5688615
688147	-2.2407603
688148	8.181977
688150	-1.2401614
688151	-13.784414
688152	1.2893399
688153	5.3021607
688155	4.056297
688156	-3.510551
688157	-13.414086
688158	0.1897108
688159	3.9590325
688160	-5.095425
688161	7.157128
688162	2.395018
688163	-16.478092
688165	11.966138
688166	1.2758565
688167	4.973947
688168	-17.306793
688169	4.7968698
688170	13.920595
688171	-27.83773
688172	5.8947744
688173	1.0359291
688175	-4.435074
688176	16.637081
688177	6.0331225
688178	9.440517
688179	-13.015471
688180	5.3021426
688181	3.0850375
688182	-0.89854985
688183	-2.3929033
688184	3.570083
688185	-13.015424
688186	3.9996743
688187	-1.4607118
688188	0.9152238
688189	-13.786617
688190	-4.3734193
688191	29.078917
688192	-2.270472
688193	-3.4942634
688195	2.5509024
688196	-4.650756
688197	4.9611177
688198	2.734697
688199	-9.395277
688200	4.9747615
688201	0.05774707
688202	-13.413473
688203	21.749506
688205	-15.88055
688206	5.0709
688207	-1.1103232
688208	6.557467
688209	-3.792798
688210	4.5037
688211	19.284657
688212	-13.413556
688213	9.115975
688215	-5.8174763
688216	16.278597
688217	-0.10082522
688218	-6.1657724
688219	4.28862
688220	6.958126
688221	19.32115
688222	-6.0958915
688223	7.037455
688225	8.930924
688226	5.7186937
688227	-3.687329
688228	5.278077
688229	-13.877561
688230	-66.717674
688231	4.1556063
688232	-13.786541
688233	6.121391
688234	-13.414515
688235	-13.015422
688236	-0.27517527
688237	7.1574326
688238	12.378227
688239	5.689183
688244	-0.48329118
688246	9.410812
688247	11.975206
688248	6.5574555
688249	-10.493186
688251	12.377904
688252	12.377948
688253	-13.414515
688255	6.1946225
688256	-17.084894
688257	5.533201
688258	-13.015427
688259	-8.835248
688260	-0.27517527
688261	4.973947
688262	4.4438825
688265	-13.786709
688266	-5.649971
688267	18.445072
688268	4.989429
688269	2.8009722
688270	1.480033
688271	-13.407587
688272	1.9940133
688273	-13.347968
688275	4.2028513
688276	5.302155
688277	20.217894
688278	1.5506308
688279	1.2315754
688280	5.8327217
688281	4.055721
688282	-3.5117683
688283	3.2056158
688285	12.377948
688286	6.24238
688287	11.977868
688288	1.2834972
688289	-13.784423
688290	-13.414105
688291	1.114197
688292	-7.3144894
688293	-13.409707
688295	-16.76784
688296	-5.3040047
688297	3.1489928
688298	-13.414515
688299	7.265964
688300	4.973988
688301	4.9740562
688302	-13.786682
688303	-13.786499
688305	3.6192536
688306	24.15261
688307	1.0398357
688308	6.4510775
688309	-3.5103836
688310	-0.33535925
688311	8.926805
688312	-12.920639
688313	16.07306
688314	5.4553924
688315	21.707201
688316	4.0918274
688317	11.975206
688318	-13.414516
688319	11.975206
688320	32.215244
688321	13.220059
688322	-3.513355
688323	20.964722
688325	-13.414515
688326	5.651829
688327	4.693869
688328	-7.3909607
688329	-17.170362
688330	4.447049
688331	-0.63015366
688332	-18.651312
688333	-25.856585
688334	6.891754
688335	5.265856
688336	-3.791314
688337	-13.414513
688338	-4.87132
688339	-13.44514
688343	1.3821019
688345	3.885763
688347	4.9556375
688348	-13.414107
688349	5.530038
688350	4.44158
688351	2.0027375
688352	8.561269
688353	5.9100037
688355	4.04151
688356	4.9740562
688357	-5.0934577
688358	6.052891
688359	0.11534781
688360	-14.5282345
688361	-13.414516
688362	8.299682
688363	7.519728
688365	17.23274
688366	-12.255558
688367	-13.78481
688368	7.0254016
688369	-9.784508
688370	1.4154176
688371	12.058155
688372	-13.015393
688373	12.605927
688375	3.3047411
688376	18.75599
688377	7.448268
688378	4.973947
688379	-5.768311
688380	11.975206
688381	2.2840064
688382	11.975206
688383	3.3121333
688385	5.302155
688386	7.0416117
688387	26.106995
688388	7.4756575
688389	6.1998477
688390	-8.06276
688391	3.3105574
688392	4.97425
688393	-13.784422
688395	5.379622
688396	9.448354
688398	5.326502
688399	-13.414515
688400	-0.30628833
688401	7.491904
688403	17.785751
688408	-3.7736373
688409	8.26344
688410	-0.63012743
688416	5.302183
688418	12.431062
688419	7.469322
688420	-5.750517
688425	18.445072
688426	11.975206
688428	13.220066
688429	-13.786682
688432	31.322245
688433	-4.381773
688435	-3.795933
688439	4.973947
688443	5.30224
688448	11.975206
688450	0.8325613
688455	17.135729
688456	5.3021417
688458	6.242312
688459	12.376918
688466	4.0609593
688468	10.0038805
688469	-4.8246503
688472	9.675131
688475	-46.459167
688478	5.668229
688479	3.4594066
688480	-1.0617893
688484	5.370642
688485	11.975206
688486	4.973947
688488	2.0093079
688489	5.3231716
688496	-5.299785
688498	-12.481494
688499	7.56943
688500	14.777033
688501	6.200832
688502	-3.916389
688503	-13.414213
688505	12.377904
688506	-13.414516
688507	2.21378
688508	5.3128915
688509	12.35098
688510	5.463269
688511	5.634696
688512	15.689201
688513	-13.418312
688515	-13.414515
688516	4.973947
688517	4.428025
688518	5.3021636
688519	27.890373
688520	6.247957
688521	5.302147
688522	4.791908
688523	13.220067
688525	5.5201373
688526	-75.44419
688528	8.061933
688529	-81.85389
688531	5.315627
688533	-2.347336
688535	2.7747924
688536	0.9538713
688538	11.517297
688539	-2.2872667
688543	-6.145331
688548	-5.270657
688549	20.903915
688550	4.973947
688551	5.302147
688552	-1.5016825
688553	5.4874516
688556	8.254925
688557	1.6082335
688558	7.1542854
688559	5.302183
688560	4.9149776
688561	3.6432428
688562	-13.786687
688563	5.54872
688565	32.39709
688566	-3.0817633
688567	8.56221
688568	5.00152
688569	12.378227
688570	8.56221
688571	-5.553736
688573	5.3022075
688575	4.9034786
688576	4.9739246
688577	4.826955
688578	-3.8419418
688579	15.3610325
688580	5.444004
688581	3.3786066
688582	-13.414515
688584	9.096696
688585	11.975206
688586	21.707214
688588	-5.887838
688589	5.361419
688590	1.3182514
688591	8.56221
688592	4.6892424
688593	8.561447
688595	-14.696863
688596	6.557399
688597	-13.786443
688598	4.973947
688599	18.445072
688600	-13.786709
688601	4.973947
688602	-6.095924
688603	-13.414515
688606	-13.414515
688607	-2.0460854
688608	-13.414515
688609	21.707088
688610	3.6207523
688611	-7.6297994
688612	8.56221
688613	22.555346
688616	5.7322316
688617	-13.414057
688618	8.584383
688619	6.2590103
688620	-5.7443676
688621	4.973947
688622	11.9752035
688623	4.974636
688625	-8.089403
688626	6.450855
688627	-13.416469
688628	-1.1874969
688629	0.056332696
688630	4.044612
688631	5.3128657
688633	-7.559638
688636	-13.414516
688638	3.3131294
688639	4.973947
688646	5.287138
688648	12.379047
688651	-2.3723192
688652	-13.409779
688653	3.9947176
688655	-6.4203672
688656	7.5028744
688657	-0.47244608
688658	12.377948
688659	-12.33934
688660	11.975206
688661	-95.60903
688662	7.4919477
688663	8.56221
688665	-5.4886813
688667	3.9822943
688668	-2.1863434
688669	6.12978
688670	21.715252
688671	-4.381788
688676	4.973947
688677	4.973947
688678	-4.3194375
688679	12.72962
688680	5.0750513
688681	-6.0272074
688682	-13.414515
688683	-2.7615755
688685	-13.786709
688686	5.3130074
688687	6.1072974
688689	-3.7958999
688690	8.937682
688693	-2.1791363
688695	-1.0484903
688696	4.9739614
688697	6.1083145
688698	4.9006243
688699	-7.2072897
688700	4.9739246
688701	5.547382
688702	3.3796444
688707	-5.152618
688709	4.9714203
688711	5.302158
688716	-1.7910893
688717	-13.414107
688718	4.1380124
688719	7.4521008
688720	-6.982963
688722	-6.52395
688728	31.922241
688733	6.4476013
688737	-6.095913
688739	-13.784424
688766	-17.843245
688767	6.3619614
688768	3.6192567
688772	6.594981
688776	4.973947
688777	-3.5160398
688778	4.8352427
688779	41.40011
688786	6.2046237
688787	1.9542822
688788	5.4894133
688789	4.62191
688793	-2.21773
688798	0.9148627
688799	2.2127254
688800	4.056351
688819	5.124582
688981	-13.414515
689009	-14.860989
