1	-14.681627
2	3.3110018
4	-14.804211
6	-15.88055
7	4.973953
8	-13.414515
9	4.2942405
10	7.71536
11	-4.7383466
12	-14.184978
14	4.905538
16	-13.978402
17	5.3513603
19	-0.5375811
20	24.977709
21	5.002375
25	-7.529219
26	-36.4476
27	4.9739213
28	4.8471966
29	27.293865
30	7.682353
31	-4.325924
32	6.5898056
34	-13.433514
35	-4.091894
36	4.893819
37	6.192635
39	5.080172
40	17.864809
42	-11.204701
45	5.320877
48	7.6108875
49	-8.684791
50	-10.689502
55	3.5381036
56	3.7463968
58	20.965202
59	9.239925
60	5.6864324
61	2.9945972
62	-15.113846
63	-0.20142004
65	2.0645442
66	6.7151413
68	19.85197
69	4.056351
70	6.5574594
78	9.059818
88	3.4185085
89	6.261863
90	6.261207
96	-2.2275977
99	22.633924
100	13.046426
151	6.3205853
153	-6.3619304
155	4.3994036
156	11.8265
157	-3.9563744
158	20.964722
159	11.975206
166	17.8176
301	21.25468
333	14.467098
338	-11.078976
400	3.4403663
401	20.3771
402	5.3170714
403	4.8149953
404	-13.784412
407	-3.3033867
408	-7.5255613
409	7.485601
410	12.378227
411	4.6192784
415	7.262167
417	11.681673
419	-5.094636
420	-5.2562194
421	4.596102
422	-7.060368
423	3.9313176
425	-0.23411785
426	-7.481693
428	-2.050207
429	-9.858941
430	5.3607535
488	-5.0946374
498	-13.783167
501	3.6371815
503	-4.9441047
504	1.1923329
505	-8.909566
506	11.975206
507	7.63447
509	4.393469
510	-14.617299
513	3.8232803
514	-3.4958634
516	5.053687
517	2.2135205
518	13.224347
519	-32.191044
520	6.2277365
521	-14.028762
523	7.0023484
524	-13.966602
525	-13.414516
526	-14.860989
528	-32.707394
529	8.56221
530	-3.939428
531	5.5368276
532	-13.414107
533	17.582584
534	-0.7997029
536	12.378227
537	5.1857724
538	-13.784448
539	4.9740996
541	4.4381523
543	0.7837408
544	6.6256275
545	18.140867
546	20.964584
547	-13.414515
548	-7.7820244
550	4.056317
551	17.227089
552	8.556434
553	-5.2706337
554	4.634424
555	-8.119376
557	-13.784412
558	-13.784422
559	5.4423065
560	-13.785838
561	20.964722
563	-13.414515
564	7.612593
565	5.2537518
566	-13.786694
567	-4.870474
568	-19.70331
570	6.7904487
571	4.175185
572	-13.908878
573	3.867662
576	6.2552624
581	7.443012
582	-13.414114
584	17.975786
586	6.8104925
589	5.289116
590	-3.5103822
591	4.8761497
592	8.138297
593	0.5737034
595	12.122879
596	0.04002237
597	12.378227
598	-7.578467
599	13.822929
600	4.9703517
601	5.3128633
603	-12.757763
605	7.560555
607	-3.5104928
608	5.929716
609	-8.977446
610	4.4695244
612	4.8953404
615	19.474335
617	3.5381355
619	5.709993
620	-13.831864
622	12.082084
623	3.5373664
625	3.3068345
626	-7.8245316
627	0.96771425
628	-48.053074
629	-5.732065
630	0.35882366
631	5.3106594
632	-3.7960804
633	4.600099
635	-3.434269
636	9.752825
637	-14.860989
638	-2.6876004
639	5.2123656
650	3.3110487
651	18.874434
652	4.4576774
655	5.525675
656	12.375682
657	5.2957625
659	-13.785745
661	4.859067
663	-11.882072
665	-12.127974
668	-13.786634
669	4.1153
670	1.7462198
672	-8.826436
676	-7.570642
677	4.4271502
678	12.13479
679	8.964421
680	-2.3931413
681	2.6988811
682	-10.997523
683	3.3075316
685	-13.414516
686	-14.860989
688	4.056231
690	3.3119798
691	-13.786694
692	8.4829235
695	2.0680978
697	4.885167
698	-6.097851
700	5.514894
701	15.441155
702	6.7874956
703	3.4149222
705	5.336067
707	-6.077632
708	4.5221806
709	1.001159
710	7.489902
711	15.806392
712	-13.414608
713	3.3923993
715	-21.312944
716	7.335636
717	1.3650018
718	-1.7701315
719	-13.414583
720	-4.122694
721	-2.175629
722	-46.413994
723	4.720046
725	26.451517
726	5.326782
727	8.008801
728	18.445072
729	12.265461
731	5.590413
733	4.061409
735	3.4796133
736	6.072271
737	5.7411084
738	3.5378313
739	-14.860989
750	-14.860989
751	7.2151866
752	-14.664136
753	7.6128383
755	-15.143529
756	-3.5331738
757	1.6009452
758	4.056351
759	-21.027796
761	-14.370643
762	-6.7715163
766	1.1002426
767	5.5288725
768	-2.7516341
776	-6.9718122
777	5.6885204
778	3.7026842
779	-5.6549726
782	7.61423
783	-14.590415
785	24.332241
786	-1.3396395
788	13.936484
789	-30.286514
790	5.046441
791	-8.092102
792	3.3108847
793	8.894185
795	7.512785
796	5.302145
797	-4.2599335
798	-13.786718
799	5.1539803
800	22.693232
801	4.8371134
802	6.037297
803	-4.226643
807	2.6936262
809	10.387317
810	-15.88055
811	3.3110065
812	1.9476361
813	18.175919
815	5.554323
816	5.067065
818	4.8134756
819	-13.41455
820	11.975206
821	5.3021636
822	5.3021784
823	7.4916406
825	10.012891
826	-1.217192
828	-10.386027
829	-14.376941
830	5.270178
831	5.1638064
833	11.975206
837	6.364399
838	6.5574155
839	2.0644941
848	11.813955
850	4.396808
851	9.084083
852	6.240519
856	6.4035645
858	5.569061
859	2.9682481
860	4.96003
862	6.5574465
863	4.3942947
868	-13.01541
869	3.3028238
875	1.1601193
876	4.0449033
877	0.89315885
878	4.044733
880	-14.633489
881	-5.146495
882	12.378227
883	17.919548
885	5.4350443
886	-3.1782718
887	4.4958076
888	-13.414515
889	13.219447
890	12.57233
892	16.001274
893	-12.932702
895	-9.678091
897	5.608979
898	-6.0959754
899	5.3884087
900	-13.4134445
901	-13.415071
902	-2.0948846
903	15.947404
905	4.501413
906	-5.729018
908	20.964722
909	11.970147
910	5.578993
911	7.458068
912	6.6183543
913	2.8849583
915	3.308763
917	7.2771444
919	-3.5103807
920	43.23135
921	-22.75871
922	5.3021693
923	16.838667
925	1.0084417
926	28.405214
927	12.35098
928	14.481862
929	-0.17573312
930	-12.497135
931	11.975206
932	4.0455647
933	4.8134623
935	-77.673195
936	-7.5552926
937	-2.0862253
938	-1.7226647
948	-3.977439
949	21.786337
950	-14.811504
951	-13.990952
952	3.00729
953	13.219797
955	12.839306
957	3.3000498
958	21.707214
959	5.864528
960	-7.5088954
962	-5.4801497
963	-13.414632
965	12.57247
966	7.8956685
967	-13.015471
968	12.314617
969	6.9645605
970	-13.414515
972	12.37795
973	3.3165119
975	-8.046259
977	3.310799
978	-17.053417
980	12.370323
981	17.779762
983	4.2565956
985	21.70712
987	3.537256
988	-7.811508
989	-4.732193
990	4.2771053
993	5.302145
995	-13.786541
997	-8.784511
998	3.3109443
999	-16.98604
1201	7.457826
1202	5.9177313
1203	4.352023
1205	8.562222
1206	5.273027
1207	7.612415
1208	12.378188
1209	36.755222
1210	8.407001
1211	5.5273337
1212	-3.5104125
1213	7.8928533
1215	5.4866953
1216	14.53245
1217	-5.358983
1218	4.779662
1219	-1.1679431
1222	6.2299404
1223	-3.3998826
1225	-13.784468
1226	8.557913
1227	17.816427
1228	6.917761
1229	-3.165976
1230	7.171774
1231	6.352833
1234	-2.835236
1236	12.377952
1238	11.975206
1239	2.7125986
1255	7.4471684
1256	6.365515
1258	-6.4543986
1259	-6.095974
1260	5.7346854
1266	-24.731
1267	18.445072
1268	1.3524436
1269	5.3139133
1270	-29.940453
1278	3.887313
1282	-3.5322657
1283	-70.40323
1286	1.1479127
1287	20.964722
1288	5.4536915
1289	-22.17106
1296	4.374079
1298	-12.653163
1299	7.2980824
1300	8.483288
1301	-11.463314
1306	4.963129
1308	6.64856
1309	5.6893673
1311	-70.255844
1313	14.565755
1314	-13.414107
1316	-3.505813
1317	4.740577
1318	12.087053
1319	10.333487
1322	36.25306
1323	32.88386
1324	5.6397047
1326	5.302194
1328	-5.668077
1330	6.8153043
1331	5.0194488
1332	5.9860516
1333	12.502837
1336	4.8615065
1337	3.8241456
1338	0.78577656
1339	1.401367
1358	-13.017978
1359	2.9449742
1360	5.471085
1366	8.328496
1367	-0.67396945
1368	4.9087834
1373	-10.53571
1376	-2.3517232
1378	1.4548497
1379	-13.786186
1380	6.5574446
1387	-12.747529
1389	4.9631367
1696	-13.493787
1872	-14.984691
1896	-2.8278255
1914	4.272301
1965	9.5202465
1979	12.378211
2001	7.644045
2003	2.253401
2004	-14.860989
2005	-13.837805
2006	5.013527
2007	4.3227324
2008	5.6585374
2009	-5.0966616
2010	2.2074893
2011	-44.372387
2012	12.378227
2014	-82.931305
2015	5.061837
2016	4.953305
2017	-0.10615225
2019	4.813376
2020	-14.861031
2021	-0.79814667
2022	-13.414105
2023	5.323614
2024	-8.210741
2025	-13.252765
2026	5.505893
2027	4.056281
2028	-13.432226
2029	6.919458
2030	-13.414518
2031	2.3444614
2032	19.12175
2033	3.3105037
2034	-10.38601
2035	-6.046925
2036	-93.13781
2037	-13.016022
2038	-14.57395
2039	-7.5754557
2040	8.413445
2041	3.3109698
2042	5.971639
2043	20.717909
2044	5.493548
2045	-2.189918
2046	4.1211314
2047	24.332241
2048	7.6125703
2049	4.973947
2050	-34.34181
2051	-5.0946355
2052	-15.034165
2053	7.491992
2054	-5.9103837
2055	4.5130763
2056	11.715458
2057	4.7034965
2058	7.6846957
2059	21.707235
2060	7.375121
2061	13.627449
2062	9.912415
2063	3.3104753
2064	0.9611319
2065	4.5014157
2066	5.6489534
2067	20.227146
2068	4.9739494
2069	9.262118
2072	11.975206
2073	4.0562854
2074	5.4584947
2075	-13.786338
2076	3.5368667
2077	21.703863
2078	7.6112285
2079	2.1699104
2080	5.174816
2081	-5.094636
2082	1.0311476
2083	10.887391
2084	20.964722
2085	-6.323845
2086	11.975206
2088	4.84257
2090	3.3105354
2091	5.282427
2092	4.407615
2093	0.863495
2094	-13.015401
2095	3.3110147
2096	11.715391
2097	6.557398
2098	9.078053
2099	11.7159195
2100	6.164501
2101	-4.7477903
2102	-13.786541
2103	-15.127974
2104	-14.860989
2105	12.091027
2106	-0.9564922
2107	6.008534
2108	4.5078835
2109	6.824233
2110	-2.6863227
2111	-0.98832136
2112	-0.7157112
2114	7.021787
2115	13.987678
2116	5.631275
2117	4.910071
2119	5.6519365
2120	5.5601783
2121	3.3111725
2122	5.3021026
2123	4.056351
2124	-13.414515
2125	4.975156
2126	6.1538787
2127	8.249612
2128	0.011779341
2129	4.7917194
2130	-6.9598575
2131	5.312783
2132	4.396654
2133	-2.6917384
2134	-3.8070276
2135	8.187384
2136	1.0566086
2137	9.07363
2138	4.0562954
2139	6.702616
2140	2.0859427
2141	11.975207
2142	0.7243775
2144	-9.25747
2145	-0.3518852
2146	4.682268
2148	-13.252364
2149	0.7664407
2150	4.010661
2151	4.055218
2152	5.5641217
2153	4.0566764
2154	8.815959
2155	-5.716438
2156	0.58618045
2157	6.224704
2158	-13.414516
2159	15.59092
2160	5.3165855
2161	3.3105104
2162	9.673697
2163	11.414084
2164	-1.2767378
2165	6.4281726
2166	4.8100395
2167	-32.20516
2168	-13.414534
2169	5.5257406
2170	-7.4409766
2171	5.769454
2172	33.44626
2173	1.460242
2174	5.419606
2175	-3.4491909
2176	4.973947
2177	-13.786299
2178	33.085854
2179	5.5440326
2180	5.4542546
2181	20.532131
2182	4.7917047
2183	3.7813232
2184	3.6661808
2185	4.5899267
2186	-4.1116343
2187	2.3445306
2188	-4.0778303
2189	11.975204
2190	4.0559683
2191	-3.5103846
2192	5.424191
2193	18.445095
2194	-5.5574565
2195	7.690619
2196	-1.4489329
2197	7.611062
2198	-3.463294
2199	10.04099
2200	1.1507276
2201	3.444209
2202	-13.414598
2203	36.590244
2204	1.148005
2205	-13.784412
2206	4.0476613
2207	11.975206
2208	-14.589179
2209	-13.784418
2210	-5.463544
2211	13.94337
2212	6.678323
2213	-3.7945342
2214	7.346891
2215	6.390649
2216	5.5802784
2217	-2.6533523
2218	6.2985544
2219	0.09032254
2221	-14.860656
2222	5.1745777
2223	3.4046485
2224	0.41904542
2225	-91.850494
2226	2.693452
2227	3.1738899
2228	6.9048333
2229	3.8099167
2230	6.9207687
2231	-14.358793
2232	-13.414608
2233	8.308923
2234	6.630891
2235	5.5751586
2236	-0.20154907
2237	4.973947
2238	5.212428
2239	4.282933
2240	8.56221
2241	-7.336904
2242	-11.379564
2243	27.004936
2244	-7.8798547
2245	-10.636778
2246	-13.016027
2247	14.417951
2248	-13.786217
2249	4.89945
2250	7.4916425
2251	2.5122547
2252	3.1851885
2253	4.0481887
2254	5.439246
2255	1.0742786
2256	1.3136151
2258	5.3128624
2259	7.603055
2261	-7.5468884
2262	-13.414515
2263	11.923167
2264	-4.3816056
2265	3.8868692
2266	-5.094636
2267	8.134164
2268	-93.564644
2269	11.881378
2270	-13.414598
2271	-63.42715
2272	12.378227
2273	-1.5107688
2274	16.915983
2275	8.930924
2276	-6.389518
2277	-3.449116
2278	11.975206
2279	5.617282
2281	4.048852
2282	5.4717436
2283	-5.8313403
2284	4.0547104
2285	-13.786217
2286	-4.510315
2287	-15.480238
2289	11.975206
2290	2.551014
2291	21.707191
2292	-95.6092
2293	9.819613
2294	-0.16218668
2295	-21.883524
2296	4.055657
2297	-4.4544177
2298	5.211072
2299	8.846226
2300	8.53755
2301	7.3015647
2302	9.673697
2303	-13.015642
2304	5.9743295
2305	10.614957
2306	-5.0836196
2307	-8.26355
2309	17.487621
2310	5.079298
2311	9.805132
2312	6.6678133
2313	1.4940141
2314	-14.36967
2315	3.314263
2316	17.175245
2317	8.343619
2318	-0.10348916
2319	12.30797
2320	4.501356
2321	33.99112
2322	0.7844346
2323	-4.6764994
2324	4.9975452
2326	4.056307
2327	2.5233626
2328	6.5574536
2329	12.0882
2330	-5.7977524
2331	3.1022298
2332	-13.414515
2333	-30.709055
2334	4.679624
2335	2.0635016
2336	12.378227
2337	21.707214
2338	4.7932477
2339	4.696787
2340	4.0502234
2342	13.255766
2343	4.3937106
2344	-2.232187
2345	4.563165
2346	6.5574713
2347	-3.5103874
2348	4.88674
2349	-5.0946755
2350	6.5544705
2351	4.8398685
2352	-8.371657
2353	4.9517665
2354	17.506393
2355	6.0685167
2356	16.791998
2357	5.0820346
2358	6.548362
2360	5.2889075
2361	-3.5103803
2362	3.7064836
2363	5.7413836
2364	5.778119
2365	5.6455545
2366	21.706963
2367	3.3110046
2368	2.128093
2369	12.378227
2370	12.378227
2371	4.791705
2372	0.91544175
2373	7.7905006
2374	-3.510378
2375	5.4675198
2376	4.3871
2377	-3.9720392
2378	3.634096
2379	5.5095754
2380	4.05635
2381	6.6679378
2382	-3.5103836
2383	4.4710975
2384	0.24490876
2385	-7.592809
2386	9.904847
2387	1.1117688
2388	-15.143529
2389	-13.414515
2390	4.056339
2391	23.871305
2392	2.9310625
2393	-3.5103822
2394	5.5557528
2395	4.799824
2396	-15.88055
2397	-13.0154505
2398	6.5574546
2399	-6.338731
2400	3.8142622
2401	3.3111732
2402	-67.69314
2403	-8.86058
2404	7.5778074
2405	-4.024756
2406	21.70711
2407	4.988821
2408	-17.514292
2409	5.0682173
2410	-13.97281
2412	-2.3017497
2413	14.050388
2414	5.099559
2415	8.584286
2416	1.7313298
2418	21.7888
2419	-13.119112
2420	9.975704
2421	-0.6783234
2422	1.9070902
2423	12.559857
2424	-13.414513
2425	-13.01541
2426	16.068165
2427	-1.5581993
2428	1.2738099
2429	5.3050327
2430	5.7477303
2431	4.335688
2432	-14.860989
2434	2.5865562
2436	-1.7437717
2437	-1.0232223
2438	0.42545468
2439	2.792496
2440	-13.015395
2441	7.3717446
2442	-3.7953475
2443	4.771629
2444	-7.099517
2445	-32.67775
2446	-3.7581937
2448	6.0253496
2449	24.176035
2451	-3.737012
2452	2.5562277
2453	5.3021693
2454	2.160766
2455	-59.7782
2456	0.6573438
2457	2.8696017
2458	5.701213
2459	5.3021536
2460	5.2834463
2461	8.550379
2462	7.324968
2463	-7.560641
2465	6.5949254
2466	4.973947
2467	3.828562
2468	14.924325
2469	2.2584105
2470	15.262792
2471	-3.5060008
2472	4.0415764
2474	11.416435
2475	-10.714517
2476	-2.4972682
2478	5.309238
2479	9.144043
2480	-3.5386236
2481	4.2944183
2482	3.0452156
2483	5.774554
2484	4.973958
2485	15.360103
2486	12.089182
2487	6.241454
2488	-13.414515
2489	-0.9726612
2490	9.673691
2491	-3.5104241
2492	7.8299
2493	-2.0549119
2494	13.927014
2495	-3.3124292
2496	5.8202066
2497	-22.160864
2498	7.4677258
2500	18.445072
2501	20.232876
2506	-2.7588074
2507	7.2662735
2508	4.811814
2510	7.499361
2511	-0.4564139
2512	-13.015483
2513	2.8573644
2514	5.3021536
2515	-13.414516
2516	1.2013773
2517	-4.2854805
2518	4.9747615
2519	5.3572235
2520	5.077298
2521	-7.5255613
2522	5.2611237
2523	21.708136
2524	-2.916635
2526	6.5572433
2527	12.378227
2528	-13.786574
2529	12.378227
2530	0.91742337
2531	4.9739175
2532	-6.785753
2533	4.0400057
2534	4.9658318
2535	4.0109763
2536	4.8084626
2537	4.492737
2538	-0.8079307
2539	5.552258
2540	3.2978008
2541	5.1477375
2542	-2.5898108
2543	-7.514644
2544	-29.775486
2545	4.039514
2546	5.3711357
2547	12.14084
2548	-22.039015
2549	4.5444694
2550	-2.3676584
2551	12.571342
2552	4.056317
2553	-13.414107
2554	7.595771
2555	2.8842301
2556	-0.30428803
2557	-63.783737
2558	11.715466
2559	4.8163314
2560	6.4583526
2561	-2.30015
2562	-8.142704
2563	14.388845
2564	8.56221
2565	31.567799
2566	5.535247
2567	5.6320233
2568	-7.8087006
2569	10.025353
2570	3.7810438
2571	-12.591738
2572	3.3105102
2573	4.5067887
2574	15.569802
2575	4.634619
2576	-13.623836
2577	-12.309545
2578	-78.34051
2579	4.169863
2580	6.157362
2581	5.301934
2582	6.1748586
2583	-21.30566
2584	7.4922447
2585	8.56221
2586	20.443779
2587	5.3552713
2588	-7.293613
2589	21.301886
2590	5.17739
2591	-13.280064
2592	4.102564
2593	-12.039684
2594	0.36736634
2595	1.7041663
2596	12.378227
2597	-7.921387
2598	3.0766418
2599	0.9516221
2600	-5.5904737
2601	8.350214
2602	-33.41034
2603	-5.095046
2605	-13.415471
2606	-7.5413294
2607	-13.01541
2608	1.0363952
2609	5.577988
2611	-13.414107
2612	-27.15437
2613	6.364089
2614	4.0789003
2615	-34.847645
2616	4.0925756
2617	-13.414515
2620	11.954618
2622	11.975206
2623	5.9671826
2624	-13.784406
2625	5.696441
2626	-5.0978928
2627	9.661904
2628	13.220737
2629	9.073747
2630	-13.786574
2631	12.377948
2632	-95.49842
2633	24.497868
2634	8.3499365
2635	7.732041
2636	11.122065
2637	3.3082104
2638	11.975206
2639	17.865725
2640	7.7199492
2641	7.611036
2642	-8.858139
2643	-0.2014206
2644	-5.094636
2645	4.578456
2646	-2.8527672
2647	-13.01541
2648	5.9032836
2649	3.8622317
2650	20.964722
2651	20.407225
2652	-13.784419
2653	11.711909
2654	4.5795794
2655	-1.2474868
2656	11.79079
2657	6.5506196
2658	-13.786642
2659	18.445072
2660	-6.013793
2661	-1.5369917
2662	3.662349
2663	21.728256
2664	4.05634
2666	-3.7918813
2667	10.04099
2668	-0.651736
2669	3.7171803
2670	11.975206
2671	5.245693
2672	1.039267
2673	12.378227
2674	5.647984
2675	5.512521
2676	13.636372
2677	2.6948988
2678	15.792378
2679	5.764015
2681	-7.944238
2682	3.3295774
2683	2.6935337
2685	11.975206
2686	-12.181397
2687	6.557801
2688	-9.200289
2689	9.144043
2690	4.973947
2691	12.99121
2692	6.262264
2693	21.379896
2694	4.783992
2695	-1.4383514
2696	5.2211537
2697	6.5468583
2698	0.5147729
2700	-13.414515
2701	-14.860989
2702	5.3021593
2703	4.705401
2705	43.823795
2706	4.973946
2707	7.613745
2708	7.492821
2709	5.0062838
2712	3.6895738
2713	13.63456
2714	-0.20142004
2715	5.3021736
2716	4.905554
2717	-5.324071
2718	4.7314873
2719	-6.1463237
2721	6.8153057
2722	-6.948962
2723	5.900972
2724	-7.457728
2725	-5.215929
2726	-13.414484
2727	4.439919
2728	-5.094359
2729	11.830969
2730	7.4664083
2731	6.5574503
2732	6.2031827
2733	3.4176672
2734	5.3118277
2735	5.3694077
2737	-2.2721488
2738	-5.094646
2739	0.92288387
2741	7.492878
2742	-13.054098
2743	5.062334
2745	-16.342754
2746	7.6403246
2747	6.917761
2748	-13.015193
2749	5.542805
2750	-13.786431
2752	-5.3878465
2753	3.103319
2755	9.073741
2756	5.284229
2757	11.088547
2758	7.4917855
2759	6.557433
2760	20.965202
2761	2.4260848
2762	-14.591476
2763	4.8819494
2765	12.481115
2766	1.0393703
2767	12.378227
2768	4.056227
2769	3.885475
2771	-13.926771
2772	4.3943033
2773	2.809199
2774	3.6361952
2775	-17.369352
2777	-68.70012
2778	5.704267
2779	-13.969944
2780	21.02471
2782	7.4855404
2783	5.2950463
2785	7.018738
2786	-2.2878575
2787	5.302181
2788	3.984831
2789	3.6962073
2790	5.5140452
2791	5.9859476
2792	-13.011993
2793	6.095459
2795	7.5982366
2796	13.220067
2797	18.445072
2798	8.9119835
2799	20.964722
2800	38.94124
2801	4.838414
2802	19.977713
2803	6.471849
2805	-2.8426578
2806	11.975206
2807	12.571358
2808	12.350989
2809	-3.7884378
2810	-15.163132
2811	-5.7623396
2812	4.9739494
2813	7.777944
2815	8.043831
2816	8.369318
2817	14.308122
2818	7.5555725
2819	-15.463424
2820	3.491412
2821	4.975245
2822	9.602243
2823	3.2020102
2824	-13.01541
2825	-3.7775261
2826	5.7772675
2827	-13.414608
2828	5.9943204
2829	-13.414107
2830	21.692564
2831	-6.323528
2832	4.7816253
2833	3.4740446
2835	7.4914193
2836	-1.5839096
2837	1.0040232
2838	2.712708
2839	20.448984
2840	4.698259
2841	6.3033237
2842	2.959044
2843	15.530111
2845	1.3534771
2846	-12.480165
2847	-6.426763
2848	29.942762
2849	1.8522809
2850	1.9345517
2851	4.83631
2852	8.56221
2853	25.570545
2855	13.189425
2856	-1.1009086
2857	-0.19754618
2858	-6.494041
2859	-94.60219
2860	5.3021555
2861	-4.4506288
2862	24.332043
2863	-3.7939243
2864	-3.2485988
2865	6.0350204
2866	2.508008
2867	8.43797
2868	1.9993693
2869	-24.960024
2870	0.09626428
2871	5.9881506
2872	12.3582945
2873	5.4964943
2875	12.377919
2876	3.3105025
2877	-6.0959024
2878	4.4023037
2879	6.085028
2880	4.82635
2881	-13.414608
2882	-6.9335494
2883	6.127205
2884	5.36382
2885	5.7576957
2886	2.0790408
2887	4.8103037
2888	-13.877561
2889	4.818552
2890	11.975206
2891	1.5020938
2892	6.4743237
2893	3.4914587
2895	-2.040078
2896	6.1796594
2897	-7.2867713
2898	30.016325
2899	5.3021507
2900	5.581101
2901	-15.729511
2902	2.430082
2903	-5.7004876
2905	6.9090095
2906	6.55744
2907	-6.3866615
2908	2.4700289
2909	-2.1442432
2910	8.562191
2911	-13.785056
2912	4.801348
2913	-0.844549
2915	-13.786048
2916	-1.0513101
2917	15.651356
2918	-3.2026176
2919	-13.414107
2920	-7.066456
2921	0.103522085
2922	8.161683
2923	6.2095695
2925	7.6112046
2926	18.451824
2927	-9.136329
2928	5.8597484
2929	5.320191
2930	10.100799
2931	-9.639631
2932	-13.756786
2933	-0.5994618
2935	4.048406
2936	28.651207
2937	6.511735
2938	-11.298438
2939	31.875881
2940	2.2304742
2941	12.372374
2942	-6.1914725
2943	5.3021607
2945	4.825492
2946	-0.70096344
2947	4.056351
2948	-4.6124983
2949	-3.0684423
2950	21.266582
2951	17.487635
2952	-13.414107
2953	-4.8649306
2955	-3.268154
2956	-5.113885
2957	-3.510393
2958	41.73754
2959	3.9357402
2960	5.3022075
2961	0.0024279088
2962	0.79881734
2963	-3.7916088
2965	5.286298
2966	24.992992
2967	15.747745
2968	6.200977
2969	-4.2245
2970	4.971784
2971	10.177981
2972	-13.995045
2973	8.328806
2975	-35.42435
2976	7.492078
2977	3.3110044
2978	7.612988
2979	-3.5103333
2980	2.1637967
2981	5.121774
2982	6.185034
2983	-11.482038
2984	-3.121921
2985	5.3128767
2986	-15.8802
2987	-13.930936
2988	4.404142
2989	11.0174675
2990	1.2538832
2991	4.0370793
2992	4.9739494
2993	3.3043706
2995	-3.7992566
2996	-5.2706313
2997	11.152565
2998	-13.921021
2999	1.0391232
3000	13.685005
3001	-13.054548
3002	2.6304061
3003	4.5732603
3004	3.8752334
3005	6.5549335
3006	11.340222
3007	6.555513
3008	4.4242163
3009	4.0436587
3010	13.905358
3011	-3.7565727
3012	-22.003448
3013	5.309503
3015	9.292138
3016	-5.319848
3017	2.5987687
3018	15.856112
3019	7.160179
3020	-13.414515
3021	6.239546
3022	-2.282846
3023	4.1356416
3025	-3.6083663
3026	-13.414107
3027	4.879292
3028	5.302156
3029	42.902554
3030	6.261417
3031	4.7916965
3032	-0.43792558
3033	-1.4885013
3035	6.815461
3036	-5.82986
3037	-3.7960312
3038	8.56221
3039	5.4908814
3040	-6.099508
3041	-6.833557
3042	6.557451
3043	-7.507551
3816	24.332241
300001	4.0563183
300002	-5.0888896
300003	4.97611
300004	12.572336
300005	-14.722313
300006	11.975206
300007	7.065534
300008	6.0758357
300009	7.445829
300010	3.3118434
300011	-13.413636
300012	5.5110297
300013	12.377948
300014	4.973947
300015	4.0553613
300016	1.9667355
300017	5.566337
300018	-13.787719
300019	4.9739494
300020	-13.015642
300021	4.813341
300022	6.5502486
300024	4.0683255
300025	-6.651174
300026	-7.9172287
300027	-13.414608
300029	9.06069
300030	9.073747
300031	-24.923447
300032	-13.015404
300033	4.1191854
300034	4.055921
300035	-11.081231
300036	11.585089
300037	5.8333726
300039	-5.0946455
300040	-0.11022636
300041	-15.88055
300042	-3.5656376
300043	-13.414515
300044	6.791648
300045	-153.14526
300046	4.5244074
300047	-15.880563
300048	3.046545
300049	-0.050843455
300050	-16.472277
300051	7.1202316
300052	-0.09364816
300053	-13.568213
300054	5.1749396
300055	5.2602916
300056	4.9717627
300057	12.572325
300058	3.3643706
300059	-9.156182
300061	-13.41507
300062	4.649452
300063	-13.876902
300065	8.495427
300066	-13.412973
300067	4.6550364
300068	0.7589025
300069	-16.440628
300070	4.9977565
300071	-13.786574
300072	-13.414124
300073	-7.369079
300074	-14.860699
300075	3.9683282
300076	-13.785838
300077	-13.414516
300078	-13.78443
300079	-13.414608
300080	6.6930494
300081	-8.858113
300082	-13.414105
300083	-13.414291
300084	6.3711724
300085	11.715474
300086	11.979196
300087	5.5326095
300088	-1.038931
300091	11.975206
300092	7.789052
300093	8.56221
300094	20.964722
300095	4.6187177
300096	-12.993285
300097	18.319067
300098	-71.27242
300099	2.1308296
300100	-7.4601564
300101	4.044584
300102	-6.5361857
300103	-15.143529
300105	-84.50271
300106	17.507465
300107	5.6950088
300108	-13.015401
300109	5.5243006
300110	16.002518
300111	3.5168488
300112	2.2387538
300113	-10.522643
300114	6.3404055
300115	-7.323045
300117	12.377914
300118	4.973947
300119	4.055575
300120	-6.5335636
300121	3.310563
300122	4.9739494
300123	-3.5104506
300124	-0.20144628
300125	11.975206
300126	21.707169
300127	3.3111486
300128	-13.932541
300129	2.2363539
300130	-8.000209
300131	-13.414608
300132	21.125465
300133	5.6139636
300134	-13.906542
300135	-2.6360292
300136	-6.06415
300137	14.653855
300138	3.570811
300139	-7.5228176
300140	6.8203325
300141	5.5070257
300142	4.795478
300143	6.5584846
300144	-7.6844287
300145	8.587182
300146	4.2313676
300147	-13.414109
300148	-13.015642
300149	-13.786499
300150	-13.786217
300151	7.262549
300152	-13.786431
300153	6.8155813
300154	7.484825
300155	-3.5105264
300157	-13.786431
300158	-13.626274
300159	-14.633568
300160	6.2578197
300161	-11.027958
300162	5.7387886
300163	21.48608
300164	21.715246
300165	12.37795
300166	11.715769
300167	2.578208
300168	-10.386027
300169	2.42848
300170	-5.0925136
300171	3.3110037
300172	2.6268308
300173	20.393635
300174	2.696541
300175	0.88380957
300176	18.16207
300177	5.940984
300179	4.7828774
300180	-13.01541
300181	-0.6719577
300182	-4.708085
300183	-13.414517
300184	-15.88069
300185	0.4888489
300187	-5.094636
300188	0.3220345
300189	-13.015404
300190	-7.812848
300191	4.056351
300192	-13.414608
300193	22.385612
300194	11.69365
300195	-7.515256
300196	0.7368715
300197	-6.6479626
300198	-7.5422072
300199	5.7567782
300200	5.50555
300201	4.9746647
300203	4.388343
300204	-13.414107
300205	7.789815
300206	5.730739
300207	-13.414498
300208	11.975206
300209	11.975206
300210	4.8137465
300211	-13.414107
300212	5.3193626
300213	-13.522189
300214	-3.7959752
300215	3.3136337
300217	3.4163315
300218	5.879089
300219	-13.786016
300220	3.7300029
300221	17.900194
300222	3.8979785
300223	4.973947
300224	3.3110101
300225	4.0624347
300226	4.0378838
300227	3.4494257
300228	-4.5340724
300229	4.4214034
300230	4.8458023
300231	-13.87441
300232	-5.094451
300233	2.6513987
300234	6.445968
300235	11.715474
300236	4.0557976
300237	-0.84855497
300238	-5.0920424
300239	5.5841804
300240	-1.2634637
300241	21.714642
300242	12.378227
300243	3.3108962
300244	4.9739437
300245	2.2750056
300246	-13.414515
300247	4.394383
300248	-13.414513
300249	-0.6254297
300250	2.185535
300251	5.174008
300252	-13.786709
300253	6.371268
300254	-3.5104527
300255	-8.011097
300256	23.830265
300257	4.9740996
300258	4.0563016
300259	-13.414515
300260	-0.022075031
300261	-10.38601
300263	7.271131
300264	19.591946
300265	21.507973
300266	-13.78666
300267	2.371881
300268	7.1421037
300269	-13.785838
300270	4.973949
300271	4.204117
300272	-7.5984735
300274	-12.554368
300275	-13.4141245
300276	-13.249718
300277	11.71539
300278	-13.786541
300279	-13.786541
300280	5.3412933
300281	-13.015404
300283	4.561048
300284	7.4917016
300285	4.0392733
300286	3.8061223
300287	-13.748189
300288	-13.414515
300289	12.572328
300290	4.6442366
300291	5.2298574
300292	-13.429435
300293	-5.884808
300294	-7.2933364
300295	-7.514137
300296	-13.414534
300298	-5.094636
300299	-13.414608
300300	12.377914
300301	5.8482637
300302	-7.6831074
300303	11.712661
300304	4.010662
300305	4.912402
300306	-10.372097
300307	14.666493
300308	0.89385486
300310	-6.346159
300311	10.178502
300313	12.409305
300314	-25.872156
300315	-7.4871387
300316	4.9592686
300317	8.56221
300318	4.40061
300319	-2.9142349
300320	5.7058682
300321	6.6277466
300322	-13.414608
300323	2.050514
300324	-13.414515
300326	-13.414515
300327	4.9786916
300328	-8.376968
300329	2.4362009
300331	-1.2630559
300332	1.0391959
300333	20.965235
300334	11.9752035
300335	17.37317
300337	1.7609118
300338	9.073738
300339	-14.555782
300340	4.394275
300341	5.899092
300342	-2.1147892
300343	3.311006
300344	-13.909037
300345	-3.1081662
300346	5.458668
300347	3.0074651
300348	-7.293524
300349	-15.88055
300350	-3.2589214
300351	5.6470294
300352	-14.056192
300353	-13.579685
300354	4.973947
300355	4.437341
300357	5.3722763
300358	8.384856
300359	-13.414517
300360	5.3128624
300363	7.9333196
300364	5.3493314
300365	2.2137764
300366	-13.912824
300368	12.3766165
300369	11.715474
300370	-13.78524
300371	-14.633568
300373	4.973947
300374	6.554283
300375	2.9522743
300376	-7.8079953
300377	-13.414513
300378	-13.962905
300379	-15.055459
300380	-13.414515
300381	-2.194015
300382	4.056292
300383	-1.1603658
300384	5.565961
300385	-13.784423
300386	-7.479006
300387	-15.143529
300388	6.4580145
300389	3.3108158
300390	2.6500645
300391	5.302223
300393	5.0566406
300394	-25.746183
300395	3.6745527
300396	4.5237646
300397	5.2029657
300398	5.0946374
300399	-13.786048
300400	-15.88055
300401	5.346047
300402	2.1647844
300403	-4.86276
300404	-3.0700846
300405	-13.784716
300406	5.641722
300407	0.9590657
300408	1.2754395
300409	-1.2799037
300410	-13.016027
300411	4.9631367
300412	-4.448138
300413	4.056352
300414	4.3938155
300415	-68.77975
300416	-1.137008
300417	-0.27517527
300418	-95.69323
300419	-6.1299677
300420	12.090969
300421	-5.132776
300422	-7.361735
300423	-3.06605
300424	12.088215
300425	7.544768
300426	-7.9988036
300427	-1.4117037
300428	5.175523
300429	2.0645323
300430	-6.3417506
300432	4.3942947
300433	1.9288036
300434	-1.353708
300435	4.3986807
300436	-13.414107
300437	6.4374685
300438	-15.878826
300439	-1.8880279
300440	3.2858977
300441	-13.414515
300442	9.106254
300443	-13.414632
300444	2.768741
300445	4.813574
300446	-4.5308485
300447	-5.094636
300448	-15.88055
300449	28.133385
300450	4.9739547
300451	4.1028924
300452	1.8172722
300453	5.9670377
300454	0.2681736
300455	5.4925785
300456	-13.415805
300457	4.0161896
300458	1.5258012
300459	-8.259536
300460	23.290472
300461	-12.488304
300462	4.9038815
300463	2.209282
300464	12.378227
300465	-13.016027
300466	-3.3957431
300467	7.269034
300468	-13.414608
300469	-2.381707
300470	6.324336
300471	-15.8802
300472	-13.01541
300473	11.9546175
300474	5.6143775
300475	3.9939086
300476	-7.5606365
300477	9.073738
300478	-13.785838
300479	-3.5158017
300480	6.2412715
300481	4.973946
300482	-25.87217
300483	5.348774
300484	-7.5239797
300485	-13.78448
300486	-3.510371
300487	-33.499676
300488	6.1353245
300489	-6.2099404
300490	2.3262112
300491	4.3722296
300492	-1.0205332
300493	-13.409976
300494	-5.0980296
300496	4.0562277
300497	4.97448
300498	-1.765964
300499	1.2768586
300500	-3.9885027
300501	-8.86082
300502	-0.90341944
300503	-13.786709
300504	9.144881
300505	6.5571923
300506	9.102927
300507	4.0563154
300508	-6.2932444
300509	21.70722
300510	-7.050038
300511	11.975206
300512	11.975206
300513	20.225718
300514	3.5667212
300515	-6.460282
300516	-4.501314
300517	-2.8093657
300518	12.378227
300519	-13.015477
300520	4.8046727
300521	-6.6790214
300522	3.3110192
300523	3.7186172
300525	2.6894329
300527	-13.815776
300528	6.088903
300529	-9.066992
300530	-8.0379715
300531	-15.88055
300532	-16.902819
300533	-13.414534
300534	5.642295
300535	-2.5309932
300536	10.400681
300537	5.635473
300538	3.9249337
300539	32.38303
300540	-5.770828
300541	-2.022322
300542	-4.331173
300543	-3.0959733
300545	-35.49017
300546	4.038599
300547	3.3110116
300548	-7.3169546
300549	5.7238336
300550	-13.786552
300551	-13.01541
300552	5.312708
300553	5.712239
300554	3.307776
300555	-13.78622
300556	3.709313
300557	6.55741
300558	-13.414515
300559	8.58743
300560	1.6034964
300561	2.5395591
300562	-13.784416
300563	-13.414107
300564	12.370323
300565	-13.786338
300566	-13.966602
300567	9.754553
300568	5.3171062
300569	-5.0942287
300570	-4.2755895
300571	-5.229112
300572	-13.711265
300573	-0.7430124
300575	4.8980074
300576	4.7917204
300577	3.0358055
300578	-3.8904915
300579	-51.142292
300580	4.793805
300581	-5.094636
300582	-3.796106
300583	12.378227
300584	-13.015471
300585	-13.785838
300586	2.2481828
300587	5.353297
300588	-15.143529
300589	3.9924035
300590	5.1765585
300591	18.393255
300592	-3.5103812
300593	3.6457803
300594	7.1483827
300595	4.791705
300596	5.313925
300597	18.445072
300598	-7.5421953
300599	2.9569526
300600	12.377948
300601	5.615786
300602	-1.0792693
300603	8.903977
300604	4.574745
300605	20.227121
300606	7.4914556
300607	4.971784
300608	-12.340563
300609	-13.215659
300610	-4.216547
300611	12.552513
300612	-13.877561
300613	6.2544904
300614	-4.3031244
300615	-13.786048
300616	1.1479213
300617	5.117008
300618	-20.24388
300619	-16.713186
300620	1.76103
300621	-5.990622
300622	-13.414107
300623	-2.9008152
300624	4.7917743
300625	-1.8866408
300626	-13.784422
300627	8.07511
300628	-2.2482226
300629	5.3133407
300630	-13.414107
300631	5.3021483
300632	17.894167
300633	2.8162413
300634	-49.15257
300635	0.07159125
300636	7.471274
300637	5.6335692
300638	3.3070407
300639	-13.414107
300640	4.393678
300641	-25.883526
300642	-13.414533
300643	4.4148517
300644	7.4914556
300645	-3.5058198
300647	-13.784416
300648	2.2126777
300649	-22.2976
300650	2.5843518
300651	8.367542
300652	-6.8019743
300653	4.797053
300654	3.1527464
300655	5.5008845
300656	-13.295438
300657	-7.30106
300658	-3.0105202
300659	-2.9262133
300660	4.0563054
300661	-68.69604
300662	4.724095
300663	0.7227924
300664	7.992963
300665	-13.784422
300666	5.171016
300667	-9.788435
300668	3.310234
300669	3.6452014
300670	6.191582
300671	5.3724146
300672	5.6628556
300673	7.367961
300674	-4.601734
300675	4.400656
300676	3.8063107
300677	-3.788489
300678	4.973947
300679	5.6613603
300680	6.2385798
300681	0.5978651
300682	8.944574
300683	-5.2388606
300684	-46.82458
300685	7.5650306
300686	10.442673
300687	5.57581
300688	11.038748
300689	-13.785838
300690	-1.4738812
300691	-7.510531
300692	4.4362345
300693	-25.986826
300694	17.783588
300695	4.0551033
300696	4.973933
300697	5.540394
300698	1.7492319
300699	5.2157
300700	8.56221
300701	5.5327415
300702	4.9739485
300703	-3.7954571
300705	0.8967467
300706	5.3350406
300707	-30.762783
300708	14.651718
300709	-15.8805685
300710	-1.4664396
300711	-3.0097778
300712	-95.60776
300713	4.5271044
300715	6.8423305
300716	14.928562
300717	-2.7050161
300718	-13.414107
300719	5.37451
300720	-13.414513
300721	4.9558787
300722	-13.414107
300723	-1.4648019
300724	4.010661
300725	3.3061535
300726	-16.44114
300727	5.8769803
300729	-7.5295253
300730	7.189733
300731	-3.2805727
300732	-0.57820064
300733	18.73769
300735	-1.711614
300736	-5.270655
300737	0.79893744
300738	4.8133297
300739	3.93387
300740	5.302183
300741	28.262545
300743	6.1663456
300745	5.302474
300746	12.788923
300747	3.3091538
300748	5.3021517
300749	2.165215
300750	6.455822
300751	4.813162
300752	-0.5649893
300753	12.004247
300755	6.183908
300756	4.973947
300757	3.3113978
300758	6.168848
300759	4.067292
300760	5.313776
300761	4.0395412
300762	3.3110056
300763	8.496343
300765	-5.445128
300766	-0.6002488
300767	5.3650594
300768	14.480627
300769	4.973947
300770	1.3201448
300771	6.5599904
300772	21.453806
300773	5.7373323
300774	11.975206
300775	2.6880312
300776	5.173167
300777	4.106703
300778	-3.0164652
300779	-1.0495125
300780	3.8669913
300781	4.964627
300782	4.9739494
300783	-2.835213
300785	4.811282
300786	5.302183
300787	3.2209544
300788	-11.356397
300789	-5.094636
300790	-3.3570793
300791	2.1729379
300792	1.2723432
300793	15.0337105
300795	-67.565346
300796	4.066562
300797	3.6607745
300798	-6.29895
300800	5.3009486
300801	5.3021717
300802	-6.372224
300803	-14.860673
300804	21.566883
300805	1.8954484
300806	-6.4852095
300807	5.3022556
300808	-1.8252211
300809	5.584716
300810	-13.784424
300811	0.5737392
300812	-4.0509787
300813	4.056326
300814	5.8618684
300815	2.2137668
300816	6.8242836
300817	-5.1291285
300818	3.4567068
300819	-9.4867525
300820	-5.094636
300821	4.272584
300822	-6.50237
300823	17.74513
300824	-0.8858128
300825	6.667006
300826	-3.4922147
300827	-13.414515
300828	11.975206
300829	8.56221
300830	17.487688
300831	-19.674726
300832	-15.486259
300833	6.281345
300834	-3.778411
300835	-0.31422067
300836	-8.409208
300837	-8.452638
300838	17.047157
300839	-13.015473
300840	36.792587
300841	7.5203767
300842	-26.165915
300843	-2.1804702
300844	0.81761736
300845	12.217746
300846	-5.31519
300847	7.203082
300848	4.01616
300849	42.900223
300850	1.9684073
300851	7.26876
300852	4.0400095
300853	2.3401487
300854	2.9917626
300855	8.905243
300856	-3.2081432
300857	4.055581
300858	-0.60354733
300859	-6.944077
300860	-16.485643
300861	6.5594196
300862	5.3010626
300863	-14.860989
300864	6.4579163
300865	1.0180494
300866	-2.1901453
300867	-3.5103757
300868	29.973604
300869	5.524014
300870	4.056351
300871	5.302147
300872	0.77389425
300873	5.482009
300875	-13.015471
300876	5.302144
300877	-0.8014756
300878	-3.256677
300879	5.5245833
300880	-13.786048
300881	2.5523064
300882	4.8120923
300883	17.705477
300884	11.975206
300885	-7.54231
300886	12.377948
300887	-0.93418866
300888	4.039517
300889	11.9752035
300890	-2.094471
300891	31.974308
300892	5.369117
300893	7.036617
300894	7.0357685
300895	4.7602615
300896	4.973947
300897	-13.877561
300898	-1.6470345
300899	-13.043796
300900	5.3574076
300901	26.173431
300902	5.7796416
300903	5.9054174
300904	6.395017
300905	4.973947
300906	-20.877502
300907	4.922469
300908	-26.032732
300909	6.632488
300910	3.0580628
300911	38.931747
300912	-3.7913995
300913	5.004718
300915	6.262218
300916	6.676902
300917	5.312181
300918	11.338938
300919	-0.026753256
300920	5.502661
300921	-14.544491
300922	0.75540835
300923	11.975206
300925	3.1978405
300926	-7.2707763
300927	-13.786431
300928	5.5047655
300929	-2.682858
300930	5.180287
300931	16.710415
300932	12.378227
300933	1.9781694
300935	-13.786459
300936	4.814252
300937	8.474428
300938	3.3110487
300939	4.036814
300940	-0.008651804
300941	7.795544
300942	1.7244216
300943	11.975206
300945	8.584097
300946	-27.130907
300947	4.9631324
300948	6.88079
300949	-12.4682255
300950	1.0393814
300951	-1.0792958
300952	12.37795
300953	-7.1993966
300955	3.267546
300956	-2.2909572
300957	3.2448454
300958	-8.858108
300959	-6.0912547
300960	11.975206
300961	4.8844824
300962	7.612836
300963	20.227085
300964	4.583338
300965	32.910416
300966	6.2589593
300967	6.02529
300968	12.572444
300969	6.3671303
300970	-3.510388
300971	12.378227
300972	-11.900346
300973	5.6721616
300975	5.370393
300976	-13.414517
300977	1.7163147
300978	-1.1616174
300979	-16.77965
300980	1.7489647
300981	-2.0877287
300982	8.56221
300983	6.54903
300984	6.5580726
300985	-15.239535
300986	18.452234
300987	4.394284
300988	5.003302
300989	3.9292073
300990	5.638422
300991	4.7852654
300992	-5.7905555
300993	0.996275
300994	4.977021
300995	6.5531597
300996	-13.973271
300997	7.4920845
300998	5.4402204
300999	8.51582
301000	7.731901
301001	-0.5994414
301002	4.7322707
301003	5.068183
301004	-2.003539
301005	-42.765644
301006	4.2136426
301007	5.559992
301008	-2.310456
301009	1.9559066
301010	-13.784418
301011	-1.1093037
301012	5.302168
301013	27.772259
301015	7.4915586
301016	-13.01541
301017	3.9922557
301018	-3.2585652
301019	2.3178725
301020	0.60537344
301021	17.825233
301022	5.220779
301023	7.0046935
301024	-3.5116446
301025	-3.7927656
301026	7.491916
301027	16.18912
301028	8.701546
301029	6.3265843
301030	-10.613159
301031	7.7314587
301032	13.21564
301033	-12.932991
301035	3.7346969
301036	-12.927963
301037	4.9651356
301038	-3.7916749
301039	17.328596
301040	12.378227
301041	-10.901843
301042	-1.039946
301043	1.3962423
301045	11.446078
301046	6.0038433
301047	4.9742002
301048	5.0516114
301049	11.567487
301050	5.0247355
301051	-3.2636428
301052	5.0337176
301053	4.9342265
301055	-3.5487285
301056	8.554936
301057	4.379725
301058	-2.8733823
301059	-9.449029
301060	12.378227
301061	-16.290869
301062	-4.2013946
301063	6.4144793
301065	-13.015484
301066	4.392837
301067	-8.007666
301068	5.5996337
301069	5.1089664
301070	-7.34391
301071	5.17559
301072	1.0393484
301073	5.9689407
301075	12.378227
301076	5.7070355
301077	6.2435317
301078	-3.8084285
301079	12.378227
301080	6.070702
301081	9.997357
301082	-1.7372825
301083	5.343789
301085	-10.76752
301086	-13.414608
301087	5.174788
301088	4.7181854
301089	4.3103776
301090	-6.29895
301091	-13.414534
301092	-6.1282687
301093	32.155117
301095	-6.11789
301096	4.971784
301097	2.213787
301098	4.7732344
301099	-5.4178543
301100	-13.015412
301101	-13.415071
301102	-3.9907756
301103	7.491583
301105	4.3937902
301106	11.292465
301107	5.3721466
301108	6.557431
301109	3.1636167
301110	-7.523331
301111	6.2648907
301112	13.702655
301113	7.838588
301115	3.983826
301116	2.8912613
301117	5.333148
301118	8.562211
301119	5.3067317
301120	4.7047935
301121	-7.3289123
301122	5.633249
301123	-2.8352327
301125	9.312507
301126	-5.151575
301127	4.389527
301128	-4.525175
301129	-63.38478
301130	-12.339112
301131	5.2204485
301132	3.331721
301133	-5.1784763
301135	1.0394173
301136	-13.785838
301137	4.6801558
301138	6.045161
301139	-5.576473
301141	4.9719863
301148	-5.843156
301149	20.964722
301150	-7.560279
301151	-3.5159168
301152	-4.101253
301153	6.1560965
301155	5.49066
301156	8.5547905
301157	5.548093
301158	4.9516993
301159	-0.9055443
301160	7.023847
301161	2.6804314
301162	4.973947
301163	7.1541386
301165	-4.333671
301166	5.3717647
301167	-2.635516
301168	5.5043077
301169	-0.92346954
301170	8.443593
301171	-3.8034952
301172	1.1691206
301175	7.4529576
301176	0.82292163
301177	-5.8334117
301178	7.2581472
301179	4.973947
301180	-2.3058822
301181	0.8073798
301182	12.946292
301183	-16.180157
301185	-5.786905
301186	5.5995865
301187	1.1545388
301188	5.302194
301189	12.63891
301190	-0.7663013
301191	-1.7917795
301192	6.5573254
301193	-9.131815
301195	4.6889453
301196	4.0276103
301197	5.5383906
301198	-1.1351018
301199	4.1439257
301200	-34.300262
301201	0.81290025
301202	5.5034046
301203	5.741513
301205	4.8132124
301206	-14.289027
301207	5.2026486
301208	-17.48772
301209	17.403646
301210	5.422391
301211	20.230572
301212	8.366196
301213	5.1178126
301215	7.571816
301216	6.771341
301217	2.510901
301218	2.544877
301219	6.397514
301220	12.821279
301221	5.302134
301222	5.742066
301223	6.5574746
301225	5.302181
301226	-13.0155735
301227	5.506075
301228	3.9692936
301229	5.2424245
301230	5.2155094
301231	5.377934
301232	-13.414107
301233	2.213792
301234	-3.5107832
301235	4.788456
301236	-1.0550662
301237	-3.625705
301238	2.5805182
301239	5.2540097
301246	5.3021774
301248	4.2636714
301251	5.3021736
301252	5.171518
301255	7.6953044
301256	-3.1949818
301257	5.302175
301258	5.3022575
301259	-13.641982
301260	5.5484138
301261	0.52345705
301262	-5.8430552
301263	-13.786703
301265	21.707415
301266	5.7794695
301267	4.3984284
301268	7.4869156
301269	6.9871793
301270	-11.675076
301272	5.31304
301273	0.15210408
301276	8.56221
301277	4.445982
301278	-24.804375
301279	-3.0418723
301280	3.3079658
301281	6.557196
301282	17.894165
301283	5.5059967
301285	4.8486986
301286	5.242581
301287	5.210616
301288	-13.7856865
301289	5.702008
301290	-5.2460017
301291	5.3022075
301292	6.141888
301293	5.502223
301295	5.22047
301296	15.322293
301297	8.562204
301298	4.5684743
301299	-27.373007
301300	-3.5266497
301301	6.5573115
301302	-32.8581
301303	3.9361627
301305	2.3167887
301306	4.4411783
301307	4.8277426
301308	8.860898
301309	-8.542634
301310	4.0549173
301311	5.302052
301312	-13.102748
301313	-3.8052614
301314	-7.558952
301315	4.379725
301316	9.1439905
301317	9.675674
301318	-0.36044478
301319	5.1641073
301320	5.52766
301321	20.964718
301322	-16.220451
301323	5.302146
301325	4.973947
301326	1.6792023
301327	-13.414059
301328	4.0484533
301329	-9.478771
301330	4.8890243
301331	1.9629829
301332	1.3340784
301333	2.9058726
301335	-7.692377
301336	6.41483
301337	19.024889
301338	-0.986988
301339	2.889122
301345	3.3101141
301348	2.5505915
301349	-27.248194
301353	5.1890097
301355	7.919963
301356	-22.335342
301357	5.031746
301358	5.3742695
301359	-3.659597
301360	-2.515729
301361	5.0794864
301362	-5.424439
301363	-9.109441
301365	12.377948
301366	-4.5463023
301367	2.2137733
301368	5.249624
301369	-7.278388
301370	8.556634
301371	3.8808749
301372	8.56221
301373	4.9347224
301376	1.0394126
301377	-8.108717
301378	4.973947
301379	7.613302
301380	1.6414355
301381	2.163403
301382	-15.463254
301383	-5.046155
301386	6.363607
301387	2.2212453
301388	8.409421
301389	0.5967607
301390	5.5042505
301391	4.973947
301393	-26.035744
301395	5.021206
301396	-3.1714454
301397	5.3630023
301398	3.307412
301399	5.3893714
301408	-4.335027
301413	3.2960637
301418	7.575319
301419	7.4914546
301421	4.5237646
301428	7.6129713
301429	6.5572433
301439	5.4441895
301446	-13.784422
301448	5.3021674
301456	8.332928
301459	5.1598043
301468	8.245516
301469	1.8812852
301486	-6.6354017
301487	3.0258315
301488	4.568909
301489	0.81967515
301498	-6.842363
301499	-1.9136789
301500	5.3880935
301502	-13.414515
301503	-0.28445882
301505	5.504732
301507	5.29658
301508	5.30224
301509	-24.842093
301510	1.2169107
301511	6.118265
301512	6.5303516
301515	6.050956
301516	5.30224
301517	-14.460499
301518	5.302169
301519	5.502406
301520	4.963136
301525	4.973947
301526	7.0220366
301528	5.3729076
301529	5.7420278
301533	5.504538
301536	-6.632281
301538	4.783523
301548	0.4600417
301550	1.7317147
301555	5.302212
301558	-2.3115554
301559	4.6008344
301566	5.292631
301567	-3.045611
301568	-13.01541
301577	5.477605
301578	-13.424053
301587	6.549937
301588	8.56221
301589	0.89637053
301591	5.30224
600000	-13.414116
600004	4.689229
600006	-2.599157
600007	-5.6475544
600008	-31.383326
600009	9.446324
600010	-13.2630625
600011	4.040146
600012	-16.904802
600015	6.331895
600016	-7.197406
600017	9.194877
600018	9.130394
600019	1.1479142
600020	12.159773
600021	8.56221
600022	24.332241
600023	9.010822
600025	-13.784869
600026	-13.4158745
600027	2.5509663
600028	15.332594
600029	-24.14559
600030	-15.4796505
600031	-0.22931899
600032	1.1479204
600033	7.202272
600035	-1.62725
600036	-0.3577306
600037	11.715474
600038	3.5500522
600039	4.566151
600048	-32.58122
600050	38.86455
600051	4.082527
600052	5.302144
600053	6.7202764
600054	6.264131
600055	-8.077834
600056	3.6643643
600057	5.5937653
600058	9.914877
600059	0.5100355
600060	-75.2411
600061	1.5787834
600062	-15.88055
600063	1.1498048
600064	11.705696
600066	1.9401023
600067	-9.658701
600070	20.964722
600071	2.26074
600072	4.9742465
600073	9.654487
600075	-1.3311683
600076	3.3045104
600078	1.7430598
600079	-14.860989
600080	1.5598441
600081	4.056155
600082	3.8363729
600083	18.445072
600084	-5.092319
600085	6.116202
600088	3.3110383
600089	2.8111827
600094	17.20069
600095	-7.244093
600096	0.78265655
600097	3.054797
600098	4.9791317
600099	21.707235
600100	5.6769805
600101	4.9631367
600103	12.091027
600104	-22.86094
600105	-13.493796
600106	4.0429354
600107	11.975206
600108	27.294445
600109	11.7124195
600110	5.6430244
600111	6.2583594
600113	4.509718
600114	-15.613266
600115	9.775894
600116	1.4172235
600117	7.0806923
600118	-14.860989
600119	-9.533391
600120	-14.860868
600121	5.2132263
600123	-8.706156
600125	6.4581146
600126	3.9239924
600127	5.5902405
600128	9.0737505
600129	2.7921548
600130	17.624615
600131	-13.124747
600132	5.0264287
600133	7.6843114
600135	-13.0154295
600136	17.779762
600137	12.572288
600138	3.3110588
600141	0.46694478
600143	-13.414515
600148	3.543525
600149	0.06917726
600150	-3.1283731
600151	-13.940543
600152	-7.5418234
600153	5.5419784
600155	3.9375541
600156	21.703848
600157	-35.37723
600158	4.7918115
600159	3.5972574
600160	8.729195
600161	5.763429
600162	-29.635498
600163	4.3990164
600165	-11.756195
600166	6.510303
600167	-13.786711
600168	5.4285927
600169	16.524494
600170	7.5248766
600171	-13.414608
600172	12.09112
600173	-11.585015
600176	2.7022178
600177	-13.414518
600178	7.844573
600179	-1.5112662
600180	5.434458
600182	43.41257
600183	4.8801737
600184	-3.5103784
600185	6.3665433
600186	-5.269992
600187	23.935286
600188	6.3064775
600189	18.445072
600190	8.808758
600191	5.40731
600192	12.378227
600193	20.227129
600195	4.8391438
600196	-8.519789
600197	4.056351
600198	18.445072
600199	4.010661
600200	5.502537
600201	5.0247636
600202	17.46724
600203	-5.7527757
600206	0.6066284
600207	7.1805506
600208	-7.255665
600210	-6.9156814
600211	-13.414515
600212	5.302183
600215	5.302183
600216	-13.414518
600217	-15.817238
600218	4.105916
600219	35.37494
600221	8.791598
600222	17.616554
600223	3.86425
600225	6.816135
600226	-7.37183
600227	14.847918
600228	20.248293
600229	5.3438272
600230	6.450661
600231	-13.786724
600232	-3.4367352
600233	-13.533552
600234	12.37711
600235	-6.072639
600236	5.27043
600237	-5.2777596
600238	5.506046
600239	1.4013679
600241	7.4655776
600243	13.858057
600246	-8.038655
600248	-3.5164285
600249	-4.4489794
600250	6.0750766
600251	4.0562634
600252	-13.413943
600255	6.448909
600256	2.2268248
600257	4.6756215
600258	6.557458
600259	7.487312
600261	-4.8346033
600262	-2.0624077
600265	-0.9079295
600266	-13.786642
600267	-13.414515
600268	-5.0896435
600269	3.2577884
600271	-4.005615
600272	-1.5174862
600273	7.2291794
600276	-8.883278
600278	-3.5105119
600279	4.8999434
600280	-13.786217
600281	21.71849
600282	5.7757797
600283	8.452873
600284	-9.421425
600285	-16.536156
600287	-0.84688896
600288	-13.729004
600289	-3.7716565
600292	21.69487
600293	22.498274
600295	8.73548
600298	-13.414516
600299	4.9435744
600300	14.530207
600301	7.828485
600302	11.975206
600303	4.951489
600305	7.2922215
600307	9.0812435
600308	-5.094639
600309	1.0832222
600310	3.4023116
600312	-1.3482995
600313	7.4926715
600315	3.8013618
600316	-13.414107
600318	8.56221
600319	15.947128
600320	-13.414513
600322	12.378227
600323	4.12885
600325	4.973947
600326	-13.414107
600327	7.0017323
600328	-13.414515
600329	5.1787753
600330	7.489969
600331	2.926626
600332	-2.119033
600333	12.572328
600335	7.476288
600336	21.4776
600337	8.56221
600338	10.370394
600339	-13.784423
600340	2.6124067
600343	-4.4481072
600345	7.4879813
600346	5.281515
600348	-1.2400073
600350	-13.784412
600351	5.6995206
600352	3.5706525
600353	5.2837305
600354	3.9967244
600355	11.975206
600356	11.414378
600358	10.04099
600359	42.900253
600360	2.5554602
600361	5.999508
600362	5.568919
600363	4.7982397
600365	10.103709
600366	9.121313
600367	5.3128653
600368	21.707214
600369	16.035437
600370	1.9382615
600371	5.335024
600372	-6.526112
600373	0.83019906
600375	12.378222
600376	-2.5047393
600377	19.08722
600378	-7.7596025
600379	9.546876
600380	6.6040144
600381	12.378227
600382	5.9669523
600383	-13.414515
600386	11.975206
600387	4.2078724
600388	7.2733607
600389	3.5657582
600390	-13.78639
600391	-5.094636
600392	4.056308
600395	11.715474
600396	5.741522
600397	12.572328
600398	0.91504
600399	8.56221
600400	4.3931875
600403	6.1900063
600405	6.9286685
600406	1.5598725
600408	-3.7936625
600409	-67.737976
600410	5.530701
600415	19.08719
600416	-3.516081
600418	-14.860989
600419	3.5831594
600420	-5.1428866
600421	-9.037648
600422	5.497362
600423	21.70722
600425	25.256384
600426	1.1976948
600428	3.7263021
600429	1.5878862
600433	-2.83521
600435	-14.861073
600436	-11.8126135
600438	-13.415815
600439	11.715391
600444	-5.781493
600446	2.2130094
600448	15.445179
600449	-6.2851114
600452	1.671714
600455	12.37034
600456	-12.468046
600458	0.15371644
600459	2.6935287
600460	-7.947764
600461	6.5278916
600462	3.7116928
600463	-13.0154295
600467	-1.1761944
600468	5.7537966
600469	5.5304365
600470	33.583317
600475	3.538098
600476	0.63971764
600477	7.1345015
600478	4.949618
600479	2.1941214
600480	12.740743
600481	4.973952
600482	-6.891024
600483	0.9196676
600486	-2.1578262
600487	4.9739494
600488	-13.786727
600489	-1.8663064
600490	6.557428
600491	11.415596
600493	-3.27366
600495	-0.9088822
600496	4.7746143
600497	6.375543
600498	4.65215
600499	3.7460139
600500	5.2679873
600501	-13.414608
600502	11.715474
600503	7.5149436
600505	6.045162
600506	4.727367
600507	6.432877
600508	6.6677995
600509	7.5707693
600510	7.504345
600511	4.386691
600512	-13.606055
600513	-0.17630343
600515	8.930924
600516	13.28244
600517	11.0878935
600518	7.6129766
600519	2.7636285
600520	-13.415142
600521	-8.139323
600522	-5.6864
600523	20.500618
600525	-13.935302
600526	7.491719
600527	5.270864
600528	0.5146978
600529	7.1068187
600530	11.8493185
600531	4.990112
600533	-23.102318
600535	-14.860989
600536	-4.059543
600537	6.824255
600538	8.58035
600539	20.290268
600540	3.5668058
600543	28.264841
600545	-4.247025
600546	8.913908
600547	-13.414303
600548	-13.915967
600549	-1.67342
600550	3.0469096
600551	-13.414515
600552	-15.88055
600556	12.474815
600557	4.8263636
600558	6.1124897
600559	5.5494375
600560	-15.527286
600561	-13.785838
600562	6.7539687
600563	5.4778438
600566	-13.414522
600567	16.126358
600568	41.241745
600569	5.1524777
600570	-93.65004
600571	4.813807
600572	-5.086656
600573	2.4015942
600575	-5.094636
600576	-13.01541
600577	-13.414534
600578	8.337841
600579	12.377948
600580	5.164143
600581	18.064856
600582	11.404485
600583	-8.995849
600584	-8.651759
600585	2.004648
600586	1.1030991
600587	4.0576363
600588	3.6815133
600589	5.4733315
600590	-27.842665
600592	-1.2157793
600593	5.287207
600594	-4.377958
600595	-2.835089
600596	-39.046066
600597	-3.7498055
600598	11.715879
600599	20.964722
600600	-0.20142004
600601	7.134366
600602	7.25744
600603	2.8587532
600604	-6.2528768
600605	-14.860989
600606	3.2330368
600608	-13.409727
600609	-6.013844
600610	4.973947
600611	-13.415071
600612	-66.84556
600613	-5.0946455
600615	-5.094636
600616	4.096653
600617	2.6980295
600618	3.3080657
600619	4.0893517
600620	3.342097
600621	-13.414513
600622	-50.81028
600623	5.5461216
600624	-3.321151
600626	5.2004986
600628	-12.989771
600629	9.577068
600630	5.3199654
600633	4.5014167
600635	-13.414515
600636	-13.414516
600637	-14.860989
600638	-5.0946455
600639	2.951961
600640	3.3110304
600641	4.056313
600642	-7.820486
600643	2.2075403
600644	-3.4515703
600645	-7.1717563
600648	-7.80733
600649	4.056163
600650	-13.414608
600651	-7.048601
600653	-13.414515
600654	2.7402663
600655	6.170125
600657	2.7771575
600658	4.91016
600660	1.7764797
600661	-13.414515
600662	-13.414515
600663	5.56298
600664	-13.839059
600665	6.0827904
600666	-13.786541
600667	6.8788576
600668	-13.414515
600671	6.918112
600673	2.7114258
600674	0.8062166
600675	5.694293
600676	-13.414516
600678	8.983682
600679	3.5688198
600681	4.5089197
600682	4.973093
600683	5.242357
600684	-5.026495
600685	3.3110397
600686	-13.414108
600688	7.2550035
600689	7.2501435
600690	1.75811
600691	7.4916778
600692	5.0937696
600693	-25.343805
600694	4.0555787
600696	-13.01541
600697	-3.0785887
600698	21.707214
600699	4.9106245
600702	4.97395
600703	4.218428
600704	-13.413896
600705	2.9014242
600706	1.0394276
600707	-2.0059476
600708	3.1446254
600710	0.10497303
600711	3.310293
600712	-5.8304973
600713	-5.072391
600714	-3.7961981
600715	17.109001
600716	6.201815
600717	-15.4796505
600718	3.188552
600719	5.3021607
600720	6.2581277
600721	17.6187
600722	5.210644
600724	5.08565
600725	-3.7953944
600726	-4.1590133
600727	5.6964455
600728	-18.357752
600729	4.8165426
600730	-13.786676
600731	5.4355345
600732	4.973945
600733	4.9741488
600734	-13.786682
600735	-5.2347355
600736	2.212895
600737	4.0407166
600738	0.90746
600739	4.974755
600740	-4.674777
600741	-1.9050084
600742	5.559661
600743	4.3938737
600744	5.5048504
600745	4.9650974
600746	-6.348801
600748	8.951948
600749	5.8720765
600750	-9.839231
600751	-5.612047
600753	11.975206
600754	10.304694
600755	5.3126206
600756	4.0439863
600757	-13.966589
600758	17.601635
600759	0.9175697
600760	0.7849646
600761	4.4953995
600763	-13.414513
600764	-13.414515
600765	4.049753
600768	4.130872
600769	4.5118566
600770	2.8794076
600771	1.3713998
600773	-11.269738
600774	4.643831
600775	-32.008583
600776	1.6850893
600778	10.311196
600779	3.2566125
600780	3.606799
600782	-57.38815
600783	2.6479409
600784	-13.96657
600785	1.0236331
600787	-48.261623
600789	21.707245
600790	9.315433
600791	-3.5103812
600792	14.372368
600793	-1.848049
600794	7.307843
600795	2.693501
600796	3.463182
600797	-13.414109
600798	8.271608
600800	3.9184458
600801	4.943582
600802	4.0706773
600803	3.4696333
600804	11.975206
600805	4.9965634
600807	4.937198
600808	7.197077
600809	7.4430494
600810	2.5740895
600811	12.378227
600812	12.083166
600814	5.3296657
600815	-7.5414596
600816	3.820221
600817	-13.414534
600818	17.894264
600819	3.5301483
600820	-13.414515
600821	8.930924
600822	6.641813
600824	11.711152
600825	6.016224
600826	5.076603
600827	-11.078073
600828	-13.928547
600829	5.312833
600830	-13.414515
600831	-0.2883293
600833	3.227192
600834	-13.786431
600835	-14.860989
600837	-13.375641
600838	-11.254741
600839	-12.895167
600841	7.4697623
600843	-13.7856865
600844	4.498383
600845	3.517741
600846	-13.414515
600847	-8.861647
600848	7.178827
600850	5.4195232
600851	-13.414516
600853	13.254278
600854	16.20087
600855	-3.5104125
600857	3.6029637
600858	5.525734
600859	-45.55586
600860	1.7765546
600861	3.3110013
600862	3.664781
600863	4.3396454
600864	3.538099
600865	2.0823703
600866	3.3091562
600867	-9.17771
600868	-7.807334
600869	-13.412829
600871	17.971788
600872	-95.515686
600873	-6.4031634
600874	28.264608
600875	4.9973173
600876	6.557462
600877	4.867423
600879	-13.414107
600880	-13.404705
600881	-7.7818885
600882	5.9370747
600883	5.125636
600884	5.7068834
600885	-70.92368
600886	-1.2641237
600887	4.8044024
600888	4.1714582
600889	-0.26123416
600892	-13.015419
600893	-1.3719034
600894	5.2883
600895	-26.07168
600897	6.555095
600898	10.089033
600900	-15.309412
600901	3.9234316
600903	5.047563
600905	27.746994
600906	20.24102
600908	29.40605
600909	15.501924
600916	1.2571534
600917	-10.059013
600918	16.189589
600919	-12.008877
600925	-0.49963784
600926	-12.335281
600927	7.4501925
600928	12.374395
600929	7.963348
600933	12.60134
600935	-1.1063889
600936	10.748125
600938	-2.9416654
600939	11.567401
600941	1.3775003
600955	5.296836
600956	8.861324
600958	18.411774
600959	18.445072
600960	7.49181
600961	-4.381872
600962	-13.784423
600963	-1.4167774
600965	-4.081668
600966	4.4021673
600967	3.005181
600968	46.421543
600969	21.375153
600970	4.9179826
600971	4.813191
600973	-1.6380082
600975	-32.68562
600976	1.8134888
600977	-1.0398661
600979	5.2217984
600980	4.3938494
600981	2.535656
600982	6.204185
600983	4.1662197
600984	6.3155427
600985	-0.79721576
600986	11.414774
600987	2.6936228
600988	-6.192651
600989	17.808313
600990	1.8601017
600992	8.56221
600993	-7.2966423
600995	2.1474802
600996	12.225049
600997	6.7548523
600998	-5.415114
600999	-13.015393
601000	-13.42614
601001	3.3110037
601002	12.090999
601003	6.547114
601005	28.65005
601006	12.236329
601007	7.154418
601008	6.707202
601009	8.392822
601010	-0.5768304
601011	21.58884
601012	5.6551332
601015	12.378225
601016	4.0010905
601018	38.751545
601019	18.445072
601020	20.225142
601021	5.157945
601022	6.886288
601028	5.485272
601033	5.3021693
601038	16.450336
601058	6.3507323
601059	5.302201
601061	2.3644445
601065	3.9014182
601066	24.332241
601068	1.0050944
601069	2.832701
601077	20.27792
601083	-5.269622
601086	-3.9202354
601088	-9.546011
601089	1.2064646
601096	6.9540644
601098	12.377874
601099	31.68177
601100	-13.736581
601101	-1.3737836
601106	19.480083
601107	17.50626
601108	3.8810017
601111	-4.9563622
601113	-2.6631038
601116	1.0392255
601117	21.142723
601118	6.2674584
601121	6.8153043
601126	-1.5129772
601127	-5.0119104
601128	17.894165
601133	0.7973964
601136	6.6542263
601137	12.777145
601138	-3.842415
601139	2.6678586
601155	4.0172577
601156	3.0394554
601158	12.37795
601162	11.975206
601163	5.6902432
601166	-14.842213
601168	27.657173
601169	6.0816603
601177	11.975206
601179	-2.8352165
601186	5.023965
601187	47.918686
601188	-12.6808815
601198	18.445072
601199	-13.424027
601200	4.742422
601208	17.314436
601211	24.331953
601212	-5.3500724
601216	15.9677725
601218	21.707214
601222	19.084133
601225	6.8891006
601226	12.091027
601228	24.332304
601229	-15.463363
601231	-1.9796063
601233	7.1254945
601236	-3.637566
601238	7.4766364
601279	7.0701623
601288	-5.564605
601298	-8.808009
601311	7.613054
601318	-15.88055
601319	20.964722
601326	21.590425
601328	15.873847
601330	4.9145923
601333	20.789469
601336	-5.840383
601339	5.0212426
601360	7.46038
601366	4.645156
601368	7.1547413
601369	9.228504
601375	31.77326
601377	7.229041
601388	4.789647
601390	20.145779
601398	-8.377074
601399	28.265087
601456	27.921928
601500	21.212631
601512	12.615256
601515	8.36347
601518	12.173967
601519	11.121867
601528	24.335611
601555	28.707668
601566	6.6186376
601567	18.606941
601568	20.343508
601577	23.082428
601579	0.7980456
601588	-6.329771
601595	2.0076582
601598	10.162949
601599	20.964718
601600	10.415672
601601	7.121018
601606	31.645638
601607	-14.860989
601608	-4.463022
601609	6.8155203
601611	21.740084
601615	-2.754035
601616	6.540414
601618	24.332304
601619	7.0315065
601628	-13.812807
601633	0.4121578
601636	28.023764
601658	20.762007
601665	20.1764
601666	-0.7790567
601668	-13.378666
601669	18.445072
601677	13.312537
601678	6.557755
601686	32.114304
601688	20.925632
601689	5.015159
601696	15.200653
601698	8.930923
601699	-0.88631946
601700	5.237549
601702	-0.9870238
601717	7.4503202
601718	12.0882015
601727	7.7700214
601728	12.55565
601766	-19.739841
601777	6.1123686
601778	18.445072
601788	18.411774
601789	-5.937556
601798	20.226444
601799	3.540212
601800	-19.838926
601801	12.37795
601808	8.563551
601811	18.445072
601816	24.332241
601818	20.964718
601825	17.507023
601827	27.7199
601828	-6.298018
601838	37.893295
601857	-5.9001303
601858	4.9103312
601860	34.529278
601865	8.56221
601866	7.8544307
601868	18.397156
601869	2.5936213
601872	6.153786
601877	3.196832
601878	-13.845027
601880	17.669624
601881	8.930749
601882	-0.44068754
601886	6.557557
601888	3.288644
601890	-9.350493
601898	17.93426
601899	-6.3674874
601900	-3.1782136
601901	8.562213
601908	8.562223
601916	6.1252537
601918	17.677036
601919	-34.787075
601921	11.975206
601928	12.060923
601929	17.56778
601933	24.332241
601939	20.96451
601949	18.444954
601952	11.415745
601956	6.493093
601958	20.791958
601963	27.896948
601965	7.9892855
601966	7.7119355
601968	17.794922
601969	1.1470219
601975	6.8151274
601985	24.332241
601988	-13.67202
601989	12.377014
601990	3.6542282
601991	1.1479118
601992	-35.98001
601995	5.4252157
601996	-4.9993815
601997	21.653809
601998	-11.000505
601999	21.707012
603000	5.0200357
603001	7.729517
603002	1.2103965
603003	15.682934
603004	5.6320715
603005	5.1716723
603006	3.0859895
603007	-28.570854
603008	-0.60755134
603009	-2.2097843
603010	5.743692
603011	-25.890953
603012	11.975206
603013	5.222673
603015	7.491368
603016	12.572338
603017	4.0563517
603018	4.813717
603019	4.973947
603020	6.4513264
603021	9.073756
603022	-4.381679
603023	6.167506
603025	4.0623116
603026	5.2535877
603027	3.5381076
603028	21.707214
603029	8.434649
603030	-5.8428183
603031	-67.80467
603032	-3.2616475
603033	4.70696
603035	5.420426
603036	-2.835122
603037	-7.560583
603038	19.636839
603039	4.0647187
603040	6.0790687
603041	1.1184993
603042	32.69657
603043	2.9005642
603045	6.425098
603048	5.771788
603050	-13.414598
603051	5.571495
603052	-0.20609657
603053	1.1480305
603055	6.6602883
603056	13.06885
603057	42.791653
603058	6.2241893
603059	-13.015466
603060	-5.8101006
603061	-13.409723
603062	5.3689036
603063	5.3021607
603065	12.378227
603066	-12.589316
603067	-3.516167
603068	8.560461
603069	3.5931025
603070	-2.5680988
603071	3.892353
603073	6.5571795
603075	5.9411263
603076	8.319077
603077	2.8321803
603078	4.048417
603079	5.4946966
603080	5.5274763
603081	7.6591396
603082	4.4587793
603083	4.813569
603085	14.350976
603086	-18.186913
603087	5.46838
603088	4.973947
603089	-22.312841
603090	5.2897635
603093	18.445095
603095	-4.448105
603096	-1.190248
603097	5.0366077
603098	-5.6395607
603099	-8.870848
603100	3.9271264
603101	4.1630507
603102	-2.8098037
603103	5.302146
603105	-2.8233273
603106	11.560242
603107	6.9608574
603108	-51.255825
603109	-5.4470363
603110	-5.8267956
603111	5.582149
603112	9.60802
603113	8.044488
603115	7.4919643
603116	14.763419
603117	1.1479195
603118	20.964722
603119	12.525983
603121	-3.4783027
603122	12.360346
603123	21.792671
603125	5.3021636
603126	-18.57517
603127	5.242597
603128	-5.0352693
603129	2.2087457
603130	-19.945854
603131	-13.414515
603132	6.5574546
603135	6.199095
603136	5.2373385
603137	7.4452524
603138	-12.737747
603139	3.7647922
603150	-2.0096626
603151	-2.2812696
603153	6.341763
603155	7.4918804
603156	-5.092997
603158	2.5937753
603159	4.404936
603160	-7.195713
603161	3.620792
603162	4.2623863
603163	4.8805013
603165	5.483031
603166	13.333773
603167	1.0541608
603168	5.3383946
603169	12.37795
603170	6.5574536
603171	2.8844795
603172	17.817646
603173	-5.2699814
603176	15.663618
603177	1.0424371
603178	5.257962
603179	4.646027
603180	2.1209664
603181	4.852082
603182	0.42407244
603183	5.3507113
603185	-26.075048
603186	-5.8433905
603187	4.897176
603188	15.784468
603189	14.191603
603190	8.526992
603191	8.56221
603192	21.707222
603193	-2.3995578
603195	0.9172033
603196	20.964722
603197	-2.7778523
603198	-1.8217821
603199	-17.306793
603200	2.355477
603201	5.3021607
603203	3.3116765
603206	16.131952
603208	-3.669339
603209	11.975206
603211	0.4156511
603212	-6.0978127
603213	-6.0940623
603214	5.3640137
603215	-8.547083
603216	0.7059409
603217	6.5581326
603218	-4.62448
603219	15.118237
603220	7.337304
603221	-5.1530952
603222	6.187191
603223	-13.375826
603225	7.5005484
603226	6.0675817
603227	-13.01547
603228	-10.0156765
603229	4.7451296
603230	4.393289
603231	5.331787
603232	7.3133426
603233	11.715487
603235	3.9715233
603236	6.392293
603237	1.1805807
603238	-0.30624896
603239	4.0557714
603255	-4.462531
603256	1.1536393
603258	4.1687593
603259	4.7732167
603260	7.2895803
603261	-13.784416
603266	6.556601
603267	4.796836
603268	20.214165
603269	-3.4143994
603270	8.56221
603272	11.975206
603273	5.302215
603275	5.30215
603276	-8.653291
603277	5.1895576
603278	-11.390608
603279	-6.4058423
603280	12.571022
603281	-6.4477663
603282	5.5052643
603283	-1.0495772
603286	5.5308566
603288	6.4562287
603289	-2.5236511
603290	4.9739695
603291	8.367542
603296	5.563101
603297	-1.056339
603298	-7.303297
603299	3.3746707
603300	5.3021526
603301	3.3121026
603303	6.557811
603305	1.1479118
603306	4.805789
603307	5.302259
603308	2.5856683
603309	3.8729718
603311	3.8548367
603312	-13.784499
603313	-2.3406413
603315	-4.0677843
603316	20.243883
603317	7.98732
603318	5.7579226
603319	5.0195994
603320	-6.004044
603321	-5.281296
603322	4.056288
603323	21.264462
603324	-13.016027
603325	-63.131245
603326	6.553773
603327	6.5572267
603328	1.1479204
603329	5.6808925
603330	-3.5103018
603331	6.171557
603332	5.2512236
603333	12.0882015
603335	5.4677424
603336	-13.786338
603337	2.9961686
603338	5.5770516
603339	11.316381
603341	-7.168215
603344	8.410586
603345	5.4882636
603348	-7.4994497
603351	-5.094636
603353	6.2008443
603355	-1.3742288
603356	1.658111
603357	7.4916406
603358	-10.571845
603359	12.09102
603360	-12.978311
603363	-5.8015494
603365	6.885408
603366	13.266182
603367	10.580395
603368	4.0562177
603369	2.1516905
603373	4.8331656
603375	-34.12716
603377	0.63695514
603378	4.5250645
603379	5.087562
603380	-2.858598
603383	4.973928
603385	6.7002807
603386	7.4772696
603387	-5.7704268
603388	11.993054
603389	12.376174
603390	24.332241
603392	-15.498237
603393	-7.5236096
603396	4.973947
603398	-7.536094
603399	-5.827591
603408	7.8351436
603416	-13.412184
603421	-5.8678403
603429	7.459815
603439	5.4148703
603444	-14.860989
603456	3.9101827
603458	11.9752035
603466	6.706332
603477	4.337441
603486	2.7714434
603488	-13.786536
603489	4.1243396
603496	-74.0279
603499	-13.786642
603500	8.560841
603501	4.943621
603505	4.910045
603506	-3.7981384
603507	5.3021607
603508	-14.860989
603511	6.557462
603515	9.353938
603516	1.7436663
603517	8.327
603518	8.56221
603519	4.373926
603520	5.302184
603527	5.741521
603528	-5.0363193
603529	-4.0679016
603530	1.8813875
603533	6.5548563
603535	-10.887947
603536	5.3319483
603538	-30.701635
603551	4.8493457
603556	19.041227
603557	12.35098
603558	-0.7936916
603559	20.964722
603565	-13.823903
603566	5.7827063
603567	11.411961
603568	2.72656
603569	8.408657
603577	5.206876
603578	-6.0931697
603579	5.5654154
603580	7.3675933
603583	-0.7597311
603585	-13.191211
603586	-1.7789457
603587	25.070225
603588	26.938019
603589	2.65688
603590	-70.78872
603595	5.4926043
603596	4.5708227
603598	6.56543
603599	0.9090198
603600	6.5578814
603601	2.4691358
603602	-7.7307906
603605	5.5717607
603606	6.5949645
603607	4.2581444
603608	12.376444
603609	6.830558
603610	7.611425
603611	6.659522
603612	3.9498785
603613	-13.414598
603615	-13.784412
603616	13.658912
603617	5.193543
603618	5.1999626
603619	-3.7956223
603626	17.517118
603628	5.448313
603629	5.48246
603630	5.992872
603633	0.83817214
603636	-15.472856
603637	4.3939734
603638	-7.1545105
603639	-15.88055
603648	-5.6359415
603650	4.4888163
603655	5.3486233
603656	-6.064173
603657	6.554359
603658	-30.03528
603659	4.973953
603660	-2.143994
603661	-93.82912
603662	-13.414518
603663	-5.073249
603665	17.32139
603666	-13.405758
603667	-2.5010023
603668	8.56221
603669	1.0236099
603676	21.707209
603677	5.4694767
603678	3.30785
603679	0.78825563
603680	13.540611
603681	-6.1839814
603682	-1.0584036
603683	6.1835413
603685	19.385733
603686	5.057904
603687	-35.92116
603688	5.1747656
603689	6.3895392
603690	4.397633
603693	3.9129157
603696	3.285651
603697	4.877694
603698	11.975206
603699	-3.5072777
603700	4.3937664
603701	-14.860989
603703	-4.5809684
603706	4.9238286
603707	7.9548645
603708	6.557463
603709	4.7356324
603711	6.858993
603712	44.086338
603713	5.007855
603716	-13.7856865
603717	8.329238
603718	-13.786703
603719	8.562202
603721	3.3392754
603722	4.973967
603725	7.534971
603726	4.394135
603727	5.324953
603728	-0.58430326
603729	13.379578
603730	2.739307
603733	1.1492962
603737	3.3108094
603738	-7.5606356
603739	5.4913516
603755	6.3534956
603757	4.218654
603758	-3.7922573
603759	4.096541
603766	17.616583
603767	8.562153
603768	-0.85773265
603773	4.973947
603776	5.3073177
603777	7.491943
603778	-6.807863
603779	5.5058317
603786	4.056186
603787	-3.7945404
603788	5.0820494
603789	4.966111
603790	5.3862643
603797	-4.748995
603798	-5.2520514
603799	4.8046293
603800	8.56221
603801	7.8365884
603803	20.213272
603806	-0.50993437
603808	2.4292278
603809	4.814975
603810	5.209784
603811	-5.6484795
603813	-4.633112
603815	-2.8352096
603816	-5.1400037
603817	8.189062
603818	-35.984173
603819	4.976683
603822	-13.78623
603823	-17.989891
603825	-13.865308
603826	-16.538073
603828	20.126602
603829	5.535935
603833	-8.000115
603836	5.2531652
603838	8.56221
603839	11.3340645
603843	12.35098
603848	4.8130116
603855	5.370323
603856	-27.971666
603858	5.103408
603859	5.302223
603860	3.9490528
603861	-3.7958055
603863	-13.786499
603866	4.440182
603867	6.5574603
603868	5.6422977
603869	17.818663
603871	-10.612427
603876	5.339965
603877	6.938124
603878	8.56221
603879	11.975206
603880	11.921943
603881	8.413679
603882	6.557532
603883	7.0955772
603885	-0.9554705
603886	3.6564445
603887	-13.015568
603888	4.8131423
603889	-7.317291
603890	-1.2362015
603893	4.7774916
603895	-13.7866745
603896	-6.36787
603897	6.978521
603898	3.8509152
603899	0.49146435
603900	9.07376
603901	6.8860574
603903	5.308152
603906	5.302147
603908	-8.030936
603909	8.582819
603912	-12.349372
603915	5.2425876
603916	11.975206
603917	15.488718
603918	4.6984468
603919	2.8983014
603920	3.5109987
603922	-5.2985563
603926	6.1079626
603927	6.6100063
603928	2.2100723
603929	-6.2987485
603931	6.665207
603933	4.906425
603936	7.4918265
603937	42.902554
603938	5.3021183
603939	-91.69709
603948	-3.7930708
603949	5.3021483
603950	13.330577
603955	-5.81182
603956	-5.9056454
603958	33.264767
603959	18.445095
603960	4.973947
603963	11.975206
603966	21.707214
603967	5.5257316
603968	-8.012386
603969	-5.945118
603970	7.5686502
603976	12.088225
603977	15.779693
603978	11.975206
603979	-12.666142
603980	16.112055
603982	8.367983
603983	7.5863886
603985	4.9739494
603986	-25.858084
603987	-8.634877
603988	-13.414634
603989	4.3985157
603990	2.5119462
603991	-4.5253544
603992	8.740983
603993	13.912823
603995	6.3799605
603997	18.445095
603998	1.463323
603999	-3.510378
605001	3.601473
605003	1.039372
605005	3.5127702
605006	25.673943
605007	-15.647068
605008	-5.701727
605009	2.7318652
605011	4.922135
605016	3.872128
605018	1.0424254
605020	6.4895163
605028	4.398193
605033	6.0451646
605050	4.3277225
605055	8.883171
605056	4.3944187
605058	23.120613
605060	7.6128726
605066	12.872978
605068	0.17091803
605069	3.931333
605077	3.1856384
605080	7.0229926
605081	8.56221
605086	8.318366
605088	-5.614174
605089	5.288601
605090	6.7347536
605098	-6.948309
605099	-3.4147265
605100	6.5574603
605108	6.5445967
605111	2.1463132
605116	6.4897203
605117	-14.867186
605118	3.09451
605122	7.4909286
605123	4.7831593
605128	-7.4110193
605133	6.469441
605136	7.667427
605138	22.307325
605151	7.6148357
605155	-0.15875609
605158	18.410183
605162	8.430299
605166	-3.7955658
605167	11.975206
605168	8.386812
605169	1.6370242
605177	3.2840378
605178	11.975206
605179	-5.9181824
605180	-6.0980062
605183	32.071766
605186	8.319535
605188	6.8153033
605189	6.5544777
605196	4.9267693
605198	7.4923577
605199	17.807243
605208	-21.875713
605218	13.227837
605222	-5.2430177
605228	4.281783
605255	-13.038726
605258	6.679473
605259	-6.968434
605266	4.9740005
605268	-6.0960116
605277	7.411584
605286	0.99831283
605287	-59.648666
605288	2.8219304
605289	5.302183
605296	4.5632052
605298	5.6692047
605299	1.1479208
605300	5.255339
605303	7.4572372
605305	4.791325
605318	12.377995
605319	-13.933039
605333	-1.7073654
605336	5.3308
605337	6.5573263
605338	3.8499131
605339	5.623231
605358	7.4386945
605365	6.877483
605366	-2.8355062
605368	-4.765126
605369	-7.543204
605376	6.9239793
605377	3.4914463
605378	1.7786587
605388	1.0394135
605389	3.8816245
605398	-15.479633
605399	8.56221
605488	1.3534392
605499	6.083104
605500	3.632953
605507	17.245054
605555	7.6112003
605566	12.328866
605567	6.1792254
605577	7.491154
605580	7.46665
605588	5.1287622
605589	29.34231
605598	5.302183
605599	5.2967324
688001	7.489991
688002	3.8755467
688003	6.59208
688004	4.9262195
688005	-6.0952253
688006	7.491878
688007	7.035767
688008	14.629689
688009	26.14535
688010	6.2094893
688011	7.320798
688012	-66.20376
688013	5.221175
688015	-6.120323
688016	0.1862869
688017	4.973947
688018	4.0389886
688019	4.9739614
688020	-7.518811
688021	8.56221
688022	5.2891765
688023	-15.473256
688025	5.299341
688026	-13.786651
688027	5.435862
688028	4.2751255
688029	5.7415266
688030	-3.9739811
688031	5.3109627
688032	-13.414515
688033	-6.2682967
688035	5.320195
688036	-15.897706
688037	8.062494
688038	5.4963007
688039	5.3021607
688041	-13.414513
688045	5.3021693
688046	7.203235
688047	-14.860986
688048	4.973947
688049	6.55479
688050	-14.852718
688051	5.0028515
688052	-15.469368
688053	-6.095999
688055	-8.515675
688056	4.9151006
688057	5.11544
688058	3.3081386
688059	4.9009323
688060	4.671658
688061	4.973958
688062	-4.4979715
688063	4.0472474
688065	6.4661746
688066	8.56221
688067	5.2113547
688068	-5.098284
688069	5.5244246
688070	3.948112
688071	8.584083
688072	7.936116
688073	-14.879391
688075	2.3200753
688076	2.804184
688077	-2.8349247
688078	11.410746
688079	15.516011
688080	-2.394784
688081	5.415861
688082	1.8170675
688083	-13.414092
688084	7.732031
688085	11.96843
688087	-0.36126536
688088	2.891252
688089	26.900827
688090	-12.465426
688091	-13.414107
688092	5.3021574
688093	7.489553
688095	-0.555162
688096	12.37795
688097	1.0742811
688098	0.781152
688099	4.9735994
688100	16.879839
688101	-13.628763
688102	-2.217086
688103	5.302158
688105	5.079335
688106	4.045563
688107	8.562212
688108	5.2868896
688109	4.97394
688110	6.4609065
688111	3.6295228
688112	5.6051416
688113	5.3020835
688114	-91.67385
688115	28.444452
688116	6.146135
688117	-13.409723
688118	0.94129086
688119	2.112038
688120	3.9442055
688121	-6.3850493
688122	4.3156586
688123	3.3107908
688125	6.4135556
688126	-1.4261528
688127	1.2155504
688128	1.0402697
688129	29.808558
688130	6.3920484
688131	4.973988
688132	6.5577216
688133	6.186467
688135	-12.996163
688136	4.43952
688137	7.106115
688138	-2.8531048
688139	2.6820478
688141	-13.786676
688143	6.6168356
688146	6.558685
688147	3.7537396
688148	6.815325
688150	3.8849843
688151	4.362292
688152	4.830739
688153	5.7463875
688155	-2.2432685
688156	-10.408909
688157	-9.754787
688158	9.407547
688159	5.6823983
688160	3.3109863
688161	0.79890513
688162	0.7966923
688163	-13.784419
688165	21.707214
688166	5.741922
688167	4.973947
688168	-13.414516
688169	-2.0228422
688170	14.420373
688171	6.174826
688172	-81.91901
688173	-3.0843053
688175	-5.2741947
688176	6.8153043
688177	14.279904
688178	5.643722
688179	-2.2284133
688180	17.190386
688181	-94.221634
688182	11.331534
688183	-5.8323607
688184	5.3661675
688185	5.3230944
688186	-2.292705
688187	-16.533806
688188	-10.586853
688189	-13.784546
688190	6.2301836
688191	-3.5127587
688192	-7.470152
688193	6.825652
688195	-2.4831111
688196	8.371824
688197	-11.044396
688198	-1.4828023
688199	5.989018
688200	3.7271206
688201	4.7852283
688202	4.973947
688203	-3.1864827
688205	-13.414515
688206	5.3021607
688207	5.369482
688208	7.4919386
688209	4.281327
688210	-11.037483
688211	6.0850635
688212	4.974562
688213	4.05635
688215	-6.0960116
688216	17.785688
688217	-3.8904915
688218	6.5573897
688219	0.5936798
688220	5.320152
688221	-4.288935
688222	0.9175697
688223	1.0813631
688225	4.025742
688226	5.2622976
688227	-4.3379717
688228	5.302194
688229	-13.786642
688230	2.6062887
688231	4.720603
688232	16.96144
688233	5.302158
688234	-0.06603552
688235	-13.414515
688236	6.2557645
688237	-5.256034
688238	1.4384818
688239	6.556543
688244	3.3110023
688246	1.0470455
688247	-4.6564994
688248	6.330563
688249	7.493397
688251	21.712847
688252	6.5121727
688253	2.2091632
688255	5.302145
688256	-13.414515
688257	3.8589041
688258	-9.403908
688259	-8.984049
688260	-95.06865
688261	4.973947
688262	-7.8004227
688265	3.9192264
688266	-13.410615
688267	13.303092
688268	5.039311
688269	5.10368
688270	-0.56925756
688271	5.349119
688272	6.397222
688273	-15.862341
688275	5.1100483
688276	0.90760195
688277	-3.7876434
688278	0.7844393
688279	-13.575995
688280	-8.063966
688281	3.3166432
688282	29.037315
688283	6.0892205
688285	7.3799887
688286	4.973947
688287	6.30992
688288	6.0443254
688289	7.2291965
688290	-3.3145344
688291	-4.4491534
688292	3.923562
688293	3.3107724
688295	-3.7784646
688296	-5.2617965
688297	26.987803
688298	-13.409723
688299	33.13053
688300	0.50800616
688301	3.3119707
688302	2.2968214
688303	21.707214
688305	3.500669
688306	4.00263
688307	6.009876
688308	-2.2284267
688309	5.527536
688310	-2.3533704
688311	5.267561
688312	16.276144
688313	-4.7473474
688314	-13.78666
688315	-3.791988
688316	6.5572667
688317	11.975206
688318	-14.860989
688319	-12.322433
688320	4.0212226
688321	25.549107
688322	12.667386
688323	13.220095
688325	-13.414515
688326	0.79352313
688327	6.9640217
688328	4.597316
688329	7.4898314
688330	5.1856284
688331	3.234615
688332	-2.7437298
688333	1.9581485
688334	7.491609
688335	-6.096955
688336	-4.3817782
688337	5.218646
688338	-13.786709
688339	-13.4753895
688343	5.4490986
688345	3.8936262
688347	5.3045855
688348	2.0912962
688349	7.568974
688350	-4.381219
688351	18.369726
688352	8.892355
688353	4.179557
688355	6.5577545
688356	6.2155585
688357	-3.7986534
688358	-88.430984
688359	-4.721923
688360	0.48708895
688361	-7.5182385
688362	4.0247703
688363	4.9739766
688365	18.244064
688366	-12.255608
688367	4.385804
688368	2.7430584
688369	8.56221
688370	2.6400454
688371	11.634486
688372	-13.414515
688373	-13.868581
688375	5.566233
688376	-2.9054682
688377	5.3021483
688378	4.974353
688379	6.444934
688380	20.241457
688381	-4.381733
688382	7.9347544
688383	7.7317233
688385	0.9410731
688386	5.3071876
688387	18.445072
688388	5.3610263
688389	5.311135
688390	4.973947
688391	1.9424726
688392	5.699782
688393	5.6042185
688395	4.7683196
688396	-69.48241
688398	2.6203194
688399	-13.414515
688400	13.04602
688401	5.302158
688403	-5.2702456
688408	4.7834992
688409	4.0484266
688410	5.1223383
688416	5.302194
688418	1.8296285
688419	5.302211
688420	1.2894403
688425	28.42946
688426	11.975206
688428	20.719316
688429	5.3021517
688432	-5.676847
688433	0.9074435
688435	7.4532256
688439	4.973947
688443	2.373052
688448	-24.188744
688450	3.0606432
688455	12.555728
688456	14.860501
688458	5.3331804
688459	1.726235
688466	6.5716295
688468	-35.980507
688469	6.8154006
688472	12.37795
688475	7.8238926
688478	5.323538
688479	6.5574503
688480	-3.2999525
688484	-95.60837
688485	8.964466
688486	1.2279055
688488	-3.7260203
688489	4.9739766
688496	1.1479195
688498	5.134661
688499	4.964194
688500	-13.817778
688501	5.4261875
688502	5.553832
688503	-13.410517
688505	11.975206
688506	-13.493788
688507	3.619673
688508	5.302201
688509	9.789014
688510	-48.021687
688511	5.4595685
688512	4.2709937
688513	-14.988093
688515	4.0482244
688516	1.7430075
688517	2.4507809
688518	5.3021636
688519	8.583388
688520	4.122034
688521	6.5574436
688522	4.0559907
688523	12.378227
688525	4.9631367
688526	5.3021417
688528	-5.83489
688529	6.4425483
688531	5.312866
688533	0.9175564
688535	4.973947
688536	4.9739614
688538	12.467388
688539	2.9349554
688543	4.7000647
688548	22.207857
688549	6.9602785
688550	6.583335
688551	5.5263023
688552	2.15724
688553	3.8800619
688556	5.1010222
688557	-3.511424
688558	-2.634792
688559	5.264362
688560	12.554202
688561	6.525595
688562	7.545063
688563	3.3098679
688565	-6.2984934
688566	-6.09321
688567	-12.848412
688568	6.6655455
688569	4.3941402
688570	8.56221
688571	-11.98536
688573	5.2393603
688575	2.0873606
688576	4.973947
688577	4.9740996
688578	4.8468447
688579	2.9907167
688580	4.976055
688581	5.4189644
688582	-12.464485
688584	5.505229
688585	12.09048
688586	11.777663
688588	1.1593922
688589	5.302155
688590	7.610707
688591	1.1494579
688592	5.3021636
688593	4.2245107
688595	5.348841
688596	8.938854
688597	1.7668178
688598	0.32297546
688599	6.032171
688600	-13.786709
688601	4.973947
688602	-8.845363
688603	-15.880153
688606	-5.094067
688607	8.56221
688608	5.56602
688609	21.707226
688610	5.302153
688611	2.3375635
688612	1.8826159
688613	21.03946
688616	-2.8252876
688617	-12.147937
688618	4.056312
688619	7.036938
688620	8.56221
688621	-25.91388
688622	-13.786703
688623	2.0630722
688625	0.9395167
688626	5.3333883
688627	4.596083
688628	6.0398173
688629	4.125037
688630	1.9451191
688631	-26.062082
688633	10.640037
688636	-13.414515
688638	-0.79911774
688639	4.2496734
688646	5.100589
688648	-6.0011315
688651	3.5379598
688652	-58.5095
688653	8.362063
688655	-12.662689
688656	-2.5854023
688657	4.973947
688658	12.378228
688659	-13.198986
688660	17.32947
688661	5.3021636
688662	-0.44766968
688663	3.6564503
688665	3.3056135
688667	6.437222
688668	-7.7057815
688669	6.204178
688670	6.5574603
688671	5.3021693
688676	4.973947
688677	4.973947
688678	7.389871
688679	-3.7684267
688680	4.402179
688681	5.1868434
688682	-13.414515
688683	5.3955216
688685	-3.510384
688686	2.1044672
688687	8.56221
688689	8.56221
688690	7.580384
688691	4.7546577
688693	5.30225
688695	-68.992874
688696	4.973947
688697	5.311402
688698	3.955207
688699	5.313711
688700	4.974162
688701	-101.012886
688702	-13.4154005
688707	-4.5705485
688709	7.576904
688711	5.302158
688716	8.56221
688717	-13.414518
688718	2.514274
688719	-2.228477
688720	-67.82301
688722	20.577637
688728	1.1479195
688733	5.3021426
688737	4.9136825
688739	7.562649
688766	4.0377545
688767	-3.5103803
688768	4.7578382
688772	2.067726
688776	-25.858084
688777	-16.53251
688778	5.7495704
688779	-3.8436983
688786	-3.9057825
688787	5.2564588
688788	7.4156356
688789	0.9117201
688793	-8.035284
688798	1.9863058
688799	-7.4626656
688800	-2.2284322
688819	5.897006
688981	8.615643
689009	-12.468059
