1	-13.821121
2	3.3110867
4	-13.966585
6	-14.194759
7	3.7975037
8	-13.414515
9	3.3074708
10	42.902554
11	-7.9912505
12	-14.860989
14	-0.27869385
16	-13.414608
17	4.800823
19	-9.4569
20	20.964722
21	5.298406
25	-7.14693
26	-1.9186057
27	7.6519556
28	4.9739556
29	25.655039
30	33.18607
31	-2.2128146
32	4.0561996
34	-17.025446
35	-2.3589118
36	6.4589334
37	4.757319
39	5.679124
40	17.780094
42	5.675184
45	3.051844
48	3.311298
49	1.197462
50	-15.928144
55	2.5127296
56	17.940424
58	32.25214
59	8.127804
60	-6.647872
61	6.93352
62	-15.8802
63	-69.481705
65	4.973923
66	-0.8943657
68	4.9871774
69	5.540364
70	7.4925914
78	-13.414515
88	10.994551
89	3.5565906
90	2.706433
96	4.393813
99	-3.0748339
100	-9.146896
151	6.3813705
153	-7.191757
155	5.302144
156	11.975872
157	-3.7625625
158	-2.2484941
159	13.251737
166	9.7616005
301	-2.3015912
333	-0.02178681
338	-0.93136835
400	1.9326922
401	21.774918
402	1.4053272
403	5.563419
404	-13.78512
407	14.55824
408	-10.69255
409	5.7499065
410	11.975206
411	7.9168735
415	3.8695877
417	-5.4121413
419	11.715474
420	-11.607712
421	3.3097892
422	6.940595
423	-1.3324041
425	-4.737314
426	-3.305554
428	2.6251454
429	-15.88055
430	5.967948
488	11.715474
498	13.339937
501	2.7121015
503	-5.0894637
504	7.441521
505	-11.241232
506	11.8656645
507	16.735016
509	-3.510437
510	-15.463428
513	-5.094728
514	1.6545861
516	4.9740996
517	7.5620265
518	11.975206
519	6.2422905
520	5.2699
521	-11.329024
523	14.860846
524	-22.343725
525	-16.521824
526	-13.414109
528	4.8752785
529	8.56221
530	3.1410613
531	2.6623278
532	-15.8805685
533	20.227152
534	-6.1509957
536	11.975206
537	7.61276
538	-14.860673
539	4.974026
541	1.7703028
543	-12.9755535
544	6.8809013
545	9.144043
546	20.964722
547	-13.409723
548	-3.5162978
550	8.109485
551	-14.860989
552	-2.3647983
553	-11.777201
554	-3.444913
555	-9.177042
557	8.930924
558	-13.015468
559	1.4780983
560	-14.969748
561	24.156345
563	-14.860989
564	7.4918995
565	10.444756
566	-13.786701
567	-5.529173
568	-14.816116
570	18.126144
571	8.258397
572	-13.786541
573	13.165184
576	5.7605877
581	4.056188
582	-15.119355
584	11.567432
586	2.5741165
589	5.302084
590	-3.0459778
591	3.311012
592	3.4220445
593	6.076764
595	9.6737385
596	2.8012896
597	13.217431
598	-12.258568
599	13.370465
600	8.8636875
601	4.056335
603	1.7610612
605	-3.9251757
607	4.394314
608	18.788683
609	28.813635
610	-0.76554215
612	6.3765726
615	5.6809483
617	4.4983525
619	2.5837402
620	3.908321
622	4.990155
623	3.974993
625	4.973947
626	-5.704548
627	-7.388212
628	-48.0866
629	1.6780516
630	-3.2325275
631	5.676123
632	-12.030443
633	4.799741
635	-1.8536928
636	4.0559473
637	-6.592435
638	21.4776
639	5.5214877
650	4.055578
651	-15.88055
652	3.8551147
655	-3.083837
656	18.445072
657	2.0034702
659	7.230271
661	4.973947
663	-5.640404
665	4.261432
668	11.97543
669	12.328747
670	-5.092985
672	-7.638927
676	6.4380565
677	-7.598388
678	13.212234
679	11.975206
680	5.566327
681	2.8515353
682	-12.438859
683	4.0400047
685	-14.860943
686	-14.860989
688	4.0555115
690	4.039613
691	-13.966602
692	2.7075896
695	-19.669561
697	-2.2612998
698	17.239676
700	6.252328
701	17.785767
702	-13.785838
703	2.0794997
705	5.4530478
707	-3.7959638
708	5.5378823
709	1.0509348
710	8.035089
711	15.8850765
712	-13.414107
713	2.2137733
715	-3.5359156
716	3.871316
717	20.354483
718	13.664918
719	-13.414515
720	15.62694
721	6.189086
722	4.689272
723	6.2006764
725	27.072235
726	6.3765664
727	-0.30558118
728	12.377904
729	-6.573691
731	7.026836
733	4.0945783
735	-13.7866745
736	26.422672
737	-0.023781277
738	3.7581801
739	-14.860989
750	-13.409723
751	16.027927
752	-6.683711
753	6.662126
755	-15.143529
756	-4.4481072
757	24.332241
758	4.056281
759	32.345734
761	-5.0477643
762	2.0153003
766	-0.88812876
767	5.267925
768	5.912712
776	4.4998646
777	1.7506704
778	3.4781263
779	5.6685376
782	7.390242
783	-1.1815081
785	28.620192
786	5.9937305
788	11.975206
789	8.243103
790	-5.4393635
791	7.4775963
792	4.0563483
793	8.030801
795	-7.4422894
796	4.6057415
797	0.62100476
798	8.930215
799	5.281699
800	-2.470154
801	3.291843
802	3.510441
803	4.096837
807	5.28385
809	12.377462
810	-18.042925
811	4.056351
812	10.456986
813	16.379978
815	3.6162617
816	2.7043438
818	-50.213158
819	-13.509194
820	20.965206
821	5.311345
822	4.905593
823	7.442988
825	7.4910183
826	-13.786633
828	-13.414515
829	-13.414515
830	4.7714424
831	4.973964
833	8.355322
837	4.501412
838	7.4550066
839	4.9742484
848	11.685779
850	11.384745
851	14.567732
852	-6.410719
856	22.193165
858	-5.487509
859	13.983244
860	4.1540613
862	7.6123824
863	3.4952092
868	-13.015503
869	4.462631
875	1.1371121
876	9.008935
877	4.977941
878	-6.7610407
880	-14.633489
881	-2.62043
882	-1.0760496
883	9.842145
885	6.442374
886	8.227739
887	4.5129247
888	-13.414515
889	12.195684
890	10.042085
892	11.975206
893	-13.414516
895	-10.4892845
897	33.235672
898	0.79840446
899	3.8922734
900	-16.955576
901	-13.969487
902	9.950774
903	18.138926
905	-1.0001479
906	5.1677966
908	17.508387
909	18.445072
910	19.683075
911	4.533129
912	13.491553
913	-0.31681028
915	5.111448
917	-12.511741
919	11.412443
920	-7.0123954
921	2.0645337
922	5.3021693
923	6.532729
925	-3.1124406
926	28.244535
927	24.332241
928	11.414282
929	-0.30480334
930	4.479777
931	11.975206
932	1.8814206
933	4.056351
935	4.9740977
936	-7.5747027
937	5.565813
938	-49.85179
948	-3.510207
949	27.508783
950	7.0150976
951	-13.414515
952	-3.5101504
953	13.220041
955	12.119961
957	4.9631405
958	28.264729
959	1.0796965
960	-6.2861724
962	-7.9015427
963	-13.414515
965	15.132869
966	-3.5396717
967	8.930924
968	11.47623
969	5.09507
970	-15.483619
972	12.572332
973	-3.5622008
975	2.3875587
977	-67.79886
978	-5.843624
980	13.220065
981	17.894165
983	4.0380816
985	28.647152
987	3.4463804
988	-7.811735
989	4.387642
990	8.56221
993	4.7254996
995	-13.786431
997	-7.521059
998	3.311326
999	-15.165704
1201	7.1556764
1202	7.605649
1203	0.9191273
1205	-2.355282
1206	7.427822
1207	7.999767
1208	26.422176
1209	18.516682
1210	1.1461265
1211	2.1683502
1212	11.099441
1213	7.4285502
1215	3.893221
1216	29.202572
1217	-5.2698345
1218	-3.7935193
1219	4.201244
1222	8.873652
1223	-6.6478496
1225	-13.784419
1226	-6.1172194
1227	11.527925
1228	-5.1531196
1229	-4.1489897
1230	28.264677
1231	-3.1357558
1234	1.7864385
1236	12.378227
1238	9.673841
1239	7.3612947
1255	-27.294636
1256	-33.06916
1258	7.0227313
1259	-5.554435
1260	4.4732
1266	-5.321946
1267	11.975206
1268	16.570211
1269	4.7554917
1270	-6.491137
1278	6.370863
1282	7.4896517
1283	1.7440478
1286	1.0394082
1287	15.60284
1288	-2.0560527
1289	-1.2584637
1296	26.92831
1298	-15.88069
1299	-5.1297097
1300	1.1479131
1301	-2.3734057
1306	7.124829
1308	3.3107862
1309	5.286109
1311	8.913743
1313	54.42513
1314	-13.414608
1316	-3.5106733
1317	-13.784412
1318	32.06038
1319	27.38698
1322	50.214302
1323	7.8373437
1324	7.4599705
1326	6.1583476
1328	-0.15866558
1330	-0.9551228
1331	-3.8070364
1332	0.9487917
1333	13.779157
1336	5.5879793
1337	-0.046929363
1338	-2.8054557
1339	-15.282765
1358	-13.0154085
1359	24.275253
1360	5.043672
1366	6.586373
1367	-5.094636
1368	-5.281328
1373	-0.019575315
1376	-5.208993
1378	5.9881597
1379	-13.786186
1380	6.849362
1387	18.132366
1389	5.2948914
1696	-13.966601
1872	-16.549768
1896	8.892355
1914	4.0388427
1965	19.77801
1979	24.329292
2001	7.9875793
2003	3.0046415
2004	-14.860989
2005	-13.786479
2006	4.97401
2007	5.3411026
2008	4.9739723
2009	-4.5260444
2010	-8.156116
2011	8.518892
2012	9.507346
2014	-2.864072
2015	4.5748844
2016	4.6374536
2017	-5.958996
2019	3.3155699
2020	-13.414515
2021	10.400677
2022	-13.414107
2023	4.056351
2024	7.944482
2025	-5.097511
2026	6.6828513
2027	4.04822
2028	-15.4796505
2029	5.740249
2030	-13.414517
2031	-11.468733
2032	-11.703612
2033	-34.524525
2034	-14.860989
2035	2.8855295
2036	6.252542
2037	-13.01541
2038	-7.8689766
2039	6.016384
2040	42.900223
2041	6.252449
2042	6.557385
2043	-7.92458
2044	5.7030826
2045	-6.10746
2046	-5.094636
2047	9.680854
2048	2.6989324
2049	4.973946
2050	-28.575338
2051	11.715466
2052	6.241094
2053	6.938622
2054	19.82149
2055	7.5096526
2056	11.715391
2057	3.3107653
2058	12.557032
2059	15.679018
2060	5.3961797
2061	-18.211716
2062	6.926724
2063	6.2524962
2064	5.5242114
2065	3.0785353
2066	-0.9160456
2067	9.144043
2068	5.1763396
2069	20.964718
2072	38.61623
2073	3.3105414
2074	0.7327507
2075	-13.785788
2076	8.849498
2077	31.882565
2078	4.0558467
2079	4.9906297
2080	3.3107438
2081	-5.0953274
2082	-2.7215917
2083	9.423107
2084	17.488111
2085	-7.526227
2086	11.970047
2088	9.608945
2090	4.0534635
2091	6.7807465
2092	40.29559
2093	-3.2485669
2094	-13.785838
2095	5.3141165
2096	-7.5600195
2097	5.247057
2098	17.50626
2099	11.712546
2100	5.1735034
2101	-10.177547
2102	-13.015419
2103	9.133108
2104	-13.255027
2105	23.220728
2106	-7.3285847
2107	7.4354515
2108	2.2137744
2109	1.0230438
2110	8.56159
2111	5.1741815
2112	12.084776
2114	23.578655
2115	-0.8364606
2116	1.7323096
2117	1.716292
2119	-16.575478
2120	4.0396414
2121	4.059363
2122	3.4211652
2123	-7.9298534
2124	-15.470027
2125	4.0088944
2126	-91.90396
2127	-1.9593098
2128	-7.2936625
2129	4.973946
2130	-11.556966
2131	5.3139715
2132	-3.5137105
2133	12.868384
2134	-3.7998734
2135	0.9894997
2136	-11.733941
2137	20.964722
2138	6.2588897
2139	4.056312
2140	1.151485
2141	18.585478
2142	1.4087831
2144	7.9056573
2145	-3.198313
2146	8.883283
2148	-1.4620447
2149	-1.2187841
2150	5.007694
2151	8.498666
2152	4.056349
2153	-7.412054
2154	4.791705
2155	-1.1583605
2156	4.359686
2157	2.7117703
2158	-13.414515
2159	28.755405
2160	21.590397
2161	4.03915
2162	20.2272
2163	-3.5103796
2164	11.415079
2165	6.218394
2166	7.666168
2167	-5.846496
2168	-13.414517
2169	2.8158867
2170	1.9581479
2171	6.5569487
2172	18.022387
2173	12.3080635
2174	2.967666
2175	-0.71553046
2176	5.1102204
2177	-13.784418
2178	18.49125
2179	-55.261703
2180	6.434917
2181	9.972073
2182	4.973947
2183	7.503885
2184	4.5659575
2185	4.0394197
2186	-3.1040065
2187	-1.1832196
2188	-4.702758
2189	11.9737
2190	4.054994
2191	11.412438
2192	-2.5898695
2193	9.673697
2194	-4.224045
2195	4.7450376
2196	-13.786342
2197	-6.0638113
2198	-2.3646233
2199	15.605877
2200	1.1561935
2201	-7.0939026
2202	-15.632165
2203	15.107903
2204	-5.47796
2205	8.98537
2206	4.056233
2207	13.94915
2208	-13.98664
2209	11.947608
2210	6.9947124
2211	17.753801
2212	7.28319
2213	-5.8422127
2214	4.056342
2215	7.8379455
2216	6.2367105
2217	1.8366425
2218	7.2223835
2219	-3.7627738
2221	11.715687
2222	-0.22252314
2223	5.312708
2224	15.028281
2225	13.902694
2226	4.671427
2227	6.3795505
2228	13.178995
2229	4.9631367
2230	-0.7539804
2231	11.927367
2232	-13.937835
2233	4.4081354
2234	-0.93551534
2235	13.358581
2236	4.973946
2237	3.098165
2238	3.2287116
2239	-5.2984543
2240	1.8170242
2241	-6.6896167
2242	7.508808
2243	-1.2708551
2244	-2.2100685
2245	6.958049
2246	-13.867366
2247	20.41441
2248	-13.786048
2249	4.9166083
2250	-1.2742531
2251	2.778224
2252	8.068547
2253	6.252368
2254	2.1894202
2255	0.79790676
2256	-13.015419
2258	4.0563436
2259	17.646782
2261	-12.055846
2262	-15.183803
2263	15.791368
2264	5.4580116
2265	-5.1718664
2266	-5.0978065
2267	1.1479181
2268	4.974081
2269	15.588067
2270	-10.514425
2271	4.7187557
2272	13.220067
2273	-9.18599
2274	13.056629
2275	8.931479
2276	-15.625677
2277	-3.1078837
2278	12.37034
2279	-2.563769
2281	4.0509543
2282	-3.5049012
2283	-1.0872973
2284	4.421978
2285	-14.608952
2286	-1.7636627
2287	-13.4098
2289	11.97725
2290	18.732851
2291	21.695162
2292	-0.09229047
2293	-22.510057
2294	4.413364
2295	-2.795373
2296	4.039306
2297	33.35888
2298	4.7794766
2299	6.11979
2300	7.133448
2301	4.400465
2302	21.08776
2303	-13.016027
2304	4.1815896
2305	19.734365
2306	-3.7945743
2307	12.6257105
2308	-6.296947
2309	17.50626
2310	9.752245
2311	4.3086224
2312	8.949588
2313	17.77976
2314	7.2658534
2315	5.524323
2316	17.893105
2317	-13.04617
2318	5.697011
2319	12.376158
2320	-5.094636
2321	17.046175
2322	-3.1298563
2323	38.498978
2324	4.8132052
2326	-35.736183
2327	4.6603384
2328	6.2017922
2329	9.70861
2330	-4.220216
2331	-7.5525546
2332	-14.860989
2333	7.501059
2334	3.3110015
2335	4.974164
2336	18.445095
2337	14.770986
2338	-68.7005
2339	-0.11854379
2340	6.3886914
2342	11.567406
2343	12.378226
2344	-6.9276066
2345	0.081531964
2346	-13.9252
2347	-3.5104315
2348	-19.833477
2349	11.715474
2350	8.886377
2351	-66.8769
2352	4.2090755
2353	4.055555
2354	14.04821
2355	1.1479118
2356	15.604397
2357	-0.13490751
2358	-12.010811
2360	6.192215
2361	-7.5422363
2362	-8.882772
2363	-21.117956
2364	-1.6453836
2365	-2.6863613
2366	21.707233
2367	5.3232927
2368	4.973947
2369	12.378227
2370	2.724414
2371	5.7644553
2372	4.047698
2373	5.5484385
2374	6.9769197
2375	0.83636284
2376	4.3938746
2377	13.357447
2378	-3.6092792
2379	2.2754054
2380	1.3349345
2381	6.242353
2382	4.3879924
2383	-13.78666
2384	-6.8140655
2385	-5.90397
2386	25.810812
2387	9.177322
2388	-11.866295
2389	-13.414513
2390	4.456366
2391	40.92398
2392	7.0598497
2393	-1.5863781
2394	10.25712
2395	2.88568
2396	-5.094636
2397	0.3978933
2398	6.279769
2399	-14.860673
2400	5.8802233
2401	5.3230605
2402	0.052093286
2403	-14.358793
2404	8.730854
2405	4.4998336
2406	16.098442
2407	4.942262
2408	7.123075
2409	5.4022145
2410	-7.1068287
2412	11.69953
2413	27.313677
2414	3.1149874
2415	9.478969
2416	-1.7736163
2418	12.376174
2419	-23.244194
2420	1.2953206
2421	-5.602571
2422	8.449983
2423	11.975206
2424	-14.860989
2425	-13.7856865
2426	13.975079
2427	12.966905
2428	-5.030977
2429	-11.958008
2430	2.0633469
2431	14.787191
2432	-9.895091
2434	-0.29173785
2436	-7.080968
2437	8.543939
2438	1.7508637
2439	4.973946
2440	-14.860673
2441	1.6831183
2442	-4.461137
2443	-5.15929
2444	-1.5946732
2445	6.464968
2446	-1.3686413
2448	-6.96544
2449	24.256954
2451	1.104485
2452	-2.6179583
2453	5.3021636
2454	12.346854
2455	6.4814377
2456	-2.8289266
2457	4.379725
2458	9.009271
2459	5.3019032
2460	4.5638404
2461	12.360545
2462	21.707203
2463	-6.203375
2465	4.056351
2466	6.508864
2467	-5.094636
2468	12.178845
2469	-0.93392223
2470	48.04957
2471	-3.4361196
2472	2.3472533
2474	-3.1331835
2475	-10.970815
2476	-6.096147
2478	8.6414995
2479	20.964722
2480	7.0572915
2481	-7.8070564
2482	-3.3063169
2483	7.491531
2484	0.62616926
2485	32.156
2486	20.232878
2487	0.78452224
2488	-14.860989
2489	-3.2204077
2490	9.984666
2491	-2.7100368
2492	-13.23161
2493	3.7544734
2494	21.707214
2495	2.224018
2496	4.4861
2497	3.3110037
2498	7.430535
2500	11.975206
2501	28.261602
2506	1.0394092
2507	7.26623
2508	5.2819886
2510	6.844804
2511	-4.413748
2512	-13.2606735
2513	13.932361
2514	6.557635
2515	-13.414515
2516	1.2290429
2517	-5.6596646
2518	4.973978
2519	20.15832
2520	4.075582
2521	-3.2654526
2522	-12.096996
2523	12.324232
2524	1.8230848
2526	5.6397195
2527	-2.0977118
2528	-13.784416
2529	11.975206
2530	-2.5687819
2531	-49.763763
2532	0.3451227
2533	4.3332334
2534	2.8909736
2535	11.374012
2536	4.973947
2537	2.8847094
2538	4.682055
2539	5.498687
2540	5.6293807
2541	4.9739494
2542	0.7668733
2543	-7.2926927
2544	-35.485313
2545	-6.6194544
2546	7.965363
2547	20.964722
2548	-5.650467
2549	3.5847743
2550	-7.9741983
2551	12.091027
2552	5.220111
2553	-13.009775
2554	4.393878
2555	1.7190586
2556	-1.523057
2557	4.8169255
2558	-1.9858853
2559	5.0275583
2560	-63.714813
2561	-2.4895186
2562	-2.6430235
2563	7.3519416
2564	-3.951986
2565	17.068037
2566	27.405382
2567	3.908436
2568	-7.808899
2569	32.020927
2570	14.025805
2571	9.537248
2572	5.0759225
2573	5.6039605
2574	21.16311
2575	3.0449367
2576	-13.143572
2577	-15.8805685
2578	3.9948437
2579	-0.27517527
2580	1.8909774
2581	5.306719
2582	7.491503
2583	-4.3941374
2584	7.492337
2585	0.8335048
2586	16.569954
2587	5.415873
2588	-9.201301
2589	-7.481446
2590	6.252007
2591	-13.784418
2592	-0.053408235
2593	-3.7954385
2594	1.7827715
2595	0.3766716
2596	24.332241
2597	2.0117822
2598	-5.5715175
2599	17.487612
2600	14.539324
2601	4.0616426
2602	4.136512
2603	-10.386027
2605	-7.421612
2606	-3.7507367
2607	-13.01541
2608	5.703571
2609	6.915478
2611	-13.414608
2612	7.4599915
2613	7.418802
2614	-22.442926
2615	5.073652
2616	36.62311
2617	-13.414515
2620	11.975206
2622	12.018936
2623	2.1303415
2624	-13.784368
2625	4.321721
2626	-5.092983
2627	12.884661
2628	12.378227
2629	12.37795
2630	6.497033
2631	20.965206
2632	0.112109646
2633	6.418177
2634	13.383438
2635	4.0602827
2636	16.207186
2637	2.7821558
2638	11.975206
2639	29.401117
2640	9.078144
2641	6.5574703
2642	-13.877561
2643	5.0208774
2644	-8.082578
2645	-6.6657205
2646	8.56221
2647	-5.131003
2648	4.815149
2649	-32.667946
2650	20.965202
2651	42.6468
2652	-13.786541
2653	2.1716866
2654	3.7433243
2655	-0.019336836
2656	9.602243
2657	5.323081
2658	21.4776
2659	21.505938
2660	-2.870343
2661	-13.784416
2662	5.3483934
2663	11.9752035
2664	5.3135056
2666	-3.7565913
2667	20.965202
2668	-6.487323
2669	-1.7119858
2670	12.377948
2671	8.614259
2672	-3.8766072
2673	9.675081
2674	4.200332
2675	5.8318286
2676	-1.276889
2677	7.7932024
2678	17.785765
2679	4.4324465
2681	9.099372
2682	6.2827435
2683	4.0555463
2685	11.999228
2686	-5.7890882
2687	7.415027
2688	13.8415165
2689	20.964722
2690	4.973949
2691	20.964722
2692	16.158264
2693	9.2012205
2694	1.0135441
2695	9.769769
2696	4.520318
2697	4.0554166
2698	-6.01812
2700	-13.414515
2701	-14.860989
2702	4.397833
2703	5.639648
2705	10.075274
2706	2.5798426
2707	6.238189
2708	3.855197
2709	4.1442337
2712	12.884684
2713	20.965202
2714	4.9739614
2715	5.3380146
2716	13.176887
2717	-13.256353
2718	-3.0965998
2719	2.2114935
2721	-3.7938933
2722	20.048468
2723	5.3021636
2724	-3.7954369
2725	-0.30265388
2726	-13.414515
2727	5.302175
2728	-5.0946455
2729	-13.801443
2730	5.6801844
2731	6.437965
2732	8.151271
2733	-3.510321
2734	36.278862
2735	5.492492
2737	-11.175552
2738	2.3323586
2739	4.5962653
2741	-1.8689648
2742	-8.389385
2743	12.045392
2745	17.787994
2746	7.646817
2747	-4.9549265
2748	3.2884424
2749	4.7723875
2750	1.3888527
2752	24.736376
2753	1.1479211
2755	9.673771
2756	1.7625419
2757	4.1841655
2758	6.4331064
2759	7.6125913
2760	-15.239535
2761	3.5103796
2762	29.54178
2763	13.977686
2765	13.932336
2766	1.1479136
2767	11.732679
2768	7.5811434
2769	7.4919105
2771	-13.414107
2772	4.3938155
2773	-6.512507
2774	32.68323
2775	20.965202
2777	4.973947
2778	-19.772713
2779	-13.414516
2780	12.615681
2782	7.6126046
2783	5.93831
2785	3.6447291
2786	-3.983533
2787	6.1617126
2788	-0.17521669
2789	15.513233
2790	6.3154106
2791	-27.926733
2792	-5.258043
2793	4.799633
2795	5.4044113
2796	12.378227
2797	11.975206
2798	15.5908985
2799	48.012238
2800	34.123863
2801	4.809739
2802	25.927673
2803	2.7355974
2805	19.678276
2806	14.642983
2807	28.284447
2808	24.332241
2809	3.927267
2810	0.00333423
2811	13.972069
2812	4.973947
2813	-11.290457
2815	1.1479187
2816	-6.0894203
2817	22.642406
2818	6.883663
2819	-12.932801
2820	7.4915743
2821	3.311005
2822	9.602243
2823	8.267636
2824	-4.448281
2825	-12.258975
2826	17.090805
2827	-13.414608
2828	4.905617
2829	-13.966621
2830	23.678734
2831	-9.341738
2832	7.042749
2833	2.846852
2835	6.687036
2836	10.443896
2837	2.014923
2838	5.293294
2839	33.616367
2840	5.3021693
2841	5.8843875
2842	11.844235
2843	16.680597
2845	5.7389803
2846	5.042348
2847	-8.000187
2848	11.567401
2849	8.56221
2850	-51.23593
2851	4.044412
2852	8.559989
2853	14.928703
2855	-5.836014
2856	20.685743
2857	16.272858
2858	-22.154129
2859	4.973988
2860	5.288208
2861	-13.0155735
2862	39.09526
2863	-6.8465858
2864	7.793484
2865	3.8436556
2866	-5.274396
2867	5.3021455
2868	-0.94793844
2869	-35.467606
2870	1.7110466
2871	8.270761
2872	11.6539345
2873	-0.2949062
2875	18.445072
2876	5.3105216
2877	-7.172451
2878	0.34621227
2879	0.59200484
2880	9.492969
2881	-13.006938
2882	23.5844
2883	-10.539951
2884	5.263773
2885	-9.686525
2886	4.973946
2887	8.616156
2888	-6.904057
2889	3.8519685
2890	11.97729
2891	0.10372712
2892	-0.2334995
2893	10.625589
2895	11.085069
2896	-6.2947674
2897	-2.058163
2898	12.823113
2899	6.4832387
2900	-2.8844373
2901	7.4919543
2902	17.894186
2903	5.3078704
2905	-17.7525
2906	5.302146
2907	-3.5078554
2908	-0.959224
2909	12.793957
2910	17.479029
2911	7.211345
2912	-34.90876
2913	3.3106906
2915	-15.143529
2916	-1.4776747
2917	9.416508
2918	3.4207382
2919	-13.414107
2920	-6.8479824
2921	-2.087987
2922	6.3940907
2923	3.4539993
2925	5.2981343
2926	11.975206
2927	9.970038
2928	5.510624
2929	4.696414
2930	0.9175697
2931	6.8141603
2932	-5.094674
2933	-3.3280585
2935	4.055969
2936	19.679493
2937	4.7115803
2938	-9.00939
2939	11.977073
2940	-0.29725003
2941	21.704285
2942	15.637725
2943	5.7807474
2945	8.414203
2946	19.572483
2947	4.056208
2948	20.232872
2949	-3.7661178
2950	18.490047
2951	19.490301
2952	-14.049693
2953	5.8478246
2955	-7.3516536
2956	-4.155399
2957	0.5148601
2958	12.1200075
2959	4.973845
2960	5.302145
2961	4.928978
2962	-6.0942383
2963	3.147502
2965	3.8640914
2966	25.497395
2967	32.21565
2968	8.159201
2969	6.5932436
2970	3.310499
2971	3.9217548
2972	-13.784419
2973	-4.15954
2975	-7.5605025
2976	6.5251594
2977	2.8582077
2978	7.974885
2979	-13.787382
2980	12.709806
2981	42.57425
2982	21.4776
2983	-0.30166402
2984	6.9729285
2985	4.056351
2986	4.348264
2987	2.166698
2988	7.491808
2989	7.1395745
2990	5.5558667
2991	0.03643451
2992	3.3032396
2993	4.973947
2995	-8.000365
2996	1.1539342
2997	4.648476
2998	4.8191147
2999	-6.2266955
3000	35.25158
3001	-14.358793
3002	4.590573
3003	15.319085
3004	6.1084967
3005	5.495527
3006	17.476715
3007	-3.47738
3008	-3.869894
3009	-12.835563
3010	17.785765
3011	17.785627
3012	-35.982803
3013	5.2473116
3015	-3.508229
3016	-5.6285095
3017	13.149774
3018	28.454433
3019	7.335529
3020	-13.414617
3021	4.9055214
3022	1.197909
3023	23.975557
3025	-14.860989
3026	-13.414107
3027	9.307496
3028	-13.132447
3029	28.259773
3030	7.613302
3031	4.973947
3032	30.40189
3033	-6.455852
3035	8.043104
3036	17.78577
3037	-6.0168614
3038	0.7906188
3039	7.4545493
3040	-5.270655
3041	1.1479167
3042	5.934814
3043	-6.1616693
3816	24.332241
300001	1.8231733
300002	-4.162199
300003	4.973947
300004	12.572339
300005	-15.88055
300006	11.975206
300007	3.0117416
300008	3.5185504
300009	-1.8927943
300010	-3.508073
300011	-13.414107
300012	2.2869081
300013	18.974842
300014	4.974163
300015	5.3080573
300016	-7.8086996
300017	4.056351
300018	-13.414108
300019	4.973947
300020	-5.3102794
300021	2.1813047
300022	0.3050326
300024	7.12237
300025	-7.531488
300026	-13.414515
300027	-6.297788
300029	21.960583
300030	12.323967
300031	-7.2937417
300032	-13.786048
300033	-3.02391
300034	8.582906
300035	5.5641074
300036	-5.0946302
300037	-10.392614
300039	-5.0946364
300040	-4.5828457
300041	-17.94938
300042	-8.001396
300043	-13.413804
300044	5.2452435
300045	6.2147417
300046	5.156129
300047	-13.414517
300048	-10.579538
300049	-66.47876
300050	-13.930536
300051	-15.190135
300052	-0.3878832
300053	-14.633489
300054	5.3129544
300055	0.05067976
300056	-73.64657
300057	42.901028
300058	1.4860201
300059	2.213709
300061	-6.412829
300062	-4.5405364
300063	-11.677989
300065	4.3495135
300066	-4.5402203
300067	5.665557
300068	5.053069
300069	-15.143529
300070	3.3147044
300071	-13.015471
300072	-13.414515
300073	-2.0650926
300074	-13.414515
300075	6.2478795
300076	-16.943031
300077	-13.414515
300078	-13.414515
300079	-13.414534
300080	-2.2749383
300081	-15.143529
300082	-13.344949
300083	-9.137009
300084	7.3939767
300085	2.213775
300086	11.989008
300087	5.544201
300088	-7.5545936
300091	11.975206
300092	5.5010715
300093	34.489605
300094	11.665411
300095	4.4297857
300096	-14.041048
300097	16.263237
300098	7.443006
300099	-13.414107
300100	-7.4659553
300101	5.5460052
300102	-1.1096389
300103	-13.7850065
300105	8.675915
300106	9.673288
300107	8.895236
300108	-16.016317
300109	-6.6478777
300110	12.37795
300111	15.988821
300112	-13.786499
300113	-6.401729
300114	3.9478981
300115	-7.558867
300117	10.0924015
300118	6.0760427
300119	4.0556245
300120	8.513392
300121	6.5958796
300122	4.973947
300123	-13.786574
300124	4.973958
300125	0.5885672
300126	21.707214
300127	4.039025
300128	-13.414516
300129	-10.347917
300130	-11.343251
300131	-13.414608
300132	3.7511435
300133	6.023835
300134	-13.78441
300135	-2.1024263
300136	-7.529972
300137	-2.6555347
300138	2.064535
300139	-7.8616724
300140	5.181111
300141	-11.0757885
300142	4.9738336
300143	5.566242
300144	-0.7888288
300145	7.132648
300146	8.897378
300147	-13.979228
300148	12.378227
300149	-13.786431
300150	-13.784416
300151	-2.2303593
300152	8.914629
300153	-0.9227962
300154	3.464641
300155	-4.2329545
300157	-13.786338
300158	-3.5103822
300159	-13.414517
300160	5.533209
300161	-13.413323
300162	3.0121932
300163	18.609293
300164	-3.5104527
300165	11.975206
300166	-5.094636
300167	-8.34257
300168	-13.414107
300169	11.9752035
300170	-9.558579
300171	-16.50671
300172	-5.093013
300173	10.816035
300174	5.5259285
300175	5.3022075
300176	3.6408162
300177	-3.998888
300179	5.314096
300180	-13.01541
300181	1.008365
300182	-5.09469
300183	-18.335423
300184	-12.532271
300185	1.3935542
300187	-5.092983
300188	-49.41003
300189	-13.015538
300190	6.784608
300191	8.372413
300192	-4.52518
300193	3.9101405
300194	-3.5103817
300195	-3.5103817
300196	3.4868646
300197	2.5996454
300198	-13.786303
300199	-83.88962
300200	6.190037
300201	-0.47410342
300203	2.9852085
300204	-13.414515
300205	-13.8096
300206	2.9137187
300207	-15.476211
300208	12.006584
300209	17.50626
300210	4.056351
300211	-15.473149
300212	4.973947
300213	-15.472805
300214	-5.359698
300215	-7.643416
300217	-6.0370717
300218	7.4917874
300219	-3.5105207
300220	3.576537
300221	17.785482
300222	8.598214
300223	5.041495
300224	2.6935356
300225	4.055877
300226	7.7394843
300227	-0.29202384
300228	-15.88055
300229	4.973947
300230	-0.33511037
300231	-5.1225348
300232	-7.9996853
300233	4.200346
300234	-4.076223
300235	-5.0946407
300236	6.251793
300237	1.7928269
300238	-7.5402565
300239	16.323763
300240	17.900194
300241	11.975206
300242	2.3401136
300243	6.5478
300244	-86.18452
300245	-3.8885596
300246	2.1897852
300247	4.393882
300248	-5.397278
300249	-2.7967198
300250	2.3430665
300251	-32.237637
300252	-13.414515
300253	4.110255
300254	-13.786048
300255	-6.097422
300256	-13.7856865
300257	-68.69885
300258	5.565961
300259	-13.414515
300260	4.56111
300261	-13.414107
300263	3.2307174
300264	22.878109
300265	27.847815
300266	-13.015468
300267	-13.784419
300268	6.8588614
300269	-11.687989
300270	-24.85594
300271	-6.965433
300272	-2.3731687
300274	-13.415216
300275	-13.414515
300276	-12.46811
300277	-1.6488119
300278	-9.792465
300279	-4.4481053
300280	4.7887197
300281	-13.786217
300283	5.3487854
300284	6.7195764
300285	4.9649
300286	-0.7562427
300287	-13.786217
300288	-13.414515
300289	20.368418
300290	-70.27217
300291	-7.2006702
300292	7.8357472
300293	-13.414107
300294	-9.0720415
300295	-13.414107
300296	-15.88055
300298	-10.971714
300299	-13.414107
300300	9.073747
300301	-0.95973647
300302	-13.414515
300303	-5.094636
300304	7.018387
300305	-5.2706313
300306	-5.094636
300307	-0.1120197
300308	-2.6486871
300310	-8.377068
300311	-4.3196497
300313	19.69217
300314	4.0396504
300315	-5.0947075
300316	4.973947
300317	8.36489
300318	4.6002793
300319	-0.83768475
300320	5.0117893
300321	10.342525
300322	-13.414107
300323	4.1692986
300324	-7.46522
300326	-13.414515
300327	4.2076902
300328	-13.5573
300329	-13.784416
300331	-7.4932656
300332	1.1479118
300333	17.894165
300334	-13.784414
300335	12.371321
300337	-6.2974777
300338	19.070906
300339	-9.671846
300340	1.9781983
300341	-15.72987
300342	-1.027733
300343	6.112221
300344	-3.5103817
300345	-13.01543
300346	-27.672972
300347	-30.595901
300348	-7.300331
300349	0.08090917
300350	-20.424297
300351	4.9739313
300352	-5.0946236
300353	-13.966605
300354	4.05463
300355	-3.5104482
300357	2.356755
300358	5.753171
300359	-13.415372
300360	-11.560316
300363	-5.861745
300364	4.9631367
300365	-5.094636
300366	-5.094636
300368	12.376174
300369	-7.535095
300370	-13.78666
300371	-13.415071
300373	4.9739523
300374	5.2993755
300375	7.6350784
300376	-13.416519
300377	-13.414513
300378	-13.015422
300379	-13.351945
300380	-13.414515
300381	-7.510448
300382	5.507099
300383	-7.523602
300384	5.204975
300385	-13.015404
300386	-7.5545835
300387	4.527456
300388	-5.0961723
300389	6.113565
300390	-6.647872
300391	3.2316732
300393	6.251605
300394	-0.15367651
300395	4.503702
300396	-6.6478786
300397	4.906066
300398	4.010661
300399	-13.01541
300400	-12.623365
300401	5.4098005
300402	-4.2422824
300403	-9.35526
300404	-7.328548
300405	-13.784418
300406	2.669218
300407	-14.860102
300408	5.3229628
300409	6.3063674
300410	-16.503487
300411	4.9631367
300412	-13.786064
300413	-0.22585848
300414	-6.713532
300415	0.9152269
300416	-0.4622529
300417	14.515644
300418	-7.5255613
300419	3.8001068
300420	21.715246
300421	20.068
300422	4.9055214
300423	12.190522
300424	-13.784414
300425	6.3605113
300426	-13.414107
300427	-2.001313
300428	4.973988
300429	4.971784
300430	-1.0524887
300432	-6.0248237
300433	1.7460445
300434	-3.1092718
300435	5.3587213
300436	-13.414107
300437	6.1648216
300438	-15.8805685
300439	0.33222917
300440	16.050669
300441	-14.150582
300442	24.343374
300443	-15.4796505
300444	0.6527214
300445	6.252555
300446	-14.633576
300447	-5.094665
300448	-13.414107
300449	20.368288
300450	3.601769
300451	-95.23663
300452	-5.601596
300453	1.5488869
300454	4.974705
300455	-2.9915597
300456	-13.414533
300457	1.528207
300458	4.9631367
300459	-7.5823455
300460	12.378227
300461	-15.88069
300462	1.6932018
300463	-5.1104555
300464	12.361504
300465	-13.786035
300466	-7.4939528
300467	-7.535549
300468	-6.297788
300469	5.481365
300470	4.056236
300471	-13.641309
300472	-13.016027
300473	26.118391
300474	4.9752526
300475	3.3110015
300476	3.2415195
300477	20.964722
300478	9.985757
300479	-3.1162121
300480	2.2387884
300481	-0.96432644
300482	-25.85808
300483	3.790089
300484	7.1552763
300485	9.182
300486	-4.559037
300487	1.4569267
300488	5.9194865
300489	-4.8470206
300490	11.5734825
300491	4.671631
300492	-8.475706
300493	-13.414515
300494	-7.9096766
300496	5.589912
300497	5.3229437
300498	4.973953
300499	-7.5028934
300500	4.895116
300501	-15.88055
300502	1.92599
300503	-13.414107
300504	4.2943
300505	5.273708
300506	9.072957
300507	5.3128653
300508	-14.860989
300509	12.17064
300510	-2.7936916
300511	11.975206
300512	11.893844
300513	23.148006
300514	4.404535
300515	-2.8352008
300516	-15.428268
300517	2.2978888
300518	10.04099
300519	8.921653
300520	-17.381723
300521	-2.8295355
300522	4.055618
300523	4.3656354
300525	-7.2607703
300527	14.480835
300528	11.975206
300529	4.866942
300530	16.039064
300531	-20.015192
300532	-14.861834
300533	-13.41022
300534	-3.6001906
300535	6.97799
300536	14.262282
300537	6.5544777
300538	-85.27491
300539	9.136091
300540	0.64224416
300541	-3.660283
300542	-1.9694722
300543	1.5365207
300545	-7.824421
300546	-26.252737
300547	4.046928
300548	-7.559817
300549	0.5854757
300550	-13.7866745
300551	-13.01541
300552	2.03947
300553	7.8259435
300554	-32.442383
300555	-7.938594
300556	23.58461
300557	7.6126595
300558	-13.3758745
300559	-7.6382003
300560	-13.015404
300561	-1.0511316
300562	-3.1470633
300563	-14.049438
300564	21.7149
300565	-13.015414
300566	-13.414515
300567	6.3921356
300568	8.7744875
300569	-7.53878
300570	-3.5960193
300571	-5.081648
300572	-14.047507
300573	1.5307539
300575	-43.704254
300576	4.971784
300577	-4.054312
300578	-3.6309884
300579	0.1446846
300580	1.7484671
300581	-6.2830415
300582	6.683127
300583	12.378226
300584	-13.015432
300585	8.5721445
300586	0.9730519
300587	4.952104
300588	-5.791094
300589	-5.1399117
300590	3.3107514
300591	12.61678
300592	-3.5103817
300593	11.287142
300594	3.5941372
300595	4.973947
300596	6.896267
300597	12.377914
300598	1.2950826
300599	12.0883045
300600	18.445072
300601	-24.068924
300602	-5.094715
300603	12.5598
300604	4.213886
300605	-8.9407215
300606	-24.904865
300607	-49.21915
300608	-7.6587086
300609	-9.713221
300610	4.320697
300611	6.3632174
300612	1.3347199
300613	3.6197991
300614	8.951815
300615	-13.785838
300616	3.9225962
300617	4.6633425
300618	3.3109305
300619	-14.358793
300620	-3.667144
300621	-2.0825868
300622	-14.860919
300623	-5.8531013
300624	4.973947
300625	9.503075
300626	20.965202
300627	5.9138145
300628	5.631662
300629	-2.6376543
300630	-13.414107
300631	7.560756
300632	21.85251
300633	6.2730894
300634	6.554538
300635	7.960522
300636	7.0208097
300637	4.3435087
300638	-0.584299
300639	-13.414107
300640	4.393685
300641	5.0397696
300642	-13.414107
300643	3.4919178
300644	7.4906883
300645	-3.458869
300647	2.5535955
300648	12.373124
300649	6.97807
300650	-3.5584219
300651	38.207638
300652	2.3191273
300653	-24.720198
300654	-3.1397803
300655	4.9739494
300656	-13.414517
300657	-7.622477
300658	1.9518836
300659	4.1312594
300660	7.732037
300661	4.9739614
300662	5.3022075
300663	-0.30699554
300664	-1.0847446
300665	-11.743394
300666	4.0456476
300667	1.3983332
300668	-1.8909461
300669	21.414553
300670	3.9629636
300671	4.044291
300672	4.770155
300673	5.7274933
300674	-3.7945757
300675	8.815169
300676	-5.094634
300677	-7.29366
300678	4.973947
300679	8.583364
300680	-38.72223
300681	4.5548143
300682	5.1658936
300683	4.394315
300684	-4.23057
300685	3.8418684
300686	-0.26497287
300687	8.764758
300688	-7.131179
300689	-15.143529
300690	-11.392919
300691	-5.1034875
300692	4.907911
300693	-67.81173
300694	4.1013427
300695	-2.471598
300696	-2.452913
300697	7.611397
300698	-7.29366
300699	5.017035
300700	8.56221
300701	-6.11698
300702	4.877039
300703	-1.6171039
300705	-1.0496951
300706	3.84991
300707	-11.559744
300708	4.6864
300709	-13.966619
300710	-2.0863533
300711	-2.7133882
300712	0.28783357
300713	9.748706
300715	2.6114202
300716	-7.3098507
300717	-3.3383067
300718	-11.854386
300719	-17.271896
300720	-12.468067
300721	1.1479195
300722	-13.414515
300723	-6.4562445
300724	-33.45287
300725	4.973946
300726	-11.141733
300727	7.491368
300729	-2.9293869
300730	-5.4547625
300731	21.636965
300732	5.321321
300733	27.363176
300735	1.7370886
300736	17.793442
300737	0.7990342
300738	5.3131156
300739	7.6106834
300740	5.3022075
300741	28.261301
300743	7.547105
300745	6.5574183
300746	21.707214
300747	0.8219676
300748	5.3021455
300749	30.523342
300750	0.714992
300751	4.7929573
300752	-7.5606947
300753	38.68122
300755	3.9005294
300756	4.974804
300757	5.501248
300758	6.392719
300759	5.3657084
300760	5.5428553
300761	3.7538502
300762	4.114249
300763	4.045741
300765	-13.713574
300766	12.570241
300767	5.74163
300768	11.975206
300769	4.8179216
300770	-0.680698
300771	-16.365162
300772	12.370323
300773	3.4006343
300774	9.144397
300775	7.572596
300776	-8.032101
300777	-5.2621593
300778	-2.186673
300779	0.9857036
300780	-13.785657
300781	4.971784
300782	4.973947
300783	11.81234
300785	7.1388206
300786	5.302183
300787	1.1766909
300788	-8.858146
300789	-5.094636
300790	-6.079036
300791	-5.094636
300792	-8.003011
300793	20.227146
300795	-26.048708
300796	14.489115
300797	7.1356664
300798	-2.8794973
300800	-11.390917
300801	7.116087
300802	-7.161863
300803	-13.414514
300804	11.415941
300805	1.0460155
300806	-2.4106672
300807	3.4624078
300808	50.876713
300809	4.1216908
300810	-13.786431
300811	-7.0626054
300812	-6.629617
300813	-18.890894
300814	-1.3056504
300815	-8.07957
300816	1.7450082
300817	-8.860384
300818	7.732036
300819	-3.777653
300820	-5.369871
300821	-0.32739258
300822	-1.7806774
300823	26.242702
300824	15.869654
300825	4.9049773
300826	-1.5480529
300827	-13.414515
300828	12.37795
300829	-4.243477
300830	14.243884
300831	-11.365065
300832	-13.967009
300833	4.854199
300834	-5.2667546
300835	5.2993274
300836	-14.046357
300837	-3.7957218
300838	-1.3117647
300839	-13.845167
300840	22.077873
300841	6.6780586
300842	-52.854187
300843	-99.501945
300844	-0.5578427
300845	28.804058
300846	-3.0160608
300847	12.088222
300848	-1.0681762
300849	42.902554
300850	-13.890098
300851	8.857087
300852	5.176096
300853	-13.5573845
300854	2.0636125
300855	5.1255627
300856	4.837706
300857	8.548296
300858	3.7801979
300859	-6.918926
300860	-13.414534
300861	5.3649335
300862	7.575754
300863	-13.414515
300864	-7.525558
300865	-95.60074
300866	-4.889709
300867	-3.5103812
300868	17.770899
300869	-3.4912076
300870	4.0555696
300871	4.398356
300872	-3.0027676
300873	7.967859
300875	-15.50727
300876	5.302146
300877	-4.843945
300878	-3.5104237
300879	12.706133
300880	-3.3324618
300881	-4.6617007
300882	7.922377
300883	0.144038
300884	12.37795
300885	-3.510837
300886	-13.785157
300887	1.7492894
300888	5.0401325
300889	2.5261495
300890	10.021697
300891	3.5444317
300892	-9.796216
300893	5.5742927
300894	-3.8535016
300895	-0.9449617
300896	-76.461205
300897	17.23578
300898	38.52258
300899	5.582413
300900	-36.851185
300901	20.368269
300902	10.021386
300903	7.6087136
300904	1.4048222
300905	-93.6274
300906	19.47329
300907	0.8213017
300908	4.8135357
300909	6.4343305
300910	6.9686875
300911	13.410238
300912	-0.12683918
300913	5.55358
300915	-7.1377993
300916	4.03889
300917	-3.85528
300918	-2.3732095
300919	-2.529314
300920	2.5842803
300921	-5.0947156
300922	-4.2471633
300923	13.220067
300925	-0.8917951
300926	-7.560643
300927	-13.015538
300928	5.5023937
300929	-10.240936
300930	1.1479876
300931	-8.848751
300932	20.964722
300933	27.706512
300935	-13.015393
300936	5.313575
300937	-1.4024212
300938	4.056351
300939	5.524643
300940	4.045
300941	4.364975
300942	3.9693112
300943	12.376174
300945	10.426627
300946	5.659303
300947	-2.3516366
300948	5.7848396
300949	-15.88069
300950	-10.858392
300951	4.056351
300952	12.088231
300953	0.91551125
300955	-7.804554
300956	8.393848
300957	4.974162
300958	-15.143529
300959	-3.5084233
300960	12.372108
300961	21.707233
300962	5.535007
300963	38.657143
300964	-3.7643433
300965	12.932038
300966	-6.1701856
300967	5.102108
300968	12.27573
300969	4.9290295
300970	4.392837
300971	11.9737
300972	6.246608
300973	5.666888
300975	7.4871917
300976	-7.4905977
300977	1.7543833
300978	-8.8486805
300979	11.586913
300980	6.9232564
300981	-3.5103812
300982	8.562206
300983	4.819947
300984	5.985261
300985	-15.034165
300986	18.445095
300987	12.083872
300988	12.330588
300989	-4.5231595
300990	3.3674543
300991	3.5091174
300992	16.628567
300993	17.895319
300994	2.8936625
300995	-21.338282
300996	-8.092674
300997	6.17328
300998	33.31404
300999	7.4927487
301000	-4.6891894
301001	12.378227
301002	3.9739354
301003	5.5427265
301004	-12.948583
301005	-11.010301
301006	4.070446
301007	6.5017776
301008	-1.8667794
301009	29.797691
301010	-13.786217
301011	10.021653
301012	2.4735496
301013	6.352126
301015	7.612874
301016	-18.600506
301017	3.6299322
301018	-5.6357565
301019	7.43642
301020	-3.7916698
301021	12.377911
301022	6.3992095
301023	-4.40983
301024	3.3347783
301025	17.771687
301026	6.88256
301027	14.914459
301028	12.42148
301029	4.907079
301030	-3.4367285
301031	0.26829734
301032	32.215866
301033	-14.603425
301035	2.9761977
301036	-13.805673
301037	4.4172754
301038	-5.3462224
301039	-4.111062
301040	-14.358793
301041	-2.8200057
301042	-11.912868
301043	8.24972
301045	-38.058582
301046	25.391594
301047	4.213285
301048	10.826319
301049	9.694757
301050	3.3105469
301051	-6.5049324
301052	0.017742597
301053	14.150274
301055	3.7231953
301056	-5.2518477
301057	11.459271
301058	8.56221
301059	0.7987231
301060	12.37795
301061	-7.2135134
301062	7.153318
301063	5.762868
301065	-9.726959
301066	8.907284
301067	-5.1112547
301068	6.131401
301069	0.9756542
301070	-7.535113
301071	3.3110037
301072	1.2893147
301073	-24.757504
301075	11.975206
301076	7.5903
301077	4.5390263
301078	-4.259043
301079	12.378203
301080	3.9798608
301081	42.674503
301082	9.073559
301083	-13.016943
301085	6.0396276
301086	-13.414608
301087	7.392384
301088	-6.0004196
301089	-13.626354
301090	-5.8443937
301091	-14.860969
301092	-8.679648
301093	13.635159
301095	3.3024755
301096	4.973947
301097	2.2137332
301098	12.755655
301099	-8.906058
301100	7.9985824
301101	-6.402066
301102	9.946948
301103	5.074761
301105	4.3918715
301106	14.869176
301107	5.302183
301108	6.8850226
301109	-17.769886
301110	-3.2681596
301111	6.2259717
301112	13.980549
301113	18.147972
301115	7.4406886
301116	-13.387523
301117	-13.785838
301118	6.8698072
301119	6.557164
301120	2.8015702
301121	-1.8540615
301122	-4.15032
301123	38.161026
301125	18.19514
301126	-1.0982475
301127	-13.786338
301128	-13.979502
301129	3.3072824
301130	-13.784418
301131	3.4272685
301132	3.3437135
301133	-13.742133
301135	-2.7858977
301136	8.5721445
301137	-2.9889066
301138	-8.019299
301139	17.778297
301141	4.548094
301148	21.707218
301149	6.196415
301150	-1.0495776
301151	6.7718716
301152	-11.468876
301153	1.5558207
301155	-8.154687
301156	-4.38144
301157	7.6148915
301158	2.3676152
301159	0.72958726
301160	3.1052628
301161	7.434307
301162	6.12872
301163	-7.852164
301165	0.9267745
301166	4.379725
301167	18.031158
301168	5.504415
301169	-0.25207773
301170	7.316671
301171	-1.503294
301172	4.3943777
301175	15.404536
301176	3.0349336
301177	16.321758
301178	5.497713
301179	4.973947
301180	-2.9624252
301181	-3.8903708
301182	17.77981
301183	-2.9153721
301185	-3.7522192
301186	6.832582
301187	0.7987703
301188	5.779121
301189	15.621694
301190	-1.9467896
301191	-10.363632
301192	5.2072425
301193	7.092666
301195	4.5626945
301196	6.313423
301197	6.5574
301198	-13.784455
301199	2.518106
301200	4.848803
301201	2.9678478
301202	7.464123
301203	5.5257893
301205	-49.83615
301206	-4.5938654
301207	5.525768
301208	-13.9099245
301209	12.0355215
301210	17.303432
301211	21.277884
301212	-2.287944
301213	-13.786048
301215	-3.7936769
301216	5.558505
301217	-5.2849097
301218	-0.095343485
301219	1.2772908
301220	7.492428
301221	-63.384705
301222	1.0180938
301223	9.8606415
301225	5.3021793
301226	-13.4937935
301227	-8.0929575
301228	17.901678
301229	7.569688
301230	6.252091
301231	-2.435195
301232	-14.048575
301233	-8.0002
301234	3.709423
301235	-13.352023
301236	1.7647345
301237	4.6932025
301238	17.953924
301239	5.880052
301246	6.5573196
301248	-5.2623773
301251	0.92420375
301252	5.1820207
301255	-4.8714547
301256	17.9687
301257	4.469727
301258	3.886564
301259	-16.760494
301260	5.302152
301261	-3.442134
301262	2.924147
301263	-13.784424
301265	26.8042
301266	7.4892025
301267	5.30215
301268	-93.62279
301269	7.6215434
301270	-8.859638
301272	5.2996287
301273	25.934881
301276	0.9175697
301277	2.5002458
301278	-16.047087
301279	16.26411
301280	7.735491
301281	5.4727464
301282	28.338366
301283	4.706626
301285	13.004391
301286	-0.30874813
301287	8.486936
301288	-13.785838
301289	7.723374
301290	1.2579546
301291	5.302194
301292	2.8261328
301293	4.973947
301295	3.7541897
301296	20.964722
301297	8.5156975
301298	17.526245
301299	-26.96446
301300	7.5695157
301301	3.6207888
301302	2.8729987
301303	5.5262313
301305	11.996061
301306	-8.021706
301307	5.0485215
301308	-50.3891
301309	6.050134
301310	5.27794
301311	-3.5808818
301312	-13.886102
301313	16.565458
301314	-2.3942628
301315	4.379725
301316	20.964722
301317	13.861325
301318	1.6393037
301319	-7.524058
301320	0.6437525
301321	9.262718
301322	5.056685
301323	7.5696626
301325	-95.612686
301326	-1.2242336
301327	-13.414107
301328	-11.258247
301329	24.325254
301330	3.095436
301331	-7.9332795
301332	-9.365925
301333	-3.9400387
301335	-13.784401
301336	-32.87734
301337	0.99437946
301338	-50.44932
301339	7.735634
301345	6.344194
301348	1.0167527
301349	4.6633425
301353	4.3875055
301355	45.365364
301356	-17.430637
301357	4.0555706
301358	5.6121345
301359	8.034396
301360	-7.540612
301361	3.7608905
301362	3.8001595
301363	3.7085004
301365	11.975206
301366	-0.5995495
301367	-15.1909685
301368	-84.53258
301369	-13.415071
301370	-5.187381
301371	3.4913983
301372	8.5587225
301373	8.458885
301376	-0.959224
301377	16.261026
301378	5.013166
301379	5.2646008
301380	-7.5421314
301381	-0.7725061
301382	-0.26085657
301383	-13.414107
301386	-1.9057531
301387	-7.87729
301388	4.0838513
301389	4.091736
301390	6.910139
301391	2.0857928
301393	-28.53597
301395	6.5650415
301396	3.2087834
301397	5.328265
301398	3.122894
301399	-4.8277717
301408	3.1595602
301413	-7.56107
301418	5.7738657
301419	-6.4455895
301421	5.703753
301428	7.490408
301429	6.9173036
301439	7.612506
301446	24.332241
301448	6.5570946
301456	17.999002
301459	6.2422853
301468	-6.097994
301469	-0.23562774
301486	-7.558932
301487	5.0744467
301488	4.977165
301489	1.7401422
301498	1.9442221
301499	-8.093532
301500	-21.947878
301502	-13.414518
301503	5.3957014
301505	4.9479175
301507	4.8292313
301508	5.30224
301509	-29.96006
301510	10.200333
301511	1.0180098
301512	-7.658795
301515	-5.156818
301516	5.30224
301517	-15.472238
301518	5.509048
301519	5.6221185
301520	1.4810559
301525	4.973947
301526	-3.7937393
301528	3.5885568
301529	4.1966867
301533	5.504788
301536	0.6144077
301538	4.8551865
301548	4.050023
301550	-8.040151
301555	6.5562053
301558	-6.104285
301559	14.566983
301566	-2.351293
301567	-3.1787126
301568	-4.448104
301577	6.25286
301578	-15.92758
301587	17.190422
301588	8.56221
301589	0.87508655
301591	5.30224
600000	-16.779617
600004	5.302131
600006	5.415822
600007	3.6106377
600008	24.692553
600009	7.8342757
600010	-2.7444272
600011	0.5335979
600012	-14.018264
600015	2.6042588
600016	1.1529485
600017	24.332241
600018	17.515537
600019	1.1556965
600020	20.964722
600021	1.0317079
600022	24.332241
600023	29.378523
600025	15.615288
600026	-13.205811
600027	33.20705
600028	-17.647472
600029	-10.88514
600030	-14.860673
600031	-3.0685997
600032	1.1479179
600033	7.3425894
600035	1.4199107
600036	5.307264
600037	-5.094636
600038	0.84671354
600039	2.123223
600048	-44.196556
600050	33.562347
600051	-59.002
600052	6.205713
600053	4.841348
600054	-3.2274437
600055	-5.0997763
600056	3.8345509
600057	4.008469
600058	7.4913473
600059	4.2591057
600060	5.6992292
600061	-13.408215
600062	-15.170101
600063	5.312845
600064	11.715474
600066	-1.6504341
600067	11.167217
600070	17.50606
600071	-2.9742975
600072	5.351604
600073	9.971979
600075	-10.036536
600076	29.593431
600078	-2.3951097
600079	-14.860673
600080	7.4145184
600081	2.149285
600082	-10.595112
600083	18.445095
600084	-13.414516
600085	2.6962922
600088	5.312985
600089	5.646197
600094	17.919664
600095	-23.199347
600096	2.2106583
600097	1.3678702
600098	-3.5603473
600099	28.67754
600100	3.3114398
600101	3.2355704
600103	12.571016
600104	9.508548
600105	-13.414515
600106	5.35972
600107	16.906357
600108	-2.2504487
600109	11.715474
600110	5.5663023
600111	4.760141
600113	-13.414513
600114	-15.471559
600115	6.548587
600116	3.2683017
600117	6.696615
600118	-13.414515
600119	4.049789
600120	-13.414107
600121	3.9177604
600123	5.566094
600125	-5.094636
600126	3.9273922
600127	6.1872196
600128	18.445072
600129	4.973947
600130	15.030025
600131	-13.9896965
600132	4.974026
600133	5.2761893
600135	-13.78441
600136	17.993864
600137	28.65133
600138	5.3130264
600141	1.6128366
600143	-15.510154
600148	4.771484
600149	-3.1485295
600150	-1.8890126
600151	-13.040475
600152	11.413031
600153	4.0557427
600155	10.828795
600156	21.707214
600157	-0.60326415
600158	-0.63693666
600159	8.362387
600160	4.2173615
600161	0.3709781
600162	18.872196
600163	6.5574603
600165	9.545731
600166	3.4771092
600167	-6.3449836
600168	-6.870091
600169	12.549854
600170	4.7568293
600171	-13.414675
600172	12.378227
600173	-2.917689
600176	5.8192167
600177	-13.37539
600178	1.7004255
600179	8.774986
600180	6.4905095
600182	30.777554
600183	-41.521164
600184	-5.777775
600185	8.224999
600186	-3.7950077
600187	17.505295
600188	-20.30465
600189	12.37795
600190	-15.79782
600191	6.0976305
600192	12.378227
600193	11.764209
600195	4.9739766
600196	-7.8076735
600197	-17.033127
600198	9.955933
600199	-26.432613
600200	4.090618
600201	4.974137
600202	21.797932
600203	10.491496
600206	-7.7637725
600207	6.626937
600208	9.55113
600210	-6.304708
600211	-14.860644
600212	5.336026
600215	5.3629913
600216	-13.414534
600217	14.080629
600218	5.737967
600219	10.505662
600221	7.2001505
600222	21.707214
600223	0.10654635
600225	-6.29865
600226	-7.5477037
600227	17.825733
600228	-2.1314478
600229	-13.577702
600230	-1.6629497
600231	7.211345
600232	7.854843
600233	-13.414515
600234	5.0195427
600235	-2.8327944
600236	-0.08382919
600237	-5.7901855
600238	5.302175
600239	-5.8442764
600241	6.7229657
600243	11.975206
600246	-8.019618
600248	11.41241
600249	25.70524
600250	1.9375739
600251	3.3110542
600252	-14.860989
600255	6.53394
600256	-4.0068383
600257	7.065056
600258	-4.38081
600259	6.444831
600261	15.852786
600262	-13.015412
600265	1.5795918
600266	-10.286865
600267	-13.41456
600268	-0.83361673
600269	10.625187
600271	-7.1075635
600272	-13.786048
600273	8.930571
600276	18.237705
600278	11.271138
600279	7.381157
600280	8.869634
600281	42.24994
600282	5.7335396
600283	-5.699662
600284	-20.674555
600285	-16.507383
600287	2.5022185
600288	-3.9164052
600289	36.288826
600292	12.490136
600293	0.3263523
600295	5.565678
600298	-6.5451436
600299	-14.860639
600300	31.59071
600301	0.06409523
600302	18.445072
600303	27.339739
600305	5.490932
600307	15.317572
600308	11.159614
600309	5.5637465
600310	5.189796
600312	-4.8004084
600313	5.264583
600315	-75.47077
600316	-13.968553
600318	8.562225
600319	42.674038
600320	-13.414516
600322	12.378227
600323	-2.9540727
600325	4.056351
600326	-13.414608
600327	5.914528
600328	-13.414515
600329	0.030293925
600330	4.8156695
600331	5.533043
600332	10.948582
600333	36.16243
600335	5.5264683
600336	-13.015477
600337	8.56221
600338	33.887997
600339	-13.786705
600340	7.6492715
600343	-13.908878
600345	6.781233
600346	-7.5020723
600348	-10.774718
600350	-8.334039
600351	2.8833687
600352	7.04887
600353	8.94579
600354	5.2480497
600355	11.607753
600356	4.3943143
600358	9.144043
600359	-24.537863
600360	-13.786431
600361	6.903561
600362	-7.5563335
600363	4.973946
600365	1.1490188
600366	-3.161122
600367	4.056308
600368	20.36964
600369	11.979196
600370	4.3045454
600371	3.0123703
600372	1.4822028
600373	0.3574993
600375	17.931717
600376	4.9340715
600377	19.08722
600378	0.23665695
600379	14.5130625
600380	-11.262469
600381	11.975206
600382	4.748676
600383	-14.633568
600386	12.378214
600387	52.45018
600388	4.056328
600389	-1.3743528
600390	-4.448099
600391	-5.092979
600392	6.5898385
600395	2.209282
600396	2.8855498
600397	8.919459
600398	0.43737563
600399	0.946131
600400	-3.3914423
600403	6.5489173
600405	3.3012688
600406	1.5741596
600408	8.892354
600409	4.874596
600410	4.359007
600415	-9.758191
600416	-3.510384
600418	-13.414107
600419	-2.107781
600420	-8.244938
600421	-6.7804837
600422	0.4206396
600423	22.063498
600425	-12.331317
600426	9.404349
600428	4.055628
600429	7.450329
600433	15.767114
600435	-13.415655
600436	3.3702064
600438	-13.409686
600439	-7.8108683
600444	-1.7913237
600446	0.7862105
600448	13.932902
600449	-39.728775
600452	1.0094469
600455	11.975206
600456	-15.110623
600458	4.647205
600459	5.618968
600460	-13.414515
600461	-3.0614483
600462	33.229153
600463	-19.425209
600467	-5.336426
600468	6.4564285
600469	7.5686255
600470	28.702713
600475	6.917747
600476	1.9323746
600477	5.635624
600478	4.9740605
600479	-5.096789
600480	6.5575905
600481	5.109017
600482	-5.8283267
600483	4.0463266
600486	4.97812
600487	4.9739494
600488	-4.448105
600489	3.3815606
600490	6.3996153
600491	4.393877
600493	15.105041
600495	9.640501
600496	5.3640203
600497	4.0562835
600498	5.3127713
600499	0.8860877
600500	18.301556
600501	-13.979748
600502	-3.6131053
600503	-3.1250143
600505	7.622113
600506	3.8968756
600507	3.6612837
600508	4.0390882
600509	10.623339
600510	0.19882603
600511	-13.414107
600512	-3.5103836
600513	-7.972823
600515	3.912557
600516	-5.0946455
600517	4.9848886
600518	4.056269
600519	7.926734
600520	-13.414069
600521	-8.13316
600522	3.3110394
600523	42.902485
600525	-7.9743304
600526	7.492516
600527	-6.622734
600528	-9.697762
600529	7.6586137
600530	11.975206
600531	6.2581267
600533	11.096302
600535	-13.4147005
600536	-15.376095
600537	5.0433755
600538	-3.7924829
600539	18.190067
600540	-4.7827926
600543	-1.3212692
600545	-3.258401
600546	4.791861
600547	-15.695215
600548	-17.663149
600549	7.5084963
600550	-6.263069
600551	-13.414094
600552	-13.9732485
600556	31.2616
600557	-26.074215
600558	10.345042
600559	5.5542116
600560	5.3130198
600561	-13.251666
600562	5.6556015
600563	8.45872
600566	-13.414515
600567	9.897406
600568	11.975206
600569	5.1294236
600570	4.9685254
600571	3.3258183
600572	-5.397021
600573	-13.779007
600575	16.129686
600576	-16.016716
600577	-14.047607
600578	-9.489152
600579	24.332241
600580	5.3128653
600581	-3.7308176
600582	4.4968348
600583	-1.2340504
600584	-7.074935
600585	5.405823
600586	-24.182571
600587	-0.41999137
600588	4.974765
600589	6.818447
600590	-3.3534722
600592	-13.786651
600593	6.55657
600594	-2.1629114
600595	13.023773
600596	-13.516136
600597	11.956247
600598	11.713038
600599	29.448044
600600	4.973947
600601	-6.628273
600602	4.974522
600603	4.5947227
600604	11.722258
600605	-13.414515
600606	1.0738794
600608	-12.255535
600609	-11.925845
600610	5.145522
600611	-14.051001
600612	-41.707226
600613	-5.823642
600615	-12.290895
600616	5.4907885
600617	6.3689675
600618	2.747227
600619	-2.8939233
600620	3.792053
600621	-13.414515
600622	4.0563464
600623	1.7599819
600624	2.2390792
600626	-13.786689
600628	-14.860989
600629	4.9781184
600630	-3.815935
600633	5.700805
600635	-13.414517
600636	-13.414515
600637	-13.414515
600638	-7.8532095
600639	3.8551297
600640	-78.97227
600641	4.05017
600642	-11.021584
600643	-14.859917
600644	5.1198325
600645	-5.3752337
600648	-11.449881
600649	6.657791
600650	-15.698833
600651	11.715487
600653	-13.414107
600654	5.3128977
600655	2.670216
600657	4.9110346
600658	-3.7800584
600660	4.221615
600661	-13.414534
600662	6.0717344
600663	5.5218863
600664	8.8309
600665	12.567943
600666	-13.015538
600667	7.6129246
600668	-13.414515
600671	4.1402245
600673	-1.185102
600674	0.6501644
600675	3.3636284
600676	-13.740087
600678	20.44209
600679	47.240273
600681	5.3785777
600682	-4.6368833
600683	6.4496775
600684	8.775589
600685	6.607613
600686	-13.414107
600688	-3.5104966
600689	14.123651
600690	-0.93953776
600691	7.4626393
600692	5.563364
600693	4.819581
600694	4.0489645
600696	-13.784418
600697	16.537987
600698	18.703127
600699	4.649543
600702	-73.441185
600703	5.0955286
600704	-13.375423
600705	3.634161
600706	-5.843234
600707	12.025438
600708	-3.2547154
600710	-0.8858827
600711	4.2609887
600712	10.490897
600713	-5.568738
600714	-3.799847
600715	24.332235
600716	7.895645
600717	-15.371422
600718	8.557166
600719	7.945241
600720	6.0689178
600721	12.378227
600722	4.6544943
600724	-2.0305166
600725	11.676081
600726	-5.6307955
600727	4.90445
600728	1.066543
600729	4.973947
600730	-13.784364
600731	-0.30455756
600732	-28.447065
600733	4.971784
600734	8.935308
600735	3.597652
600736	-13.966602
600737	3.3099997
600738	3.4914458
600739	4.9740634
600740	-12.671911
600741	4.9807525
600742	-1.0581139
600743	-2.320531
600744	4.3991365
600745	4.9739494
600746	-7.4890804
600748	18.184782
600749	2.7328765
600750	-82.02236
600751	1.4994518
600753	11.975206
600754	-13.412648
600755	6.2525434
600756	6.252555
600757	-13.410655
600758	20.294245
600759	8.56221
600760	3.8172586
600761	4.0563126
600763	-5.094636
600764	-13.414515
600765	4.056351
600768	-3.5104125
600769	-0.07342012
600770	-3.5694983
600771	4.97387
600773	-2.1508372
600774	4.0482497
600775	10.154028
600776	5.338401
600777	-7.558335
600778	9.144043
600779	1.6695962
600780	-6.64809
600782	-0.97142786
600783	5.2676897
600784	-4.556681
600785	6.252008
600787	3.5632176
600789	12.091027
600790	7.9815955
600791	24.331707
600792	28.264729
600793	2.0402877
600794	2.1803284
600795	5.691939
600796	4.056351
600797	2.2001448
600798	7.6301923
600800	6.5541086
600801	4.973958
600802	2.3026254
600803	7.1034727
600804	9.605495
600805	3.0751963
600807	23.19983
600808	-2.7527673
600809	-15.030393
600810	11.314112
600811	13.220099
600812	18.445072
600814	6.251784
600815	-3.5103822
600816	3.308112
600817	-13.414107
600818	17.894169
600819	-22.542425
600820	-14.860989
600821	2.0388532
600822	8.3758545
600824	-5.0978928
600825	-5.094636
600826	-4.8627625
600827	2.1698718
600828	4.393926
600829	-4.57549
600830	-13.414515
600831	-3.8904915
600833	3.6192899
600834	-13.0154
600835	-14.860989
600837	-13.375741
600838	-7.8086786
600839	-6.4017134
600841	9.666256
600843	13.925396
600844	-6.511824
600845	1.1012963
600846	-15.349105
600847	19.374767
600848	6.9123335
600850	3.6241863
600851	-13.414515
600853	6.040261
600854	14.249719
600855	-3.0714152
600857	1.7908239
600858	-2.9386203
600859	7.3553896
600860	-9.130478
600861	5.0267572
600862	5.5275393
600863	-10.206063
600864	4.5020204
600865	5.281789
600866	9.754558
600867	-13.414684
600868	-14.648662
600869	-11.906833
600871	24.332241
600872	3.0086641
600873	-12.643827
600874	28.264696
600875	-27.78571
600876	7.491753
600877	8.3628435
600879	-14.852625
600880	-13.409747
600881	-7.636596
600882	-2.3338778
600883	5.5220118
600884	4.056297
600885	2.866011
600886	-11.053847
600887	3.2950637
600888	5.5426416
600889	-0.25394285
600892	-13.786217
600893	0.85935104
600894	-12.786477
600895	0.19817436
600897	6.9561596
600898	17.487635
600900	-15.560263
600901	4.2749925
600903	28.264717
600905	24.332241
600906	12.086488
600908	15.500381
600909	12.023712
600916	20.744709
600917	8.396984
600918	12.353305
600919	13.713452
600925	35.223866
600926	-14.046714
600927	7.4038663
600928	12.378521
600929	-5.063792
600933	0.907428
600935	6.8151274
600936	12.087135
600938	-7.3285413
600939	12.0882015
600941	-4.048764
600955	5.8998523
600956	1.1479207
600958	12.377943
600959	12.35098
600960	6.4844084
600961	7.6129656
600962	-13.786703
600963	-0.25180012
600965	-4.4674625
600966	5.3832445
600967	-10.385995
600968	21.58042
600969	7.754723
600970	-10.843933
600971	3.3110032
600973	-0.8213702
600975	6.2572064
600976	3.599968
600977	-9.343827
600979	1.1492192
600980	-13.423326
600981	1.8115226
600982	5.665695
600983	8.409941
600984	24.133787
600985	-0.024659956
600986	4.394075
600987	7.3676214
600988	-14.468541
600989	26.085749
600990	-1.5341278
600992	8.042735
600993	-14.860989
600995	-7.0490613
600996	42.890495
600997	4.5573215
600998	-3.5104249
600999	8.935939
601000	-14.860989
601001	3.311003
601002	21.771057
601003	6.525036
601005	33.620495
601006	28.651295
601007	26.452845
601008	9.285244
601009	-7.8061595
601010	-5.3911643
601011	9.073751
601012	4.9754553
601015	9.67369
601016	-5.035192
601018	18.777868
601019	11.813693
601020	30.620739
601021	3.2219095
601022	1.1452512
601028	6.557164
601033	6.5571933
601038	16.283823
601058	-24.435501
601059	-10.479262
601061	17.826118
601065	-12.579896
601066	18.445072
601068	-0.5777275
601069	0.02282385
601077	17.692015
601083	-2.7944167
601086	14.814346
601088	-2.6956205
601089	-13.784418
601096	-1.2206861
601098	9.732171
601099	11.975206
601100	-10.109312
601101	-0.9809926
601106	20.376677
601107	20.964722
601108	7.154168
601111	7.241327
601113	15.5909195
601116	-2.8453186
601117	2.9105015
601118	25.36939
601121	4.8878965
601126	-9.774829
601127	-7.4692473
601128	32.65081
601133	5.0482078
601136	17.780169
601137	-15.643546
601138	14.677957
601139	29.68131
601155	-3.4979613
601156	-2.541451
601158	14.770986
601162	11.975206
601163	-2.8308234
601166	-9.835345
601168	17.785765
601169	2.5919273
601177	12.058239
601179	46.35048
601186	9.709438
601187	20.253231
601188	4.5430408
601198	18.372972
601199	1.2060226
601200	23.949896
601208	1.2674128
601211	18.445072
601212	3.9814885
601216	-4.5497627
601218	14.499891
601222	19.085285
601225	-7.254391
601226	12.420744
601228	24.332304
601229	-15.463363
601231	-1.9727993
601233	7.5500836
601236	-21.57043
601238	7.491402
601279	-35.984173
601288	26.880608
601298	4.2351327
601311	7.613029
601318	-13.375444
601319	20.964596
601326	11.976539
601328	20.964722
601330	23.476072
601333	12.375241
601336	-4.8707924
601339	7.6303368
601360	5.5221715
601366	34.24985
601368	60.030396
601369	-11.114592
601375	11.975206
601377	8.930922
601388	-0.019573359
601390	21.21401
601398	-8.377074
601399	20.731054
601456	12.37795
601500	-1.2107973
601512	29.208206
601515	1.1479125
601518	21.574812
601519	12.088202
601528	12.377179
601555	12.572328
601566	7.087648
601567	-11.13296
601568	12.377716
601577	20.734215
601579	-6.2470455
601588	15.7684965
601595	5.3721466
601598	7.1977386
601599	21.707214
601600	18.527729
601601	-7.042488
601606	16.408985
601607	-14.860989
601608	4.5081983
601609	7.5166235
601611	26.774616
601615	-30.23524
601616	16.075125
601618	24.332241
601619	7.1803746
601628	6.445612
601633	7.1932607
601636	1.250616
601658	20.964718
601665	12.37617
601666	4.559485
601668	-11.655459
601669	13.251737
601677	32.215866
601678	6.4859724
601686	28.264729
601688	12.377899
601689	4.973953
601696	7.5227394
601698	-13.786703
601699	5.606606
601700	8.161748
601702	7.471181
601717	7.504345
601718	41.241745
601727	50.992928
601728	11.703176
601766	20.11343
601777	-9.628274
601778	11.975206
601788	11.975206
601789	-13.195964
601798	21.703785
601799	3.045952
601800	-13.791086
601801	9.0737505
601808	1.1479195
601811	12.362461
601816	24.332304
601818	17.487612
601825	20.964722
601827	21.546846
601828	6.921891
601838	16.047668
601857	-10.649046
601858	0.7985863
601860	59.29936
601865	-7.923043
601866	5.0709915
601868	20.866959
601869	-7.098517
601872	-8.86508
601877	4.039567
601878	8.927982
601880	17.449781
601881	-13.786703
601882	8.561267
601886	6.130497
601888	4.9741254
601890	3.184303
601898	17.566338
601899	1.9431988
601900	4.3938475
601901	-6.0960145
601908	-0.39104816
601916	-2.2534819
601918	-0.9235101
601919	32.628258
601921	-4.490153
601928	21.068487
601929	24.900269
601933	9.217365
601939	20.964718
601949	12.37795
601952	2.5096073
601956	10.523262
601958	0.33424887
601963	17.762995
601965	6.209475
601966	4.935022
601968	21.87784
601969	1.1479195
601975	1.1479195
601985	1.1040664
601988	-8.377074
601989	24.332241
601990	21.703848
601991	4.040341
601992	5.8453016
601995	3.4075296
601996	18.15016
601997	16.514761
601998	-8.377074
601999	12.356845
603000	4.973936
603001	13.657941
603002	2.0076582
603003	28.388247
603004	12.600979
603005	-26.114008
603006	17.364141
603007	-3.5632756
603008	1.7345538
603009	-7.328543
603010	5.5387516
603011	13.621319
603012	24.332241
603013	3.501223
603015	-49.97806
603016	20.22719
603017	6.258129
603018	4.9739423
603019	4.975025
603020	6.6847625
603021	20.736498
603022	3.8754022
603023	-13.785053
603025	4.032031
603026	-95.60899
603027	3.836582
603028	20.156
603029	-3.791386
603030	30.943153
603031	5.480154
603032	5.723743
603033	5.3951497
603035	6.185701
603036	15.370949
603037	-7.5608587
603038	6.3839355
603039	5.3195376
603040	2.3689115
603041	7.680056
603042	17.779762
603043	6.2063093
603045	5.772376
603048	7.6128817
603050	-15.479651
603051	6.419038
603052	-0.72567034
603053	6.744218
603055	21.822186
603056	-1.1153457
603057	-2.2657776
603058	-6.0917745
603059	-3.5103836
603060	4.567647
603061	-8.860858
603062	6.1745524
603063	5.6663957
603065	12.378227
603066	-4.7316446
603067	-1.1621382
603068	1.2949725
603069	7.4704394
603070	6.904237
603071	7.611876
603073	7.491635
603075	6.068599
603076	6.5574574
603077	35.390324
603078	8.118515
603079	7.4930925
603080	-10.277502
603081	8.851556
603082	-13.785436
603083	5.6945205
603085	9.407944
603086	14.2125025
603087	-9.655862
603088	-25.87217
603089	16.63914
603090	8.33658
603093	18.445072
603095	0.25424838
603096	7.447077
603097	17.323938
603098	-3.7913837
603099	-14.373735
603100	7.61542
603101	-3.2604284
603102	-1.8792537
603103	-7.8462763
603105	8.554346
603106	11.975206
603107	4.543739
603108	3.3110023
603109	-5.843556
603110	3.9241395
603111	12.411481
603112	3.7827847
603113	6.8151274
603115	7.4416785
603116	22.270853
603117	-5.270633
603118	25.928247
603119	7.0183406
603121	-3.5104961
603122	12.181658
603123	20.245573
603125	7.578185
603126	-5.6345963
603127	6.0868006
603128	-3.6771572
603129	5.6854553
603130	17.624361
603131	-5.0946484
603132	-6.247878
603135	6.1238694
603136	5.5298853
603137	7.5678344
603138	4.839395
603139	9.139384
603150	21.62722
603151	9.5437765
603153	13.127728
603155	7.0029488
603156	11.715938
603158	15.607974
603159	0.58016175
603160	22.45234
603161	7.491903
603162	8.56221
603163	2.8999603
603165	7.467825
603166	15.655568
603167	1.148424
603168	5.6519346
603169	10.04099
603170	5.768756
603171	5.308703
603172	35.966114
603173	1.1335759
603176	15.733345
603177	5.0228953
603178	-6.099103
603179	4.9743695
603180	15.81526
603181	3.505618
603182	35.01337
603183	-3.5104282
603185	3.3057334
603186	10.766995
603187	4.973947
603188	49.82065
603189	-3.5103817
603190	0.64805746
603191	8.56221
603192	10.401534
603193	13.338152
603195	-3.2536385
603196	12.369206
603197	4.973947
603198	-7.521381
603199	-10.193808
603200	5.883016
603201	7.568772
603203	2.6936567
603206	7.6428123
603208	5.648847
603209	11.975206
603211	4.320265
603212	-5.6146708
603213	-5.2606187
603214	6.5573997
603215	-13.251799
603216	28.661654
603217	5.531078
603218	-4.610126
603219	16.496872
603220	2.7836673
603221	1.1803714
603222	6.5542326
603223	-13.414515
603225	6.872602
603226	6.9020977
603227	-13.786697
603228	-6.6821294
603229	-0.7713931
603230	-3.5104952
603231	6.5574446
603232	-71.92021
603233	-4.7470136
603235	3.1590137
603236	4.056105
603237	5.4789734
603238	25.828562
603239	2.7117605
603255	9.230598
603256	-3.7916837
603258	21.70703
603259	5.5791144
603260	4.912087
603261	-4.4645467
603266	4.1049504
603267	-13.414107
603268	-0.47784266
603269	1.1476038
603270	4.2774134
603272	13.201137
603273	5.29698
603275	5.328322
603276	4.820124
603277	4.517717
603278	-2.8220468
603279	6.557469
603280	21.707214
603281	-4.9349213
603282	5.278311
603283	6.220921
603286	6.2214775
603288	-5.092947
603289	7.491913
603290	5.845872
603291	4.2770042
603296	6.389651
603297	-2.947617
603298	-7.5255613
603299	-5.2698345
603300	6.556276
603301	4.05635
603303	6.5276594
603305	1.039416
603306	-34.78121
603307	-54.63864
603308	-12.019421
603309	7.4931517
603311	9.172024
603312	-13.786431
603313	7.994353
603315	8.198727
603316	20.227146
603317	5.291839
603318	-8.986163
603319	-19.09354
603320	-2.7561162
603321	-5.229426
603322	7.7322416
603323	11.976789
603324	-13.01543
603325	-2.9488258
603326	5.467829
603327	5.4259057
603328	1.1266623
603329	6.5184817
603330	-3.5301678
603331	6.495092
603332	6.0506654
603333	20.227146
603335	17.89868
603336	-13.784418
603337	1.4955498
603338	3.41404
603339	11.454266
603341	-5.1430826
603344	8.56221
603345	8.058095
603348	5.302151
603351	2.213012
603353	5.2385573
603355	11.715661
603356	-9.126513
603357	-4.617248
603358	1.7443821
603359	21.674212
603360	-16.202799
603363	-6.2985063
603365	1.5870802
603366	11.975206
603367	-3.3060122
603368	4.0560803
603369	4.973953
603373	11.508545
603375	-1.4354992
603377	12.378227
603378	-13.784408
603379	2.6960537
603380	4.2618694
603383	3.307293
603385	28.194414
603386	7.477293
603387	5.574636
603388	12.376208
603389	-0.59947073
603390	10.545126
603392	-13.414107
603393	-2.4111552
603396	3.3105743
603398	-3.9902093
603399	20.43022
603408	-23.821613
603416	-13.414107
603421	2.9638233
603429	-5.6319003
603439	7.492638
603444	-13.414515
603456	4.9738364
603458	2.5596945
603466	6.130164
603477	8.56221
603486	4.055392
603488	-13.786633
603489	3.3084512
603496	1.9648125
603499	-13.786687
603500	5.4562116
603501	4.561566
603505	6.224027
603506	-5.2786884
603507	8.970792
603508	-14.860989
603511	8.6358795
603515	6.558752
603516	-2.3556137
603517	-6.0959325
603518	4.1054053
603519	6.252552
603520	6.1675496
603527	-1.3257983
603528	-1.1703429
603529	-9.985968
603530	4.9938674
603533	-3.791263
603535	18.83111
603536	6.161713
603538	-3.756608
603551	2.3597088
603556	-13.048244
603557	16.29118
603558	-1.5064405
603559	17.507368
603565	-15.437066
603566	6.6063337
603567	11.412282
603568	5.545134
603569	-3.7776334
603577	-0.026386542
603578	4.16252
603579	3.8323202
603580	-13.414517
603583	3.310987
603585	7.5879116
603586	5.404116
603587	42.759495
603588	5.302155
603589	5.4283867
603590	-2.3934038
603595	5.3741274
603596	4.973958
603598	4.90157
603599	5.5414195
603600	7.6130066
603601	1.7322733
603602	11.493688
603605	4.862915
603606	6.995501
603607	10.427656
603608	17.487621
603609	2.9470673
603610	5.365425
603611	1.2940733
603612	10.032006
603613	-7.5421963
603615	1.7066321
603616	26.522255
603617	5.312004
603618	10.679496
603619	-2.5264573
603626	-5.5123534
603628	-1.4661112
603629	5.5259576
603630	4.9071155
603633	16.865341
603636	-7.5422206
603637	4.393423
603638	1.9919928
603639	-13.410717
603648	-0.2829601
603650	11.689265
603655	7.529516
603656	10.465413
603657	-2.876228
603658	3.8243704
603659	2.0645323
603660	17.74601
603661	8.679128
603662	-13.414534
603663	4.0844264
603665	5.050359
603666	-9.2552
603667	-1.1070213
603668	8.351952
603669	6.2097974
603676	21.707214
603677	5.308581
603678	-28.486969
603679	5.24696
603680	8.645945
603681	7.5892153
603682	5.830866
603683	8.049807
603685	33.98443
603686	6.8765273
603687	6.214733
603688	4.9739494
603689	7.8095818
603690	5.3021455
603693	7.8646708
603696	-1.490004
603697	-3.0527055
603698	11.657621
603699	-2.094028
603700	-1.4594249
603701	-13.414515
603703	-9.122595
603706	8.024423
603707	5.1102843
603708	6.1339335
603709	13.669463
603711	7.0695133
603712	28.264729
603713	4.0390086
603716	-13.429334
603717	8.429886
603718	8.930571
603719	-2.892222
603721	4.3988886
603722	4.9920363
603725	-6.915114
603726	-2.6215746
603727	-14.600747
603728	-6.1351953
603729	-1.2909918
603730	7.5531845
603733	1.147915
603737	-68.73917
603738	2.2687669
603739	-1.8092695
603755	27.568985
603757	5.31293
603758	-5.145582
603759	1.937777
603766	12.795805
603767	-5.7551303
603768	6.0446205
603773	4.973947
603776	5.490959
603777	4.905795
603778	-5.2698345
603779	6.203668
603786	4.4498568
603787	-3.795167
603788	-4.6372657
603789	-0.87251216
603790	7.4917655
603797	42.680054
603798	-3.791566
603799	-6.00047
603800	6.372625
603801	6.4092846
603803	14.867383
603806	-2.6882422
603808	13.778985
603809	-3.764264
603810	25.43395
603811	-3.510232
603813	19.692575
603815	10.42717
603816	-7.52576
603817	-5.2706413
603818	1.1484278
603819	-3.789357
603822	8.932238
603823	-4.846744
603825	-5.0535655
603826	-17.390917
603828	41.24174
603829	0.24961352
603833	-5.2523756
603836	4.689185
603838	8.443095
603839	12.572356
603843	11.975206
603848	7.5283575
603855	5.3021417
603856	4.8861504
603858	-7.961552
603859	5.302155
603860	5.92671
603861	3.1144953
603863	-13.784422
603866	12.377948
603867	5.741522
603868	-0.019124305
603869	17.984705
603871	-15.154199
603876	-12.302145
603877	6.5568824
603878	1.1479125
603879	24.332241
603880	9.073752
603881	5.0262504
603882	5.2559505
603883	4.055403
603885	5.741797
603886	-5.2468295
603887	-13.784414
603888	3.3113346
603889	1.758313
603890	13.194373
603893	4.9743695
603895	-13.786652
603896	6.915413
603897	22.022219
603898	6.5548325
603899	5.054247
603900	11.975206
603901	7.045009
603903	7.668427
603906	-6.3513956
603908	-9.788463
603909	8.56221
603912	-5.8294897
603915	6.188241
603916	12.378227
603917	11.975206
603918	3.884358
603919	7.4917474
603920	14.660371
603922	-8.903896
603926	9.922771
603927	-46.075306
603928	9.966924
603929	6.5574713
603931	-14.065816
603933	3.8232834
603936	5.206706
603937	35.16247
603938	6.557463
603939	3.0855856
603948	3.9243991
603949	7.6128836
603950	15.823447
603955	17.778326
603956	-35.985485
603958	12.378227
603959	24.304956
603960	-67.72228
603963	12.378227
603966	18.445072
603967	-1.8976038
603968	6.8779626
603969	-5.9245048
603970	4.39788
603976	23.98619
603977	17.756308
603978	12.378227
603979	-4.948961
603980	28.651287
603982	-2.3251143
603983	6.4518805
603985	-68.70939
603986	4.010661
603987	-3.1083148
603988	-13.966614
603989	7.5695896
603990	1.7428248
603991	-14.860989
603992	30.17742
603993	10.220029
603995	5.4867554
603997	12.376175
603998	-13.692331
603999	4.394297
605001	11.97183
605003	3.917908
605005	2.8455403
605006	11.952751
605007	5.3985085
605008	7.8538065
605009	6.2430954
605011	8.554471
605016	4.989588
605018	1.1047565
605020	5.2966843
605028	5.106032
605033	6.5565224
605050	8.56221
605055	7.461786
605056	6.836626
605058	17.900082
605060	4.3076916
605066	17.634974
605068	4.697596
605069	18.142683
605077	4.9739494
605080	2.1912546
605081	-2.5714867
605086	14.2389
605088	29.48337
605089	14.535748
605090	3.3110301
605098	-2.1585813
605099	-3.7947152
605100	7.491849
605108	4.7281156
605111	-25.132704
605116	14.3170185
605117	-13.414515
605118	-0.29987627
605122	5.731264
605123	3.3094394
605128	-1.5679924
605133	-1.9291979
605136	12.378227
605138	27.128775
605151	-4.6946993
605155	20.14756
605158	9.150081
605162	8.5967245
605166	8.891672
605167	12.377331
605168	5.5544434
605169	11.598305
605177	-15.143529
605178	9.144045
605179	5.53398
605180	17.330158
605183	32.214912
605186	1.1553714
605188	8.084276
605189	3.0944552
605196	4.157849
605198	7.5442877
605199	21.70723
605208	7.190955
605218	12.370901
605222	25.945889
605228	-3.794637
605255	-17.661839
605258	5.3096137
605259	-6.9637403
605266	-0.20155187
605268	1.7450238
605277	2.6479108
605286	-5.2705374
605287	37.634975
605288	2.7358274
605289	6.0518227
605296	2.3391254
605298	10.335377
605299	-5.242167
605300	4.7363763
605303	12.417054
605305	4.198489
605318	17.937809
605319	7.58524
605333	17.874617
605336	6.345005
605337	7.252681
605338	7.4961014
605339	5.099107
605358	-2.2872193
605365	7.485097
605366	-1.0271548
605368	6.373567
605369	-7.539861
605376	8.996133
605377	6.4488964
605378	12.291811
605388	3.5973144
605389	7.6129804
605398	-5.094207
605399	-6.095913
605488	-0.092901595
605499	-14.860622
605500	16.386961
605507	18.04081
605555	4.44734
605566	17.50626
605567	11.640982
605577	5.0310693
605580	-7.6313925
605588	6.2386923
605589	12.45828
605598	5.7443237
605599	5.5258503
688001	7.486053
688002	5.3798766
688003	5.262943
688004	-1.8099444
688005	-3.815944
688006	7.1419077
688007	5.5085015
688008	-7.5255613
688009	4.2601647
688010	3.9230187
688011	6.4142795
688012	3.901579
688013	16.865896
688015	-2.9742436
688016	4.973947
688017	-82.94668
688018	5.3468957
688019	4.2143764
688020	-14.63267
688021	0.9182318
688022	5.3021483
688023	-0.87396115
688025	4.05483
688026	8.930215
688027	9.229498
688028	1.1348797
688029	0.7417215
688030	4.883975
688031	4.7540617
688032	-13.411044
688033	3.9274387
688035	6.4656343
688036	19.078518
688037	-9.277619
688038	-6.0100346
688039	3.01306
688041	-14.637164
688045	5.492466
688046	17.984316
688047	-14.860989
688048	4.973947
688049	-19.040144
688050	-13.414515
688051	5.123848
688052	-15.4796505
688053	14.58262
688055	20.960546
688056	-8.153048
688057	6.5620346
688058	5.005465
688059	2.9654217
688060	3.8867261
688061	-68.70745
688062	5.6664863
688063	4.8226304
688065	8.4311075
688066	-6.101083
688067	14.826545
688068	-5.0974293
688069	10.273579
688070	5.451403
688071	4.8905787
688072	-13.414515
688073	7.836349
688075	1.6161145
688076	-6.6384706
688077	45.962452
688078	8.443591
688079	18.009844
688080	4.5895367
688081	5.5339837
688082	-7.9391613
688083	-13.415366
688084	1.6600873
688085	31.881147
688087	4.9472795
688088	6.556619
688089	-13.786694
688090	-15.562505
688091	-13.414515
688092	4.399455
688093	2.053212
688095	-6.840261
688096	21.707214
688097	28.31841
688098	17.554039
688099	4.4994836
688100	-5.094636
688101	-13.786709
688102	5.3021636
688103	5.3021684
688105	-3.8832693
688106	3.6578896
688107	0.79544646
688108	8.694192
688109	-55.46827
688110	-5.8436384
688111	-2.3964503
688112	6.112178
688113	7.4476657
688114	-95.6544
688115	8.891827
688116	18.735275
688117	-18.345467
688118	6.7831206
688119	2.5774167
688120	-14.86098
688121	11.382557
688122	3.5669215
688123	6.2525363
688125	7.490951
688126	11.413998
688127	-1.2225825
688128	-5.2699943
688129	3.3707926
688130	12.240688
688131	5.054241
688132	6.880953
688133	-9.088934
688135	3.7857764
688136	18.092272
688137	-31.707815
688138	0.08112647
688139	-2.9865448
688141	-13.628575
688143	-14.961159
688146	12.809221
688147	8.536671
688148	3.923837
688150	1.007464
688151	11.434948
688152	6.7894883
688153	7.5851254
688155	4.035328
688156	6.537113
688157	18.237705
688158	17.779716
688159	5.3021636
688160	4.7465568
688161	0.88592184
688162	-5.2570324
688163	8.928364
688165	12.091412
688166	-3.3245127
688167	4.973947
688168	-13.375374
688169	-10.582202
688170	23.810686
688171	5.3497143
688172	5.481391
688173	0.90968937
688175	-6.3769417
688176	-3.793714
688177	-5.8416305
688178	0.64537114
688179	4.7092385
688180	5.6662436
688181	-12.276882
688182	8.097835
688183	2.223298
688184	7.452111
688185	4.674112
688186	1.0924777
688187	-15.88055
688188	-6.645699
688189	-13.786338
688190	3.310479
688191	-1.6988636
688192	-6.3289666
688193	-3.3845289
688195	-8.523512
688196	-2.766981
688197	-4.424534
688198	0.96830946
688199	1.1479205
688200	4.8705263
688201	5.666332
688202	4.973947
688203	33.706635
688205	-17.381516
688206	5.3696384
688207	3.853323
688208	6.690629
688209	4.2653546
688210	0.3798819
688211	5.7473893
688212	8.395143
688213	5.494947
688215	1.080824
688216	26.639042
688217	-6.786262
688218	5.6441326
688219	8.2532425
688220	0.93353885
688221	13.874664
688222	1.1334515
688223	-3.7957335
688225	12.954983
688226	7.491743
688227	-5.1676254
688228	2.9061139
688229	-13.784414
688230	6.3921413
688231	21.988522
688232	12.377948
688233	4.3973517
688234	4.279855
688235	-16.403847
688236	27.075922
688237	5.391813
688238	17.787657
688239	6.9088635
688244	4.055574
688246	5.0497856
688247	-4.767009
688248	8.321128
688249	6.3388205
688251	-1.3502986
688252	11.9752035
688253	-13.414515
688255	4.709265
688256	-13.971474
688257	6.555505
688258	-13.414515
688259	-15.88055
688260	12.268354
688261	4.973947
688262	-3.697626
688265	-23.063465
688266	-12.903264
688267	9.047454
688268	4.9739556
688269	-5.3294816
688270	6.2422385
688271	3.5384018
688272	3.858684
688273	44.696686
688275	4.7199516
688276	5.302147
688277	-8.856234
688278	1.4387662
688279	-14.507657
688280	6.8152986
688281	4.0562105
688282	-3.4774594
688283	-4.177546
688285	16.297102
688286	4.973947
688287	7.4510217
688288	4.9054394
688289	-13.785168
688290	11.562478
688291	7.6129208
688292	4.3401194
688293	3.2483752
688295	12.824148
688296	1.1479195
688297	47.116478
688298	-13.414515
688299	3.6743073
688300	4.9739494
688301	5.0773983
688302	29.023415
688303	21.715246
688305	5.6706085
688306	17.827957
688307	1.0399177
688308	2.6849554
688309	26.838995
688310	4.7997026
688311	-13.777357
688312	8.89226
688313	9.94155
688314	-18.345245
688315	-4.8400965
688316	7.5737867
688317	12.378227
688318	-13.414515
688319	7.935519
688320	23.876856
688321	33.98158
688322	2.645452
688323	11.975206
688325	-16.956425
688326	1.9046288
688327	-4.3817663
688328	-12.211575
688329	6.7418685
688330	7.405406
688331	-0.34120014
688332	-4.009496
688333	3.109941
688334	6.8460884
688335	1.1479195
688336	7.0179844
688337	8.1660795
688338	-4.448098
688339	-13.863556
688343	5.302136
688345	-5.625241
688347	5.482766
688348	-0.10578107
688349	0.22818251
688350	6.1987348
688351	5.7624893
688352	8.162238
688353	1.0027642
688355	5.3264656
688356	1.2029763
688357	2.4175274
688358	9.771485
688359	17.875944
688360	6.3430643
688361	-7.529895
688362	8.500541
688363	4.973958
688365	31.924198
688366	11.656364
688367	14.485492
688368	5.312831
688369	1.0208708
688370	5.528538
688371	28.619616
688372	-12.913301
688373	-13.876039
688375	4.5016
688376	13.124653
688377	5.3019137
688378	6.269121
688379	-2.7244942
688380	20.764755
688381	8.441181
688382	31.882328
688383	2.7177093
688385	5.302147
688386	6.4239583
688387	11.975206
688388	7.6109858
688389	5.320174
688390	4.973947
688391	5.996454
688392	4.0043063
688393	6.644356
688395	5.3244767
688396	4.259733
688398	-15.699909
688399	-14.860989
688400	-3.2659369
688401	5.302155
688403	-3.7918139
688408	5.2678328
688409	5.644669
688410	5.20733
688416	5.3021693
688418	-2.0588722
688419	5.4877744
688420	1.1479264
688425	9.993831
688426	11.975206
688428	20.964722
688429	5.360003
688432	9.941402
688433	5.4384146
688435	8.237012
688439	-8.699159
688443	17.188826
688448	5.547726
688450	-3.7960246
688455	8.900092
688456	18.794296
688458	5.302098
688459	-13.320492
688466	6.487028
688468	-14.369384
688469	-6.2971864
688472	11.975206
688475	3.2988858
688478	5.302155
688479	5.4319005
688480	14.081539
688484	5.3021483
688485	7.153222
688486	1.3507918
688488	-46.291733
688489	1.6616429
688496	1.9230279
688498	4.813464
688499	7.292225
688500	-13.433445
688501	-5.641494
688502	6.251748
688503	-13.015816
688505	9.073745
688506	-12.335856
688507	-14.690556
688508	4.016739
688509	13.935945
688510	14.73271
688511	7.592688
688512	1.0307971
688513	-15.88055
688515	6.0089946
688516	-0.7275165
688517	0.6482194
688518	-95.60899
688519	33.74643
688520	-74.41082
688521	5.738862
688522	2.5101843
688523	11.567401
688525	4.971784
688526	5.769197
688528	-5.269166
688529	-0.04958294
688531	5.754591
688533	8.22937
688535	4.791705
688536	4.973934
688538	12.0882015
688539	4.751802
688543	-5.3937254
688548	3.9238193
688549	-6.226076
688550	-27.247742
688551	5.6121516
688552	6.183047
688553	1.0235994
688556	5.643075
688557	-2.4477196
688558	-3.7950904
688559	6.5573664
688560	12.5355625
688561	5.4080462
688562	5.963062
688563	4.162945
688565	0.78949547
688566	-36.818455
688567	17.134115
688568	4.808191
688569	-10.181536
688570	8.56221
688571	1.1479195
688573	1.0180161
688575	29.84082
688576	-25.858063
688577	2.0481226
688578	3.9758453
688579	-5.835987
688580	-49.373802
688581	6.436433
688582	-15.88055
688584	6.557067
688585	30.378544
688586	17.050995
688588	-3.7960846
688589	5.395115
688590	5.741589
688591	1.1261636
688592	5.0079026
688593	0.97444624
688595	4.0542173
688596	2.8896244
688597	27.589195
688598	-1.0786722
688599	-13.352468
688600	-13.786711
688601	4.973947
688602	-13.765056
688603	-18.29203
688606	-8.248812
688607	8.562206
688608	11.715474
688609	30.820002
688610	7.47735
688611	1.2693682
688612	3.874899
688613	-0.5677365
688616	-38.219555
688617	-16.538523
688618	7.836758
688619	-3.2290146
688620	8.473975
688621	4.9739494
688622	11.007385
688623	4.974204
688625	-7.482236
688626	6.55768
688627	5.982114
688628	-5.329402
688629	9.589971
688630	5.9156017
688631	-24.901695
688633	5.147211
688636	-15.479633
688638	2.6961837
688639	4.973947
688646	14.69613
688648	6.0392513
688651	6.410693
688652	-7.8464317
688653	8.56221
688655	6.030467
688656	7.4517903
688657	5.545954
688658	18.445095
688659	-3.7946749
688660	19.67733
688661	4.424683
688662	11.958059
688663	17.329634
688665	5.5658555
688667	4.07101
688668	-11.750543
688669	7.4975224
688670	6.678074
688671	12.537065
688676	5.047869
688677	4.794267
688678	9.47347
688679	-3.771991
688680	5.337534
688681	-3.778747
688682	-14.860989
688683	3.8881934
688685	4.96289
688686	4.974003
688687	7.1392245
688689	0.7977479
688690	4.397681
688691	4.9631367
688693	4.327849
688695	-3.8532708
688696	4.973947
688697	3.8931677
688698	-2.579403
688699	3.3029382
688700	-25.857012
688701	-3.793513
688702	-15.165704
688707	34.24769
688709	5.7721343
688711	5.302175
688716	-3.7945313
688717	-13.414108
688718	1.0407673
688719	2.675882
688720	4.701702
688722	20.97754
688728	-23.063818
688733	0.90757525
688737	1.1094806
688739	3.0788257
688766	-14.080182
688767	9.426943
688768	3.8570547
688772	14.212383
688776	4.0396204
688777	-13.829708
688778	4.056216
688779	32.590424
688786	7.4536786
688787	4.056338
688788	6.5484705
688789	-0.50852084
688793	-8.81261
688798	5.566315
688799	-7.560629
688800	5.302175
688819	7.6127005
688981	10.429487
689009	-16.521824
