1	-14.002453
2	-14.860989
4	-13.967052
6	-13.414515
7	4.973947
8	-15.473239
9	4.0978374
10	10.297188
11	-13.414516
12	-13.414108
14	-7.8115053
16	-13.966602
17	12.607736
19	7.2291794
20	5.546556
21	-1.0378602
25	-14.860989
26	-13.414422
27	4.9425454
28	4.973934
29	1.4337595
30	10.951019
31	-13.414515
32	6.465251
34	-15.191737
35	-13.309674
36	3.1889753
37	-0.6239251
39	8.685737
40	17.780098
42	-6.108301
45	-8.861582
48	5.9670153
49	5.7344403
50	-5.193838
55	-14.861053
56	11.836691
58	24.332241
59	18.445072
60	-8.226321
61	-14.860995
62	11.734472
63	1.7764858
65	3.3103962
66	-0.92221636
68	11.975206
69	-5.094636
70	3.0710409
78	-13.414515
88	9.75163
89	3.9777124
90	-7.650689
96	-13.784412
99	-13.414533
100	27.754787
151	2.4984434
153	-14.860989
155	6.1936865
156	20.964722
157	3.0696995
158	5.151333
159	18.445072
166	20.965206
301	28.651295
333	-2.1570878
338	-6.354034
400	4.0555854
401	11.975206
402	-5.09516
403	-7.1256685
404	-13.786541
407	2.0682023
408	-2.0895154
409	17.832573
410	24.332241
411	5.4534354
415	-14.860989
417	-13.414516
419	-14.860989
420	17.464867
421	-13.414518
422	-2.9938724
423	-10.679405
425	-13.433784
426	-0.9016372
428	-14.267632
429	-13.081829
430	7.4324207
488	-14.860989
498	6.4714746
501	-8.2525425
503	-13.414515
504	-13.784423
505	15.092415
506	12.370724
507	7.229588
509	-13.015401
510	-13.784366
513	-16.98604
514	-13.786499
516	4.7704706
517	-9.0078535
518	11.975206
519	-0.9691616
520	-3.4134898
521	-13.414533
523	37.19887
524	-13.414515
525	-15.88055
526	-13.967009
528	1.6320508
529	5.3191876
530	-14.860989
531	-0.69716334
532	-12.486901
533	25.24158
534	-7.14158
536	17.50626
537	2.6977773
538	-16.98604
539	2.6935332
541	0.69206053
543	-7.523825
544	16.141817
545	21.763184
546	11.314246
547	-13.414158
548	8.928743
550	-13.414534
551	-16.970568
552	1.3420902
553	28.651295
554	8.957814
555	2.2532454
557	-13.785052
558	-13.015427
559	-14.860989
560	-13.785793
561	-13.786696
563	-13.265692
564	6.338948
565	7.211347
566	-13.015424
567	-13.997835
568	-10.60273
570	24.316906
571	47.175808
572	-13.786585
573	11.975206
576	-4.9644794
581	3.7340496
582	-15.88055
584	11.975146
586	-13.786213
589	8.816387
590	-13.786687
591	-5.2455354
592	11.975206
593	8.876472
595	11.975206
596	-6.100445
597	-13.015538
598	9.67695
599	21.70708
600	6.2993636
601	-6.9819283
603	-11.103445
605	18.445072
607	-18.335283
608	11.975206
609	14.439182
610	4.0472445
612	-1.0328786
615	5.3021693
617	-15.88055
619	-14.416793
620	-14.298398
622	22.095224
623	-14.861415
625	-3.3412526
626	-13.413875
627	-14.860989
628	0.718608
629	29.487368
630	1.7559816
631	-14.860673
632	17.468603
633	-2.17133
635	-13.786703
636	-15.170101
637	-14.860989
638	-13.784369
639	-0.4537913
650	11.517357
651	-13.405308
652	-14.860989
655	-5.086988
656	15.372551
657	5.506939
659	6.418233
661	4.1057014
663	11.975206
665	21.020039
668	-13.786665
669	11.975206
670	-13.414515
672	-16.405611
676	-14.637755
677	-7.6242847
678	11.975206
679	12.377916
680	2.814066
681	-7.817225
682	-10.938069
683	-77.30209
685	-14.860673
686	-5.9618483
688	-19.173721
690	-16.094376
691	-13.786473
692	-14.860989
695	-10.26874
697	21.707214
698	10.749315
700	-15.4796505
701	11.880694
702	-13.784422
703	-11.298231
705	-13.414337
707	30.4494
708	6.5305862
709	27.296965
710	-13.015401
711	17.785551
712	-13.414533
713	-13.414515
715	-3.7781465
716	-0.34923634
717	12.091027
718	-4.529244
719	4.0929193
720	25.705563
721	6.8345103
722	5.314005
723	7.8977866
725	18.622862
726	-5.23857
727	4.397012
728	12.376942
729	-15.493103
731	-12.067165
733	-13.413342
735	8.926805
736	-2.0756984
737	6.2894173
738	-13.414515
739	-16.51176
750	-12.433917
751	6.9975233
752	-5.4983296
753	-2.7420917
755	24.332241
756	-13.414107
757	-13.786541
758	4.236995
759	32.2908
761	11.975206
762	-13.493788
766	-5.071666
767	-13.786058
768	-13.414515
776	-15.521444
777	-11.235326
778	-14.861012
779	-2.9045734
782	6.46053
783	4.661415
785	18.445072
786	-10.804371
788	17.892387
789	8.930749
790	-14.860989
791	7.4917083
792	2.7047634
793	11.975206
795	7.2112446
796	7.719181
797	12.231352
798	1.1699377
799	-13.4145155
800	24.332241
801	-5.094636
802	12.101771
803	10.879325
807	-1.5577093
809	11.975206
810	-15.8805685
811	-3.267619
812	4.5625763
813	27.522924
815	-11.584938
816	-13.39844
818	1.3100139
819	18.606972
820	12.378227
821	7.038106
822	-4.253062
823	30.620499
825	27.292622
826	-13.786574
828	-13.414764
829	-13.968058
830	4.528001
831	5.566317
833	20.965202
837	-13.786651
838	3.5623715
839	2.736385
848	-14.860989
850	7.3303733
851	12.376664
852	8.837862
856	-13.7866745
858	-12.562215
859	-13.7866745
860	-19.174528
862	1.8617607
863	-0.3038135
868	-13.668557
869	-13.414107
875	-5.967112
876	-13.414515
877	5.21127
878	-2.0200877
880	-13.414107
881	-15.463363
882	11.933079
883	5.1328053
885	19.563467
886	8.930571
887	-2.814469
888	-15.48363
889	21.655884
890	12.378227
892	11.975206
893	-15.88055
895	0.3390102
897	-3.5103705
898	1.3926115
899	2.882836
900	-15.88055
901	-13.414107
902	-15.087792
903	1.7613598
905	1.4014119
906	5.493028
908	20.964718
909	12.375825
910	14.163654
911	42.663082
912	11.947476
913	-7.8097453
915	-2.5173097
917	-19.18098
919	7.1644735
920	-3.5121968
921	-0.55414003
922	-6.183349
923	5.441436
925	31.271133
926	32.482124
927	17.840723
928	8.929667
929	-13.786642
930	8.939286
931	16.281727
932	4.4865713
933	-6.312666
935	7.2725153
936	-4.9202814
937	0.9152269
938	0.9152175
948	-17.663149
949	8.907935
950	5.999599
951	-13.415168
952	-15.476399
953	12.378227
955	20.964722
957	-13.414533
958	9.207052
959	24.332241
960	-7.5275745
962	-13.375422
963	-16.52983
965	12.015313
966	0.08332564
967	-13.786722
968	15.386627
969	-14.860989
970	-17.306793
972	12.378223
973	-8.860625
975	-10.771108
977	1.7610612
978	4.6736045
980	12.149294
981	32.698555
983	1.9573531
985	24.332241
987	-14.860673
988	-1.3269886
989	-14.860973
990	7.6128473
993	5.543233
995	-13.785621
997	-7.542421
998	-7.807737
999	-12.256161
1201	-1.908674
1202	14.505134
1203	17.322397
1205	7.5106416
1206	-1.4670485
1207	7.009838
1208	12.378066
1209	28.26484
1210	1.0434265
1211	-13.784424
1212	-13.785838
1213	33.2675
1215	-0.01957564
1216	-2.0647955
1217	13.36845
1218	7.711555
1219	2.3256836
1222	6.556746
1223	-5.095024
1225	-13.780672
1226	6.5498934
1227	12.172222
1228	0.8351615
1229	-4.942892
1230	12.37795
1231	-13.784412
1234	18.445072
1236	21.011427
1238	12.211119
1239	-6.6912923
1255	3.9207969
1256	14.478993
1258	-5.2605605
1259	-1.0846395
1260	7.5428443
1266	-13.786217
1267	17.487635
1268	11.975206
1269	-13.414632
1270	-5.094636
1278	11.918963
1282	6.595935
1283	5.313925
1286	29.82863
1287	20.964722
1288	6.0645227
1289	43.31248
1296	-13.784418
1298	-15.88055
1299	8.918785
1300	-21.00024
1301	-0.54301983
1306	-13.412946
1308	1.9350245
1309	-10.92394
1311	5.23525
1313	0.78247136
1314	-15.880552
1316	-13.015642
1317	-14.004837
1318	20.96205
1319	24.33207
1322	15.155286
1323	5.651592
1324	9.73336
1326	3.1797822
1328	7.57563
1330	53.5273
1331	11.975206
1332	-14.860892
1333	-0.793054
1336	16.24944
1337	47.269657
1338	10.540837
1339	-13.015531
1358	-13.007128
1359	29.440516
1360	8.82879
1366	5.2452846
1367	-8.866684
1368	16.869719
1373	-13.7563
1376	-5.6826515
1378	3.1288
1379	-13.835733
1380	-0.26709214
1387	18.508171
1389	-7.5607414
1696	-14.860673
1872	-7.474001
1896	-11.592205
1914	6.324032
1965	29.170368
1979	27.594494
2001	-13.414598
2003	-13.614144
2004	19.086714
2005	-13.785316
2006	9.239279
2007	-15.4999895
2008	2.5447803
2009	-13.015424
2010	-17.305912
2011	2.1728833
2012	20.964722
2014	-7.4908013
2015	1.5758694
2016	1.4278697
2017	-13.435296
2019	-7.8114424
2020	-15.068566
2021	8.56221
2022	-15.88055
2023	-2.5325582
2024	-12.180841
2025	-13.414513
2026	7.2470345
2027	-0.017352995
2028	-9.632111
2029	-14.860989
2030	-15.585017
2031	-5.0942073
2032	-12.824985
2033	0.36727262
2034	-13.414515
2035	-13.742209
2036	-13.41526
2037	-8.377068
2038	-16.45849
2039	-0.8568654
2040	24.630133
2041	-12.229242
2042	4.119706
2043	-8.018361
2044	-5.1335425
2045	1.6487721
2046	-13.414515
2047	11.975206
2048	0.4082933
2049	6.918509
2050	-6.322671
2051	-13.414516
2052	18.445095
2053	9.557115
2054	20.341547
2055	1.752307
2056	-15.88055
2057	-38.15095
2058	24.332232
2059	11.975206
2060	-13.78672
2061	-13.784412
2062	-14.860989
2063	-7.0469813
2064	-13.692329
2065	-14.03494
2066	0.6658693
2067	12.378227
2068	4.551485
2069	17.661015
2072	12.3775835
2073	-2.2713187
2074	-7.8070555
2075	-8.860344
2076	11.975206
2077	11.882377
2078	6.363244
2079	-5.01825
2080	4.973948
2081	-14.860989
2082	-13.893344
2083	4.0866427
2084	11.975872
2085	-8.03529
2086	20.965206
2088	2.6935313
2090	-14.207565
2091	5.5191026
2092	-49.88064
2093	-13.964289
2094	-15.143529
2095	1.8632478
2096	-5.094646
2097	6.280493
2098	5.0297084
2099	-14.860673
2100	8.290977
2101	-15.485377
2102	-13.538549
2103	-13.802537
2104	-15.88055
2105	16.305717
2106	1.762077
2107	-13.015422
2108	-18.338371
2109	4.2812824
2110	-1.1479757
2111	5.126044
2112	-13.786499
2114	12.376633
2115	3.5880282
2116	11.715455
2117	-13.112758
2119	-9.028906
2120	8.675684
2121	3.3530898
2122	12.37617
2123	-7.84463
2124	-13.409737
2125	5.566329
2126	-30.222761
2127	10.066925
2128	1.0912529
2129	-13.414455
2130	-21.090807
2131	-13.414516
2132	9.038978
2133	12.572327
2134	12.143303
2135	8.930924
2136	0.8346874
2137	-5.182125
2138	-7.5750437
2139	2.4583654
2140	3.314054
2141	11.975206
2142	0.61344063
2144	18.353874
2145	11.414377
2146	1.8254446
2148	-13.014934
2149	0.40065008
2150	-13.96806
2151	-14.860989
2152	-8.941438
2153	-7.938497
2154	-70.27931
2155	-2.3510022
2156	4.6982617
2157	-4.3481255
2158	-13.414516
2159	24.332241
2160	17.964102
2161	6.781802
2162	28.264729
2163	-13.786258
2164	-15.480063
2165	2.4794154
2166	-14.860989
2167	5.5662904
2168	-13.414608
2169	-13.414515
2170	-0.40521213
2171	5.8778725
2172	9.07374
2173	17.653439
2174	-13.403228
2175	-12.912625
2176	8.574189
2177	-13.786932
2178	-13.784416
2179	-14.860989
2180	0.8526306
2181	12.066453
2182	3.3113337
2183	-14.860673
2184	9.788232
2185	-20.93799
2186	20.227146
2187	7.2054944
2188	14.354364
2189	9.144043
2190	-13.414515
2191	7.229491
2192	-13.414515
2193	10.57654
2194	-13.78518
2195	6.458118
2196	-13.786431
2197	6.638142
2198	-15.880084
2199	-2.0841029
2200	7.4409657
2201	-7.943439
2202	-13.414515
2203	-14.382819
2204	42.902554
2205	-13.784419
2206	5.550772
2207	12.378227
2208	-9.931635
2209	-13.786574
2210	8.930924
2211	4.527543
2212	-2.7537646
2213	39.675556
2214	-5.1025095
2215	8.723906
2216	-7.0424685
2217	22.384169
2218	12.303873
2219	-10.764823
2221	-12.424092
2222	-13.415345
2223	5.9121523
2224	6.828857
2225	-3.7948067
2226	11.715474
2227	1.9669423
2228	-1.9106195
2229	-5.8946033
2230	4.657331
2231	-13.0154085
2232	-13.414608
2233	8.185566
2234	16.216743
2235	41.22396
2236	-3.4747055
2237	-2.0982368
2238	-3.5081346
2239	17.441051
2240	-5.468331
2241	-8.011314
2242	-13.385769
2243	11.975206
2244	-13.418297
2245	-13.414516
2246	-13.575121
2247	9.67513
2248	-13.785838
2249	-5.094636
2250	8.930571
2251	18.701675
2252	-5.1332984
2253	-8.001986
2254	6.4581
2255	3.3941436
2256	-15.143529
2258	-7.8068957
2259	11.975206
2261	-1.4611588
2262	-13.414349
2263	12.165593
2264	6.558331
2265	20.421352
2266	-14.860989
2267	-3.5150225
2268	4.0437336
2269	12.358675
2270	-5.812422
2271	4.9721804
2272	9.135813
2273	0.4318389
2274	14.306429
2275	-13.350316
2276	7.6157618
2277	1.648002
2278	13.220452
2279	-4.0924897
2281	1.74401
2282	21.4776
2283	42.902554
2284	-13.414515
2285	-13.015401
2286	-3.5103812
2287	-10.673087
2289	17.972776
2290	18.646297
2291	9.081765
2292	-7.467454
2293	-2.053535
2294	-14.860673
2295	12.091027
2296	-70.29182
2297	11.975206
2298	20.710558
2299	-5.863719
2300	-7.965322
2301	-15.62432
2302	-13.785328
2303	-13.786687
2304	-14.860673
2305	12.361554
2306	17.611263
2307	-13.0154295
2308	-6.1794276
2309	17.487635
2310	-3.2118635
2311	1.1948743
2312	6.3722696
2313	15.787159
2314	12.089203
2315	-9.713959
2316	-1.2027284
2317	-14.860989
2318	5.5766563
2319	24.332241
2320	-13.414513
2321	9.426455
2322	-4.1163588
2323	-4.07415
2324	3.3128498
2326	-13.414515
2327	4.973947
2328	-24.918203
2329	11.902616
2330	18.445072
2331	-13.414515
2332	-16.538567
2333	3.6014779
2334	-7.334842
2335	4.1780143
2336	19.477135
2337	12.378216
2338	-50.2197
2339	-13.7863035
2340	-6.2618203
2342	11.975206
2343	12.378227
2344	6.4598727
2345	-7.5237617
2346	28.261826
2347	-13.786541
2348	26.28326
2349	-14.860989
2350	13.186525
2351	-1.5615994
2352	6.458118
2353	-7.1582346
2354	21.707113
2355	11.975206
2356	41.175934
2357	-13.786281
2358	0.33201215
2360	-1.6880296
2361	-13.784656
2362	5.515792
2363	14.770986
2364	-7.8459516
2365	8.92893
2366	21.666504
2367	11.702399
2368	8.678615
2369	17.50626
2370	-14.358793
2371	0.35706308
2372	2.4410107
2373	-8.258495
2374	-4.448098
2375	9.073762
2376	-11.655325
2377	17.095873
2378	4.275973
2379	-0.7450594
2380	4.572171
2381	-2.478526
2382	-13.018322
2383	-13.786617
2384	-8.101296
2385	-14.860989
2386	18.445072
2387	11.9752035
2388	-15.143529
2389	-13.413456
2390	-14.860989
2391	-3.5103822
2392	11.414186
2393	-1.4570863
2394	-17.322153
2395	-13.762958
2396	-18.316229
2397	19.683823
2398	11.412472
2399	-14.860673
2400	-14.860673
2401	-7.040738
2402	-1.1789732
2403	12.376174
2404	9.069866
2405	-13.015503
2406	12.378228
2407	7.837918
2408	-2.9293628
2409	0.122956425
2410	-13.414515
2412	-14.860674
2413	18.445072
2414	-13.414516
2415	3.3634531
2416	-13.42999
2418	12.378227
2419	18.445072
2420	4.4984736
2421	-13.961266
2422	-15.4796505
2423	29.396717
2424	-15.4796505
2425	-15.461127
2426	9.116583
2427	18.445072
2428	0.31862015
2429	-13.414515
2430	4.0399675
2431	-13.786687
2432	-13.429369
2434	-14.860989
2436	-15.141242
2437	-4.4701176
2438	-11.001229
2439	6.5768456
2440	-13.414619
2441	2.2843332
2442	10.811479
2443	11.399128
2444	1.6808859
2445	6.3497953
2446	-13.786541
2448	-13.015422
2449	-13.784412
2451	-15.464133
2452	4.5631676
2453	5.302175
2454	18.080114
2455	3.3110096
2456	-13.414517
2457	-13.901241
2458	-14.564368
2459	-13.78667
2460	3.945524
2461	12.377672
2462	24.332304
2463	-1.9857434
2465	-2.8261487
2466	6.502405
2467	-15.88055
2468	24.33207
2469	-7.93352
2470	39.227234
2471	-15.47093
2472	7.0512137
2474	1.3954979
2475	-0.9328553
2476	1.3665094
2478	5.528831
2479	17.89232
2480	27.595984
2481	-14.860989
2482	-3.4112945
2483	-6.385581
2484	5.3188667
2485	11.634357
2486	9.192916
2487	6.2419977
2488	-13.414518
2489	-11.0010395
2490	11.975206
2491	-13.798485
2492	42.85617
2493	5.5245905
2494	9.675131
2495	-13.786431
2496	-13.0154505
2497	-0.5587504
2498	11.406439
2500	12.070291
2501	11.975206
2506	21.707214
2507	-13.41431
2508	6.86037
2510	29.338596
2511	-14.860989
2512	-13.998383
2513	21.709759
2514	-3.5087461
2515	-13.967975
2516	-12.25617
2517	-13.414515
2518	3.7630925
2519	-5.0946355
2520	-13.414515
2521	-10.087734
2522	10.584926
2523	18.445072
2524	-13.784418
2526	-1.2170001
2527	20.9647
2528	-13.78439
2529	2.1818266
2530	-0.19256076
2531	6.260503
2532	1.4002213
2533	5.175369
2534	8.930571
2535	-2.0849795
2536	-0.3622231
2537	-12.859931
2538	8.930793
2539	-0.3091182
2540	-4.48777
2541	7.224732
2542	-13.015471
2543	1.5088848
2544	2.6318586
2545	-6.31243
2546	14.54048
2547	20.964722
2548	31.130589
2549	-13.414515
2550	-7.483897
2551	22.60153
2552	-2.392727
2553	-12.484897
2554	9.732349
2555	-13.414515
2556	13.291387
2557	-7.4859705
2558	-13.414108
2559	2.648173
2560	11.414608
2561	-15.534858
2562	-13.72019
2563	6.450139
2564	1.1479195
2565	11.803772
2566	17.890352
2567	4.1887493
2568	-14.6623745
2569	20.357998
2570	11.975206
2571	9.674818
2572	-8.037124
2573	4.3968816
2574	12.378227
2575	12.739908
2576	11.862389
2577	-5.1514883
2578	-3.510343
2579	11.557208
2580	-13.786682
2581	3.4983175
2582	44.04842
2583	-8.547083
2584	21.522604
2585	-17.478014
2586	16.315256
2587	-13.670455
2588	0.23451391
2589	2.9244297
2590	-2.1388974
2591	-16.631275
2592	12.375714
2593	20.428663
2594	0.27620095
2595	0.79960036
2596	11.975107
2597	4.4414177
2598	11.975206
2599	37.494114
2600	2.4407158
2601	4.658611
2602	-3.4933841
2603	-13.414515
2605	2.2137885
2606	-14.82327
2607	2.5596976
2608	11.351543
2609	-14.004636
2611	-13.414515
2612	-14.860989
2613	-13.78676
2614	8.930749
2615	-13.414514
2616	31.27918
2617	-13.414521
2620	12.359022
2622	11.975206
2623	9.913922
2624	-6.777497
2625	4.813974
2626	-14.423981
2627	18.249853
2628	41.24111
2629	11.975206
2630	-14.5282345
2631	9.98077
2632	1.9293383
2633	11.714085
2634	8.517353
2635	-6.632266
2636	16.193785
2637	-13.970313
2638	11.975206
2639	24.332241
2640	18.330011
2641	-12.906112
2642	-14.358793
2643	4.7879477
2644	-13.414515
2645	-8.446729
2646	7.0712733
2647	18.694098
2648	1.9581432
2649	-15.347722
2650	-13.3024645
2651	11.975206
2652	-15.065616
2653	0.95851296
2654	-3.5738165
2655	-13.414107
2656	9.073754
2657	-7.511688
2658	-13.251679
2659	11.956355
2660	30.629347
2661	7.2296977
2662	30.529112
2663	8.930924
2664	-7.546943
2666	35.148857
2667	1.0526565
2668	-5.0946455
2669	11.975206
2670	-13.786338
2671	-13.784419
2672	8.927398
2673	12.482902
2674	17.406033
2675	-15.492746
2676	32.178833
2677	-3.908735
2678	12.349739
2679	-1.174723
2681	-5.0947614
2682	11.975206
2683	-10.147206
2685	11.975206
2686	17.962824
2687	13.974755
2688	27.608084
2689	28.230932
2690	-1.7970783
2691	11.970147
2692	-13.786705
2693	11.975206
2694	5.5453176
2695	8.928742
2696	-13.785078
2697	4.660658
2698	-13.41436
2700	-13.414515
2701	-15.62881
2702	4.6217465
2703	-13.786633
2705	6.442914
2706	5.7837887
2707	-17.579727
2708	-1.158666
2709	5.121383
2712	12.3794365
2713	10.201387
2714	3.4887846
2715	3.7226436
2716	1.7696569
2717	17.786833
2718	-13.784803
2719	10.456927
2721	4.8061476
2722	-13.779736
2723	6.53522
2724	42.901318
2725	-13.028453
2726	-14.860989
2727	-0.9124569
2728	-13.414534
2729	-13.785838
2730	11.840409
2731	47.240368
2732	-2.0297554
2733	-13.398217
2734	7.8780694
2735	-2.027726
2736	6.418233
2737	18.845589
2738	-15.4796505
2739	7.570468
2741	6.5017915
2742	-11.664335
2743	18.445072
2745	20.227337
2746	8.930923
2747	-4.699624
2748	2.0680978
2749	-13.61029
2750	-13.786099
2752	-1.293609
2753	-5.8126664
2755	17.50626
2756	7.010123
2757	17.723274
2758	-8.144145
2759	3.6272514
2760	-13.78672
2761	-3.1119785
2762	2.9675512
2763	42.902336
2765	11.567555
2766	12.274995
2767	19.22153
2768	-2.4391916
2769	-1.363351
2771	-15.8805685
2772	-15.034165
2773	-15.4796505
2774	11.563772
2775	12.378227
2777	-5.6569486
2778	-3.5966625
2779	-12.4682255
2780	11.975206
2782	1.0361416
2783	8.930856
2785	8.907284
2786	0.6202462
2787	-17.331553
2788	12.234414
2789	-4.5754914
2790	5.13364
2791	5.662783
2792	-13.414533
2793	2.4245021
2795	-13.759253
2796	9.075877
2797	9.675179
2798	11.995426
2799	-11.404721
2800	11.975206
2801	-56.441483
2802	12.089158
2803	-0.6209065
2805	13.682964
2806	11.975206
2807	20.313972
2808	11.975206
2809	42.88807
2810	-7.5592017
2811	-13.784414
2812	-0.9569874
2813	-13.786665
2815	5.12179
2816	0.4403038
2817	16.305717
2818	5.9861403
2819	-15.463424
2820	27.280718
2821	-14.860989
2822	18.445072
2823	-15.593808
2824	9.136082
2825	14.420919
2826	11.977868
2827	-13.415071
2828	-3.5105422
2829	-13.414107
2830	-1.213183
2831	5.2660007
2832	5.5063453
2833	-0.40630752
2835	2.408136
2836	11.975206
2837	3.8571153
2838	11.705064
2839	30.602144
2840	5.302223
2841	-13.414522
2842	-4.1388516
2843	-11.65541
2845	-6.3366427
2846	9.588822
2847	6.459363
2848	11.975206
2849	-0.9605096
2850	0.73234093
2851	-7.4797072
2852	2.4176605
2853	20.165657
2855	32.982006
2856	10.427321
2857	27.011658
2858	21.699068
2859	3.992914
2860	11.414671
2861	-13.015377
2862	28.196249
2863	35.616634
2864	8.907284
2865	-13.414515
2866	3.0107672
2867	5.3200426
2868	16.289125
2869	-1.274751
2870	-5.9419417
2871	1.9444132
2872	8.11168
2873	-4.3370967
2875	18.445072
2876	1.6503983
2877	5.771956
2878	-7.5314846
2879	27.3595
2880	11.714723
2881	-15.88055
2882	6.5581694
2883	-13.786431
2884	4.0044456
2885	2.6649384
2886	6.1872582
2887	4.3934264
2888	-14.358793
2889	-13.366119
2890	-4.4481072
2891	-6.6714725
2892	-6.9907126
2893	5.932446
2895	15.195473
2896	-13.292569
2897	-13.41461
2898	9.732171
2899	7.6160803
2900	9.678864
2901	-0.9777838
2902	11.173298
2903	-11.700942
2905	-13.7867155
2906	-1.2010036
2907	-13.784691
2908	12.622022
2909	-3.9952054
2910	12.377956
2911	5.0003705
2912	-7.8115177
2913	3.3173933
2915	1.7081666
2916	3.070605
2917	11.97183
2918	-0.63176525
2919	-6.4017134
2920	-12.957975
2921	-13.784428
2922	9.167802
2923	-5.0946765
2925	-2.2431552
2926	24.332304
2927	-3.1917787
2928	11.1796
2929	3.9416525
2930	-0.8426196
2931	-20.207182
2932	-15.88055
2933	-13.784422
2935	-13.414515
2936	10.661995
2937	4.71508
2938	1.9201481
2939	17.815117
2940	14.899386
2941	12.378227
2942	41.46117
2943	5.5312986
2945	18.445072
2946	18.445072
2947	-2.1828778
2948	41.511326
2949	21.707214
2950	8.930391
2951	17.744867
2952	-11.823404
2953	5.6223283
2955	-5.2230353
2956	-14.860989
2957	4.394364
2958	12.160684
2959	2.3762574
2960	7.4919114
2961	1.7474084
2962	-3.580646
2963	12.37795
2965	5.279637
2966	37.47639
2967	26.031002
2968	10.11564
2969	28.126165
2970	-5.249024
2971	-5.9662676
2972	-17.405008
2973	12.37795
2975	-11.67701
2976	1.2005486
2977	-13.414515
2978	6.5783057
2979	-12.218704
2980	-12.376621
2981	2.9295428
2982	-13.786541
2983	-4.138935
2984	3.651429
2985	-5.4099402
2986	-19.85035
2987	-14.172149
2988	0.20399237
2989	8.376509
2990	-13.446891
2991	2.183345
2992	-7.5587754
2993	-35.458004
2995	-5.095363
2996	3.9246776
2997	2.5611153
2998	13.912779
2999	-5.070432
3000	16.555153
3001	-11.656078
3002	-13.785686
3003	8.44
3004	-8.842196
3005	7.2910204
3006	-2.4670448
3007	2.543566
3008	-1.760591
3009	-14.860989
3010	18.507914
3011	12.586996
3012	-1.084565
3013	-13.786424
3015	-13.784457
3016	35.15544
3017	-13.784422
3018	17.093418
3019	4.613619
3020	-16.538683
3021	-4.077132
3022	-1.5743855
3023	-15.196408
3025	-13.414513
3026	-13.415071
3027	12.37795
3028	1.2643446
3029	13.220063
3030	-3.1784694
3031	1.5173675
3032	14.54264
3033	-4.4569855
3035	2.1454422
3036	11.975206
3037	10.491726
3038	5.0055833
3039	7.4610004
3040	-8.325932
3041	-5.3689156
3042	14.154999
3043	-12.714836
3816	5.5070415
300001	6.052341
300002	-13.414108
300003	-11.036509
300004	32.098526
300005	-12.468117
300006	23.869473
300007	-14.637751
300008	-13.414724
300009	-18.042145
300010	12.113568
300011	-15.8805685
300012	-7.048286
300013	11.977461
300014	-13.414083
300015	-13.414515
300016	-13.084453
300017	-7.443978
300018	-13.35479
300019	5.5715365
300020	-13.786217
300021	-14.860989
300022	-1.9350703
300024	-14.088304
300025	-10.872636
300026	-13.414107
300027	-15.88055
300029	13.220067
300030	11.641025
300031	2.21258
300032	9.144044
300033	-15.4796295
300034	4.792281
300035	5.82233
300036	-15.4796505
300037	-13.413411
300039	-13.414114
300040	-5.0950227
300041	-15.8802
300042	-13.414107
300043	-15.88055
300044	-15.4796505
300045	1.2866712
300046	6.586754
300047	-15.88055
300048	-5.094636
300049	7.277391
300050	-15.88069
300051	-7.5255613
300052	3.245506
300053	-13.414107
300054	-0.26647156
300055	-15.88055
300056	1.3281087
300057	12.354443
300058	-15.548727
300059	-16.07056
300061	-13.566031
300062	-13.414515
300063	-16.853598
300065	-6.2118874
300066	-15.88055
300067	5.3179283
300068	7.269937
300069	13.220065
300070	6.0451174
300071	-15.034165
300072	-13.414516
300073	5.1568885
300074	-15.8802
300075	1.7428694
300076	-8.858126
300077	-13.414515
300078	-13.015393
300079	-15.8805685
300080	10.043464
300081	-8.859607
300082	-13.966603
300083	-15.113846
300084	-13.786703
300085	-14.171602
300086	12.377282
300087	-13.414516
300088	1.6442485
300091	29.405548
300092	19.426353
300093	6.774945
300094	11.661652
300095	-12.886943
300096	-13.786574
300097	3.0263166
300098	-0.7904766
300099	-13.414598
300100	-12.945345
300101	11.818162
300102	-13.41428
300103	-15.239535
300105	6.4983206
300106	11.975206
300107	-6.0942774
300108	-13.786048
300109	11.715474
300110	20.964722
300111	9.135811
300112	-13.490998
300113	-15.8802
300114	4.038987
300115	-7.5587196
300117	-15.034165
300118	5.1428304
300119	-5.094636
300120	12.30831
300121	2.0590682
300122	-0.7628257
300123	-13.786499
300124	4.69166
300125	7.2121463
300126	11.943971
300127	5.641583
300128	-13.414515
300129	-13.414514
300130	-17.555439
300131	-15.8805685
300132	-5.766312
300133	4.6584888
300134	-13.426363
300135	-17.307074
300136	-0.844325
300137	4.9608626
300138	6.5179644
300139	-13.97784
300140	17.78473
300141	-8.036791
300142	-16.91169
300143	29.544294
300144	-14.860989
300145	-7.92868
300146	5.174367
300147	-13.414107
300148	9.144043
300149	-13.015432
300150	20.964722
300151	-13.414515
300152	-13.015538
300153	-13.887472
300154	-13.24439
300155	-11.664335
300157	-13.01541
300158	-13.786499
300159	-13.414518
300160	2.2137911
300161	-13.414515
300162	-13.41468
300163	11.975206
300164	8.815169
300165	11.974939
300166	-15.49231
300167	-13.786541
300168	-14.860673
300169	13.220067
300170	-14.637738
300171	11.715457
300172	-13.966851
300173	12.379894
300174	-6.3676243
300175	5.30224
300176	27.393927
300177	-13.414533
300179	-2.6663096
300180	-14.358793
300181	14.106199
300182	-11.672492
300183	-10.546128
300184	-15.88069
300185	15.666859
300187	-13.414107
300188	-7.503158
300189	-13.016167
300190	-13.414515
300191	11.073209
300192	-13.415652
300193	-13.784414
300194	3.961776
300195	-9.856189
300196	5.229919
300197	-13.414515
300198	-9.755584
300199	-0.2287034
300200	5.237517
300201	-26.379665
300203	8.933613
300204	-13.414518
300205	5.3128586
300206	-16.495014
300207	-13.414107
300208	11.975206
300209	29.402092
300210	0.025524102
300211	-6.412732
300212	-5.09552
300213	-4.552212
300214	-6.8442273
300215	-1.1008466
300217	-14.513065
300218	-13.781568
300219	-8.858121
300220	-13.021392
300221	16.369493
300222	-13.01543
300223	5.9252753
300224	5.5429435
300225	3.6580327
300226	-6.740876
300227	-4.6447206
300228	-14.287745
300229	-6.3232775
300230	-13.784412
300231	-10.09343
300232	-13.414143
300233	5.3022556
300234	16.398788
300235	-13.966602
300236	3.9738572
300237	-10.894571
300238	-13.015422
300239	10.117296
300240	11.948137
300241	9.136091
300242	-15.143529
300243	5.7340603
300244	-14.268122
300245	-1.7590531
300246	-17.568117
300247	20.964722
300248	-16.51176
300249	-16.964994
300250	1.5988408
300251	5.5679817
300252	-13.581895
300253	-1.4774464
300254	-15.622947
300255	-13.414515
300256	-5.131003
300257	3.308416
300258	-5.079474
300259	-15.110623
300260	7.3983855
300261	-13.414107
300263	-13.015416
300264	11.658352
300265	29.061443
300266	-13.786499
300267	8.894185
300268	-10.212516
300269	-5.131003
300270	1.031149
300271	-2.7843297
300272	-13.017896
300274	-4.530817
300275	-13.959066
300276	-13.387639
300277	-6.1619515
300278	-8.860614
300279	-9.754095
300280	-13.016027
300281	-13.786048
300283	-0.8683283
300284	9.820916
300285	3.820712
300286	6.252543
300287	-13.786048
300288	-14.091917
300289	11.661228
300290	-11.294067
300291	-15.4907
300292	-15.062614
300293	-13.414534
300294	-4.348819
300295	-4.5384803
300296	-13.510156
300298	-13.413979
300299	-15.88069
300300	11.975206
300301	21.707205
300302	-13.414784
300303	-13.352555
300304	-6.508464
300305	10.411903
300306	-15.88055
300307	45.39544
300308	2.841209
300310	-8.85865
300311	4.4485087
300313	10.051294
300314	-13.415614
300315	-15.072529
300316	5.186701
300317	1.1942967
300318	-15.373211
300319	2.0539007
300320	4.044607
300321	-13.414681
300322	-6.4017134
300323	13.361347
300324	-16.549667
300326	-14.727295
300327	3.3394105
300328	-13.01541
300329	11.975206
300331	-8.150068
300332	8.893507
300333	15.6253805
300334	-9.333253
300335	6.3287745
300337	-4.7140374
300338	11.82876
300339	-7.547727
300340	-9.88505
300341	-14.860989
300342	-13.415077
300343	4.8724604
300344	-9.792465
300345	-8.863873
300346	5.566252
300347	-15.4796505
300348	-13.966602
300349	1.0022508
300350	11.975206
300351	-15.1657
300352	-13.966899
300353	-13.414515
300354	-1.6809796
300355	-13.784412
300357	-13.414515
300358	-15.88055
300359	-13.966587
300360	1.9581485
300363	-14.860989
300364	-3.9457273
300365	-15.88055
300366	-13.967012
300368	13.220067
300369	-15.473133
300370	-13.786499
300371	-15.8805685
300373	5.1081514
300374	9.125491
300375	-13.026903
300376	-11.954287
300377	-13.97523
300378	-15.110929
300379	-15.8805685
300380	-13.486429
300381	-6.86016
300382	-4.5575495
300383	-8.849
300384	-0.031023957
300385	20.965202
300386	-11.942305
300387	27.664318
300388	-14.860989
300389	1.7611809
300390	-5.094636
300391	5.276255
300393	-13.414515
300394	-13.383738
300395	-13.410355
300396	-1.9459919
300397	-3.2036967
300398	-8.138247
300399	-13.729551
300400	-15.878826
300401	-30.602911
300402	-14.175611
300403	-14.7088995
300404	-13.414431
300405	-13.126387
300406	-1.539569
300407	-13.96701
300408	-14.860989
300409	-13.414108
300410	-8.858106
300411	3.3084753
300412	-15.472615
300413	-13.414515
300414	-14.596227
300415	4.649299
300416	-14.804211
300417	-3.474104
300418	1.1067683
300419	-13.414509
300420	20.965202
300421	-13.786059
300422	-3.515173
300423	9.136091
300424	-13.015401
300425	-13.414109
300426	-13.414107
300427	33.258858
300428	5.566317
300429	0.9148284
300430	3.4390252
300432	-13.414513
300433	-3.016706
300434	-13.017398
300435	6.9613075
300436	-6.4017134
300437	13.839405
300438	5.3449297
300439	-15.034149
300440	9.67385
300441	-13.414598
300442	-5.563911
300443	-13.414515
300444	-1.6244266
300445	15.12021
300446	-13.414069
300447	-13.414515
300448	-12.486984
300449	17.891054
300450	-13.983211
300451	-15.4796505
300452	-13.019484
300453	-17.306799
300454	-9.962276
300455	-7.807289
300456	-15.88055
300457	5.104024
300458	-13.414515
300459	-17.306793
300460	20.964722
300461	-10.958516
300462	20.227146
300463	-12.465873
300464	20.964722
300465	-14.358793
300466	-13.9623785
300467	-3.1332304
300468	-15.88055
300469	6.141964
300470	2.7375543
300471	-15.88055
300472	-12.9988985
300473	11.429388
300474	-7.282866
300475	-5.0096025
300476	-1.442002
300477	20.964722
300478	20.965202
300479	-13.791054
300480	-7.8328314
300481	5.5240154
300482	-13.5211315
300483	-4.4481096
300484	-8.011113
300485	-13.033453
300486	21.654495
300487	-14.861006
300488	-14.860989
300489	-7.228157
300490	12.367653
300491	-13.786573
300492	-4.5001693
300493	-12.921922
300494	-15.8805685
300496	-1.4679189
300497	7.594477
300498	4.503826
300499	-13.414327
300500	-15.74847
300501	-12.468059
300502	-2.3850002
300503	-14.053612
300504	20.964722
300505	-1.0812484
300506	15.908674
300507	-13.493788
300508	-13.493788
300509	21.020042
300510	-13.786651
300511	20.964722
300512	9.136082
300513	12.249532
300514	2.111714
300515	32.418957
300516	-12.896305
300517	18.321821
300518	20.964722
300519	-13.786217
300520	2.6485598
300521	-3.077591
300522	5.5236716
300523	5.7336984
300525	-11.1622095
300527	-13.785053
300528	11.975206
300529	2.620195
300530	-0.0683285
300531	-15.8805685
300532	-15.062914
300533	-13.966602
300534	-13.028038
300535	17.339508
300536	8.56221
300537	8.943445
300538	1.7425042
300539	20.965206
300540	8.013859
300541	18.281502
300542	-14.812431
300543	4.023874
300545	-8.003726
300546	1.9407014
300547	1.7405808
300548	-10.205993
300549	27.441397
300550	-11.622821
300551	21.25933
300552	4.5237646
300553	-3.8831768
300554	-13.490192
300555	-13.784368
300556	9.1626215
300557	-26.964087
300558	-13.414498
300559	-15.554305
300560	-8.858734
300561	-4.3183537
300562	-8.867666
300563	-13.414608
300564	13.219476
300565	5.8582845
300566	-15.062436
300567	-13.414105
300568	-8.000607
300569	-13.414515
300570	-7.4841604
300571	-13.415705
300572	-15.608155
300573	-36.81344
300575	-2.9628336
300576	-0.9329665
300577	-1.0878414
300578	1.9373076
300579	-4.19175
300580	-13.414107
300581	-13.414515
300582	11.975206
300583	-9.813129
300584	-15.88069
300585	-13.786048
300586	-10.389559
300587	9.456388
300588	-13.015515
300589	-13.414515
300590	-1.0480942
300591	17.487635
300592	20.964722
300593	-10.386027
300594	7.2114215
300595	-4.511408
300596	-7.560575
300597	19.11049
300598	-13.966602
300599	13.220067
300600	11.975206
300601	-14.468016
300602	-15.88055
300603	41.02337
300604	-13.493788
300605	9.673915
300606	2.8876364
300607	0.1823312
300608	-13.966657
300609	-15.143529
300610	29.739447
300611	12.37617
300612	19.632738
300613	-13.414515
300614	11.975206
300615	-12.132775
300616	-2.1539388
300617	6.243994
300618	4.0563445
300619	-3.8553255
300620	-7.0360584
300621	-13.015471
300622	-8.8641815
300623	-13.96702
300624	4.055276
300625	-13.388633
300626	-13.786499
300627	5.55702
300628	1.6902406
300629	-1.022857
300630	-15.8805685
300631	5.33044
300632	10.346279
300633	-5.3696485
300634	4.4389553
300635	-13.786372
300636	-7.5266404
300637	11.975206
300638	-1.0495481
300639	-6.412732
300640	-16.285652
300641	4.9631367
300642	-15.88055
300643	0.47111782
300644	-60.2874
300645	-3.5061226
300647	-13.017978
300648	4.394718
300649	12.37795
300650	2.967843
300651	8.5592985
300652	18.134974
300653	2.5392904
300654	21.4776
300655	-8.044097
300656	-13.414608
300657	3.1304035
300658	8.926839
300659	-0.024946483
300660	-6.484489
300661	0.89386517
300662	7.343116
300663	-12.304293
300664	17.89235
300665	-11.578933
300666	-7.8100595
300667	-13.416206
300668	-7.808786
300669	2.764596
300670	5.051913
300671	5.702444
300672	-1.9818854
300673	9.748098
300674	10.269835
300675	-14.57351
300676	-13.927993
300677	-2.6131587
300678	-2.594579
300679	5.2815394
300680	-13.421396
300681	-10.568128
300682	7.618709
300683	-7.8449965
300684	-7.9769783
300685	-13.947182
300686	-0.23119359
300687	-1.7579608
300688	-1.0550501
300689	-10.854685
300690	-13.414533
300691	-11.855468
300692	1.7257868
300693	-13.414107
300694	17.813776
300695	-8.860751
300696	4.0562663
300697	17.698704
300698	-5.2335763
300699	-13.413102
300700	-0.46100274
300701	-2.702812
300702	-6.1571746
300703	11.989421
300705	5.69683
300706	-1.6523714
300707	16.287619
300708	11.975206
300709	-13.414107
300710	-13.786217
300711	-3.155976
300712	-0.8063943
300713	-13.414107
300715	-2.0919435
300716	-13.785838
300717	12.181503
300718	-11.778772
300719	-5.2575235
300720	-15.147823
300721	1.491796
300722	-16.549667
300723	0.8961339
300724	4.973947
300725	-13.414515
300726	12.993135
300727	-38.09425
300729	-0.43858388
300730	15.770441
300731	12.378214
300732	-5.857084
300733	12.377916
300735	1.7430075
300736	23.77858
300737	9.979977
300738	0.05088701
300739	1.8215666
300740	-6.175758
300741	-8.892374
300743	-18.872894
300745	2.558293
300746	11.975206
300747	7.096984
300748	7.6112323
300749	11.665449
300750	0.7844578
300751	-82.8858
300752	-7.7825165
300753	6.4182286
300755	5.5249243
300756	7.1116724
300757	-13.493788
300758	5.02114
300759	-13.414594
300760	-6.336342
300761	3.3110468
300762	-10.639873
300763	-13.414515
300765	2.9792593
300766	28.265726
300767	-3.446761
300768	18.426481
300769	-8.835359
300770	0.65477866
300771	-13.01544
300772	11.975206
300773	18.248276
300774	20.964722
300775	7.316644
300776	4.5021873
300777	11.975206
300778	-13.786617
300779	-0.20329078
300780	-13.784419
300781	-34.32653
300782	7.0386376
300783	43.081326
300785	-5.3681817
300786	5.3454323
300787	0.957665
300788	-15.034165
300789	-13.969634
300790	-7.8091993
300791	-13.41411
300792	-15.88055
300793	-18.32739
300795	6.536883
300796	-0.09248849
300797	22.373535
300798	-2.8352125
300800	-14.356081
300801	-2.8723063
300802	-5.134112
300803	-13.951635
300804	-13.784364
300805	11.743281
300806	1.7429906
300807	-13.01599
300808	-5.677381
300809	-13.414107
300810	-11.000585
300811	1.651759
300812	-1.7022699
300813	-13.672254
300814	2.475322
300815	-13.41452
300816	7.6263
300817	-0.9293102
300818	-7.560639
300819	16.790993
300820	-14.860673
300821	15.018314
300822	-3.4890788
300823	11.063344
300824	-13.015427
300825	21.695168
300826	-13.786499
300827	-15.646535
300828	17.50626
300829	-28.539118
300830	18.442015
300831	7.6524215
300832	-15.517657
300833	2.2178326
300834	17.013008
300835	5.0065365
300836	-13.416431
300837	49.920486
300838	-13.362225
300839	-8.874222
300840	17.711878
300841	-13.411205
300842	4.056321
300843	5.320105
300844	-13.414533
300845	12.376107
300846	11.975206
300847	-15.034165
300848	1.2574385
300849	18.508137
300850	-13.414107
300851	12.368881
300852	-7.3629866
300853	-14.358793
300854	9.073749
300855	0.79209644
300856	-65.76812
300857	-7.5587487
300858	1.6529422
300859	-0.2986415
300860	-15.88055
300861	-13.01547
300862	3.8398354
300863	-6.18002
300864	-8.860726
300865	3.2849073
300866	8.746438
300867	-19.830896
300868	21.43612
300869	6.363986
300870	-1.0512178
300871	-3.510384
300872	3.6499805
300873	8.930215
300875	-14.66978
300876	7.448233
300877	-5.2943234
300878	-13.017763
300879	-3.449604
300880	-13.015404
300881	6.159609
300882	4.9784613
300883	12.155994
300884	20.977224
300885	-13.015642
300886	-13.786541
300887	-15.774767
300888	-13.414515
300889	8.894185
300890	-1.1586286
300891	-11.280882
300892	0.78376144
300893	-6.6957498
300894	-1.46692
300895	-13.966605
300896	-14.860989
300897	-15.239535
300898	7.819318
300899	11.936634
300900	-3.1256032
300901	11.975206
300902	7.30407
300903	4.7561626
300904	-24.760696
300905	5.012854
300906	19.476812
300907	23.182116
300908	5.395456
300909	-0.15796429
300910	2.1456418
300911	16.81301
300912	18.148506
300913	4.9080772
300915	-14.860989
300916	5.4373813
300917	-5.0952363
300918	1.0394143
300919	10.242065
300920	-2.0944624
300921	-13.414107
300922	9.6746855
300923	9.732171
300925	12.370417
300926	-6.5264964
300927	1.6905236
300928	2.7832334
300929	-13.786574
300930	-6.066189
300931	12.357252
300932	29.48097
300933	3.3066094
300935	-11.50623
300936	2.5509095
300937	24.332241
300938	-8.742939
300939	-4.6914725
300940	6.615566
300941	0.82199496
300942	6.429455
300943	12.378227
300945	11.9756
300946	4.060824
300947	-4.1164804
300948	-13.589425
300949	-13.015503
300950	17.175255
300951	1.7430075
300952	11.975206
300953	4.4966693
300955	-13.753665
300956	32.6984
300957	6.629658
300958	20.965206
300959	9.859277
300960	11.425645
300961	11.9922285
300962	30.278322
300963	13.22414
300964	-13.409747
300965	7.8507643
300966	18.00619
300967	9.073754
300968	9.144044
300969	-13.414515
300970	-15.143529
300971	18.229464
300972	-15.143529
300973	7.163556
300975	-4.099345
300976	-13.414534
300977	5.506553
300978	-1.0708836
300979	10.468614
300980	-2.045737
300981	-4.630486
300982	-5.240438
300983	-13.414515
300984	-32.611618
300985	-13.786541
300986	20.964722
300987	17.50626
300988	-1.138028
300989	-13.414107
300990	-13.414109
300991	-1.6886637
300992	11.965031
300993	5.867341
300994	7.4937563
300995	-5.6409116
300996	-15.478832
300997	-2.1207306
300998	6.6698875
300999	-34.053482
301000	-13.414598
301001	10.361595
301002	12.378177
301003	5.117947
301004	-11.873554
301005	-11.372603
301006	19.795082
301007	-13.786202
301008	-7.5418253
301009	12.377914
301010	-11.6554575
301011	5.4084797
301012	5.024956
301013	-3.151669
301015	-6.775517
301016	-13.784416
301017	11.975206
301018	12.377914
301019	4.3943133
301020	15.779362
301021	12.377914
301022	-3.5103827
301023	-13.414515
301024	-13.415071
301025	28.422243
301026	-5.5523825
301027	9.981038
301028	17.964357
301029	4.3904166
301030	-13.786338
301031	3.9945757
301032	12.37795
301033	-13.441758
301035	-4.8559165
301036	-13.016027
301037	-6.7549586
301038	6.7451696
301039	24.332241
301040	-13.786059
301041	6.1648445
301042	-8.763752
301043	-13.786574
301045	10.87058
301046	-4.9383984
301047	5.6974897
301048	29.997652
301049	9.573645
301050	-7.754524
301051	-5.112271
301052	-23.229153
301053	8.56221
301055	7.329664
301056	-5.915936
301057	-16.440992
301058	5.0943623
301059	-0.37564635
301060	-14.358793
301061	-13.4141655
301062	5.4050264
301063	-13.784364
301065	-13.784416
301066	-9.651484
301067	1.743483
301068	7.4226594
301069	6.568662
301070	-6.8502154
301071	4.1401367
301072	-3.7945688
301073	6.458118
301075	11.975206
301076	2.55287
301077	-6.467731
301078	12.252743
301079	9.073738
301080	-13.96652
301081	12.697916
301082	-0.029241826
301083	-84.5649
301085	1.4075674
301086	-13.414608
301087	-15.88055
301088	8.928051
301089	-15.055459
301090	-35.974995
301091	-14.860969
301092	-12.033696
301093	24.332241
301095	5.6944246
301096	4.9631367
301097	-12.341651
301098	-13.78666
301099	-13.414107
301100	21.551691
301101	-13.414107
301102	12.37556
301103	-10.104998
301105	-13.786541
301106	-3.9610324
301107	-0.021032456
301108	6.4235563
301109	-8.429076
301110	-11.04858
301111	20.965206
301112	-13.0160265
301113	18.445072
301115	19.488684
301116	20.827007
301117	-13.785838
301118	-6.095924
301119	0.2725468
301120	6.3556113
301121	-13.415049
301122	-13.01602
301123	14.591269
301125	11.975206
301126	41.1568
301127	-8.85811
301128	-13.493864
301129	5.503827
301130	6.4197845
301131	-4.2667575
301132	2.5484858
301133	12.368707
301135	28.094452
301136	-13.785838
301137	-13.786541
301138	-1.7915596
301139	29.259129
301141	-15.262179
301148	17.506662
301149	20.162527
301150	4.874978
301151	12.355809
301152	-12.991527
301153	-1.6591125
301155	-7.042537
301156	32.786686
301157	-13.4937935
301158	-13.015477
301159	5.777398
301160	14.893347
301161	-4.4481006
301162	4.973947
301163	17.839996
301165	-13.96701
301166	5.161771
301167	11.975206
301168	-4.1672487
301169	11.317228
301170	-3.0318596
301171	8.1558895
301172	3.3580756
301175	38.61695
301176	5.6925077
301177	11.649252
301178	-3.2956395
301179	3.3097637
301180	2.4916108
301181	-17.84045
301182	-11.32381
301183	1.7425042
301185	10.018321
301186	3.0327837
301187	10.219902
301188	-28.382378
301189	-13.016744
301190	-12.609973
301191	-1.3090488
301192	16.860987
301193	12.939057
301195	3.7630868
301196	14.819825
301197	2.572714
301198	-12.910318
301199	-13.993843
301200	-18.338448
301201	1.3839234
301202	4.526644
301203	11.4317045
301205	-7.5300946
301206	-14.860989
301207	-12.410554
301208	-15.8805685
301209	21.707214
301210	-13.625502
301211	12.378227
301212	1.0848478
301213	-13.908881
301215	11.551857
301216	7.7292666
301217	4.038282
301218	33.078396
301219	1.4794087
301220	-3.5103176
301221	-0.05895393
301222	1.671647
301223	24.332233
301225	1.8260605
301226	-16.904799
301227	7.8125987
301228	10.399295
301229	6.5542283
301230	-4.525175
301231	13.728271
301232	-13.414518
301233	-13.414534
301234	-13.7856865
301235	41.24173
301236	-11.589836
301237	6.375356
301238	5.968104
301239	-13.414515
301246	7.9786277
301248	9.396645
301251	-95.191025
301252	-5.6958647
301255	-13.414608
301256	11.870419
301257	3.6661563
301258	-5.777366
301259	7.2327447
301260	5.354339
301261	-15.96741
301262	-13.015432
301263	7.211345
301265	11.754534
301266	-13.785838
301267	4.849467
301268	-13.786705
301269	-14.207549
301270	-15.143529
301272	4.5446367
301273	12.378227
301276	-3.7945337
301277	-10.6084795
301278	-13.414515
301279	21.702045
301280	-6.3379273
301281	-13.787964
301282	-0.43397745
301283	6.064858
301285	3.4348018
301286	9.806588
301287	-13.034671
301288	9.073743
301289	-14.860987
301290	-8.423267
301291	6.2349157
301292	7.4739366
301293	-9.127105
301295	7.3372717
301296	11.983147
301297	17.296534
301298	-7.715704
301299	1.9738617
301300	-3.5070324
301301	-1.8289756
301302	-13.786499
301303	11.567431
301305	20.965218
301306	-5.0947156
301307	9.381082
301308	-0.8934622
301309	-2.3460104
301310	-13.791498
301311	28.648918
301312	-15.880552
301313	37.449055
301314	-11.925837
301315	-13.5454855
301316	18.737589
301317	18.41318
301318	-13.41454
301319	2.059322
301320	5.5630956
301321	23.906183
301322	-3.134405
301323	6.6980524
301325	4.9739594
301326	2.339416
301327	-13.414516
301328	4.4468126
301329	10.49384
301330	29.679249
301331	-13.375885
301332	14.948917
301333	-13.414515
301335	-15.826271
301336	-13.786651
301337	10.717912
301338	-13.412206
301339	18.445072
301345	4.0559516
301348	3.2217476
301349	4.8290935
301353	3.227365
301355	24.332241
301356	-13.4676
301357	-13.414608
301358	5.302145
301359	15.546019
301360	-13.414608
301361	-0.96366566
301362	-5.094636
301363	3.2430942
301365	9.136082
301366	-15.88055
301367	-13.414516
301368	-1.8175545
301369	-13.5498495
301370	33.47886
301371	0.8758218
301372	-8.9574795
301373	45.466377
301376	18.508957
301377	4.4377465
301378	-1.9014753
301379	-0.0037073933
301380	-7.8635993
301381	-3.3796346
301382	-3.2033138
301383	-13.414608
301386	33.263374
301387	-13.924572
301388	7.0835342
301389	2.5730307
301390	3.982998
301391	4.056308
301393	2.747449
301395	6.7082515
301396	-13.785838
301397	7.039096
301398	3.2481554
301399	-17.663162
301408	41.23506
301413	-1.0551169
301418	9.143699
301419	-3.932718
301421	-13.93408
301428	-10.451005
301429	-27.692455
301439	5.216238
301446	-13.015642
301448	1.2567346
301456	-21.912754
301459	-10.42533
301468	-5.2694836
301469	5.302255
301486	-2.7875671
301487	5.5063443
301488	-13.414092
301489	-1.0496091
301498	-1.5229101
301499	-13.784414
301500	17.463406
301502	-15.31195
301503	-2.6132905
301505	5.4867487
301507	-13.784416
301508	1.0712945
301509	5.3108706
301510	-1.7841097
301511	-0.78787583
301512	-6.149244
301515	-23.055252
301516	8.143058
301517	-7.809168
301518	5.336286
301519	5.8485856
301520	-14.860969
301525	6.2575736
301526	4.1115065
301528	-13.414518
301529	5.5338135
301533	5.8007307
301536	2.0956101
301538	-7.5841823
301548	-2.7030241
301550	-15.8805485
301555	-13.369126
301558	33.263653
301559	9.682712
301566	12.378227
301567	-6.2428803
301568	-8.858146
301577	-19.23222
301578	-15.880654
301587	5.3022556
301588	7.2089767
301589	-62.57081
301591	-71.7415
600000	21.760899
600004	7.7922792
600006	-13.786633
600007	-7.313913
600008	6.513002
600009	-0.53814363
600010	25.200083
600011	-11.649736
600012	-13.414516
600015	0.4378672
600016	2.0019865
600017	22.375172
600018	17.487635
600019	3.9329505
600020	20.964722
600021	3.9244957
600022	24.332304
600023	0.626641
600025	-13.78457
600026	0.14054988
600027	-3.3008285
600028	15.669097
600029	15.087194
600030	-13.414109
600031	-11.66488
600032	-7.1320233
600033	27.616838
600035	-11.655314
600036	-15.479651
600037	-13.479449
600038	-7.04696
600039	5.312656
600048	-7.690858
600050	17.49208
600051	8.3729925
600052	-2.6308148
600053	-3.0962155
600054	-7.272363
600055	-12.259516
600056	-12.274504
600057	7.760062
600058	7.8985806
600059	-14.860989
600060	-10.563408
600061	-13.414107
600062	-14.860818
600063	3.1186218
600064	-13.410655
600066	-6.148216
600067	-10.566546
600070	-8.535373
600071	-13.409723
600072	2.9281347
600073	18.445072
600075	-7.0415382
600076	15.136135
600078	4.9739766
600079	-14.860673
600080	-13.414442
600081	-13.665932
600082	-4.529243
600083	12.35098
600084	-13.422918
600085	-1.8352598
600088	-8.141147
600089	0.054012325
600094	16.13644
600095	-13.786442
600096	-15.4796505
600097	9.933697
600098	-6.916421
600099	24.332241
600100	-13.414515
600101	5.7052975
600103	20.964722
600104	-0.5297203
600105	-13.015217
600106	0.7248113
600107	11.975206
600108	15.525281
600109	-14.860989
600110	-13.414515
600111	2.4763045
600113	-16.51176
600114	-13.414115
600115	28.64035
600116	-6.323612
600117	-0.4333898
600118	-14.860989
600119	18.411774
600120	-13.375457
600121	6.9333673
600123	-7.5237937
600125	-14.860989
600126	-5.304005
600127	27.293297
600128	17.969027
600129	-8.102584
600130	21.011078
600131	-13.692331
600132	5.4284015
600133	5.0668206
600135	8.929854
600136	27.926079
600137	24.332312
600138	5.3273363
600141	-11.300216
600143	-11.011464
600148	-13.414515
600149	11.975206
600150	-7.672499
600151	-13.714375
600152	-13.786651
600153	6.5186086
600155	18.445072
600156	24.332241
600157	-26.688677
600158	-12.621107
600159	-3.5103822
600160	4.5895343
600161	-13.414377
600162	-3.514107
600163	6.779242
600165	18.323597
600166	-13.414515
600167	17.48772
600168	-11.949525
600169	18.445072
600170	-14.860949
600171	-10.538597
600172	17.50626
600173	9.198607
600176	-7.1342034
600177	19.087212
600178	39.31697
600179	-2.0819786
600180	1.754041
600182	21.015184
600183	5.237774
600184	-13.786696
600185	6.2528563
600186	32.71259
600187	-13.785735
600188	-3.6000721
600189	11.975206
600190	18.445072
600191	-3.5103846
600192	9.07374
600193	-3.436721
600195	6.9084344
600196	-12.258825
600197	-13.463362
600198	17.89235
600199	-14.860989
600200	-5.394331
600201	3.28293
600202	11.975206
600203	28.275492
600206	2.1864507
600207	11.975206
600208	-13.015471
600210	-7.4905453
600211	-16.530558
600212	7.4835553
600215	3.1171846
600216	-18.717817
600217	12.376188
600218	8.930571
600219	0.660059
600221	28.086506
600222	18.445072
600223	-13.785042
600225	1.8585906
600226	-13.414516
600227	22.763105
600228	12.235622
600229	-15.463355
600230	1.8482105
600231	-13.78671
600232	8.91969
600233	-5.092947
600234	11.975206
600235	28.7123
600236	0.2768254
600237	13.653934
600238	-13.414515
600239	2.1919024
600241	2.4026165
600243	12.378227
600246	-7.457737
600248	-13.067758
600249	11.975206
600250	13.22003
600251	11.656813
600252	-17.669168
600255	-3.510397
600256	-15.88055
600257	7.639026
600258	47.229233
600259	6.064552
600261	-13.424318
600262	-13.786338
600265	8.099717
600266	-13.786372
600267	-15.531929
600268	11.958802
600269	5.6879115
600271	-10.109995
600272	-13.015415
600273	-1.7941817
600276	-14.836673
600278	-15.143457
600279	24.332258
600280	-13.01541
600281	11.975206
600282	-47.75624
600283	-8.285448
600284	18.445072
600285	1.0000366
600287	2.5513785
600288	-13.016271
600289	17.728306
600292	18.445072
600293	9.343639
600295	5.0121145
600298	-1.2495458
600299	-14.860673
600300	24.332241
600301	-3.9091752
600302	9.073657
600303	3.6016412
600305	-14.860986
600307	28.801228
600308	-13.2689085
600309	0.91603595
600310	-5.22058
600312	3.1340206
600313	-13.786023
600315	11.715474
600316	-14.046679
600318	9.373918
600319	12.088262
600320	-14.860989
600322	9.144043
600323	-2.0358696
600325	-7.875845
600326	-13.41507
600327	-14.860989
600328	-14.860673
600329	7.3013062
600330	8.412398
600331	-1.1823733
600332	-15.477509
600333	18.445072
600335	-13.414515
600336	-13.932535
600337	9.497616
600338	12.376702
600339	-15.455613
600340	11.414376
600343	-4.4481087
600345	-7.81142
600346	-11.277665
600348	-1.483975
600350	-15.463363
600351	-13.414516
600352	12.131527
600353	-6.94384
600354	-13.786687
600355	11.975206
600356	-13.908978
600358	12.091353
600359	24.332241
600360	-15.888726
600361	8.039944
600362	-1.6498235
600363	4.9606433
600365	-0.37674844
600366	-13.414249
600367	6.8872566
600368	24.33207
600369	18.36922
600370	27.338633
600371	-13.9665785
600372	-14.860989
600373	-23.592482
600375	18.463228
600376	-13.015471
600377	-3.3893569
600378	-14.861013
600379	8.93678
600380	-5.1223173
600381	9.991822
600382	34.32036
600383	-13.465547
600386	11.975206
600387	12.373207
600388	1.9949883
600389	3.3115892
600390	-11.655312
600391	-13.414515
600392	3.0397222
600395	2.209282
600396	-38.575943
600397	18.445072
600398	-1.0755943
600399	-5.838499
600400	-13.786705
600403	-3.5105157
600405	-3.7470107
600406	4.874459
600408	8.264442
600409	5.2536306
600410	-13.41402
600415	-13.966652
600416	-13.414513
600418	-12.730157
600419	-3.5103762
600420	-15.417782
600421	4.019913
600422	1.7281867
600423	11.975206
600425	12.52014
600426	0.8963256
600428	1.8782915
600429	24.332241
600433	18.445072
600435	-14.860989
600436	-13.409686
600438	-12.469667
600439	-14.860673
600444	-13.015404
600446	-12.267845
600448	18.445026
600449	2.062825
600452	-13.414515
600455	6.4169207
600456	-5.1997123
600458	4.811787
600459	-6.9062705
600460	-13.414516
600461	-7.5473485
600462	12.378227
600463	-13.773785
600467	-4.4481115
600468	-1.8002152
600469	6.882712
600470	24.332241
600475	-14.860989
600476	2.4577646
600477	-7.0490613
600478	-3.8505237
600479	-17.306217
600480	6.88257
600481	4.91313
600482	-13.414513
600483	-0.15067352
600486	1.9537755
600487	7.7243814
600488	12.34424
600489	-2.3860722
600490	3.4708142
600491	7.2113504
600493	8.929671
600495	-13.784412
600496	8.930749
600497	-4.367241
600498	-1.9854169
600499	5.0506063
600500	-14.86102
600501	-13.41507
600502	-4.1374536
600503	12.35455
600505	5.3022075
600506	5.0690656
600507	-14.860989
600508	-6.1627884
600509	-1.5770199
600510	-13.786774
600511	-15.548862
600512	7.2296634
600513	-13.42205
600515	8.930924
600516	-14.860989
600517	-11.703021
600518	6.3808293
600519	1.0564632
600520	-12.698075
600521	6.45812
600522	2.84657
600523	9.073747
600525	0.52817404
600526	8.929854
600527	-5.094744
600528	-14.860989
600529	18.14931
600530	18.365412
600531	0.7826413
600533	22.092648
600535	-15.4796505
600536	-10.113137
600537	21.715363
600538	-1.3142118
600539	11.763067
600540	8.930215
600543	32.671352
600545	18.14625
600546	-3.8941894
600547	6.458118
600548	19.107508
600549	-8.530014
600550	3.0874717
600551	-17.646282
600552	-13.414174
600556	12.346475
600557	-31.347921
600558	2.0247743
600559	-15.479642
600560	-18.064014
600561	-13.786075
600562	-5.094636
600563	-13.414515
600566	-15.88055
600567	34.072285
600568	11.975206
600569	21.7018
600570	1.747732
600571	-12.660472
600572	11.706983
600573	-13.784402
600575	-15.880544
600576	-13.054258
600577	-15.8805685
600578	41.973232
600579	21.70442
600580	-7.839235
600581	28.264929
600582	-9.507098
600583	-2.462219
600584	1.6126752
600585	7.578055
600586	-5.094632
600587	-14.860989
600588	7.099901
600589	-54.973694
600590	-13.7816515
600592	-13.786666
600593	-1.0446681
600594	-14.860989
600595	42.434334
600596	-13.015434
600597	18.445072
600598	-15.4796505
600599	18.40943
600600	-7.67541
600601	-1.0495359
600602	3.8461757
600603	-1.8711114
600604	-13.414515
600605	-14.0471525
600606	-13.409693
600608	-13.414515
600609	-13.411355
600610	5.336239
600611	-13.979534
600612	5.670669
600613	-15.4796505
600615	-13.414513
600616	-10.386031
600617	20.355637
600618	5.5688467
600619	-14.860989
600620	-13.414515
600621	-13.414552
600622	-13.414515
600623	9.675565
600624	-13.414515
600626	-13.785053
600628	-14.860989
600629	-14.860989
600630	5.0318193
600633	-15.4796505
600635	-13.414513
600636	-13.414515
600637	-18.331017
600638	-13.414515
600639	-13.414518
600640	-12.486197
600641	-3.4501927
600642	-2.9670734
600643	-14.860989
600644	4.0563126
600645	-14.860989
600648	-14.860574
600649	-4.029826
600650	-13.41468
600651	-13.414515
600653	-14.860989
600654	-13.409686
600655	-14.860673
600657	-5.2203035
600658	6.2752695
600660	0.9416355
600661	-15.031521
600662	-14.860989
600663	5.318493
600664	-13.784418
600665	-13.786651
600667	4.342221
600668	-14.860989
600671	0.042033006
600673	5.0730276
600674	5.5759573
600675	-14.860673
600676	-13.414515
600678	-13.786048
600679	-13.7866745
600681	-14.860656
600682	-13.415703
600683	-1.3116385
600684	-13.414516
600685	6.2577667
600686	-13.415071
600688	6.4583907
600689	12.296775
600690	-9.280419
600691	-2.7526238
600692	4.877151
600693	14.226878
600694	4.644356
600696	-13.015401
600697	7.464289
600698	20.964722
600699	2.051788
600702	3.626899
600703	7.0833297
600704	-15.878672
600705	-14.860989
600706	17.84378
600707	4.513302
600708	-14.00407
600710	-13.966612
600711	-21.88075
600712	-5.7604995
600713	-13.578643
600714	7.4794374
600715	11.975206
600716	-3.8637083
600717	-13.414515
600718	-15.4772415
600719	4.010661
600720	-7.904129
600721	12.123115
600722	10.555068
600724	2.16979
600725	17.77976
600726	18.445072
600727	-2.5136142
600728	-15.479748
600729	4.0563498
600730	-1.9033557
600731	-3.801442
600732	2.3896863
600733	4.9631367
600734	2.0680978
600735	11.975872
600736	-10.568111
600737	-0.0643234
600738	7.49413
600739	3.6242814
600740	-3.1572742
600741	4.0898037
600742	-13.431448
600743	8.930571
600744	7.612931
600745	3.7113242
600746	-13.414107
600748	11.975206
600749	-6.6807175
600750	-6.048153
600751	29.651525
600753	12.378227
600754	-13.9898
600755	-4.825189
600756	3.3750122
600757	13.029567
600758	59.548473
600759	3.0078125
600760	-11.330983
600761	-11.050604
600763	-13.414516
600764	-13.970946
600765	2.0498788
600768	-13.015642
600769	-5.0945096
600770	-13.414515
600771	3.8683379
600773	0.7247752
600774	-7.1721506
600775	-1.1781536
600776	-7.864777
600777	-12.774836
600778	12.376711
600779	-14.030523
600780	7.9301167
600782	4.8320055
600783	-11.703016
600784	-13.414515
600785	-0.20134126
600787	-6.4760075
600789	11.975204
600790	-13.414107
600791	-13.786676
600792	4.393878
600793	-11.236443
600794	6.458118
600795	-2.9187417
600796	2.201637
600797	-13.968602
600798	8.489333
600800	12.379508
600801	3.6200416
600802	13.194836
600803	-6.7419825
600804	-13.785071
600805	0.91833633
600807	20.964722
600808	-3.3033938
600809	-8.309611
600810	6.4690824
600811	12.27548
600812	21.020027
600814	-7.2211547
600815	-13.784447
600816	6.0380087
600817	-15.88055
600818	8.772384
600819	-13.784415
600820	-14.988115
600821	-8.854617
600822	1.0592272
600824	-14.860989
600825	-9.41157
600826	-14.860673
600827	-14.860989
600828	-11.504595
600829	-10.567472
600830	-13.414518
600831	-0.30402496
600833	-13.414513
600834	-13.786431
600835	-13.414513
600837	-13.413781
600838	-13.414515
600839	-15.889917
600841	-13.015424
600843	12.368959
600844	11.975206
600845	2.671008
600846	-13.414513
600847	-13.959636
600848	-1.9093001
600850	-0.3082208
600851	-13.414515
600853	18.445072
600854	-13.015393
600855	-13.015477
600857	-3.5103807
600858	-3.8756387
600859	-13.822168
600860	6.7498455
600861	5.2217956
600862	-13.414515
600863	-0.9754509
600864	-13.414515
600865	-13.414515
600866	6.3079624
600867	-4.2347784
600868	-12.468118
600869	-14.883978
600871	23.934845
600872	4.055988
600873	-7.545968
600874	23.938803
600875	3.3094237
600876	-22.71829
600877	-10.424951
600879	-13.414518
600880	-13.781942
600881	-1.0244299
600882	-14.8611355
600883	-13.786615
600884	2.7789125
600885	-6.3626776
600886	2.4266772
600887	0.7486868
600888	-2.7236657
600889	-13.785838
600892	-15.143529
600893	-14.860989
600894	-14.860989
600895	-9.3631315
600897	-14.892986
600898	11.975206
600900	-12.273181
600901	10.545868
600903	40.698875
600905	41.223324
600906	18.299541
600908	20.964722
600909	24.332304
600916	28.714817
600917	20.302345
600918	5.019868
600919	0.24693002
600925	14.81168
600926	-14.382087
600927	12.261015
600928	20.964722
600929	11.975206
600933	5.98935
600935	1.3546726
600936	12.272621
600938	-24.783476
600939	11.975206
600941	-7.0964947
600955	11.400455
600956	9.6391945
600958	41.049263
600959	17.487638
600960	14.201331
600961	15.174191
600962	-13.786602
600963	2.675727
600965	31.64896
600966	7.5858417
600967	-15.4796505
600968	6.313958
600969	-1.4663802
600970	-2.9292386
600971	-6.963372
600973	11.413998
600975	-7.5606956
600976	-0.21991618
600977	24.436949
600979	18.145166
600980	-9.866646
600981	18.445072
600982	9.675131
600983	4.009798
600984	12.125381
600985	-10.710043
600986	-13.784414
600987	3.052165
600988	0.25957125
600989	17.985888
600990	-5.0946307
600992	4.9055886
600993	-13.414695
600995	-13.876902
600996	11.975206
600997	15.57799
600998	39.62758
600999	8.284747
601000	-14.860989
601001	8.744959
601002	9.737608
601003	4.5103383
601005	24.33219
601006	29.03831
601007	24.332241
601008	24.33223
601009	-13.79574
601010	11.812853
601011	17.487635
601012	-13.411572
601015	26.477232
601016	23.975039
601018	17.487635
601019	17.50626
601020	9.602243
601021	5.743532
601022	-20.304382
601028	5.2283444
601033	3.9519062
601038	15.43541
601058	-6.486013
601059	12.348169
601061	42.902554
601065	9.118754
601066	9.674991
601068	11.315875
601069	-1.406134
601077	8.673795
601083	-8.39569
601086	21.726109
601088	2.1209679
601089	17.50626
601096	1.9314618
601098	18.736525
601099	11.975206
601100	-13.414107
601101	1.5530472
601106	21.593082
601107	28.031805
601108	41.23868
601111	16.663347
601113	26.754171
601116	24.264275
601117	20.493109
601118	23.935286
601121	9.298615
601126	-7.649799
601127	-6.3210716
601128	17.330158
601133	11.811761
601136	21.707214
601137	3.237069
601138	2.5509958
601139	36.605724
601155	-4.448105
601156	3.7694304
601158	23.935286
601162	11.975206
601163	36.111538
601166	-13.975475
601168	14.31569
601169	-13.804434
601177	9.661493
601179	13.429761
601186	-5.450704
601187	20.50736
601188	41.23579
601198	18.39973
601199	3.0714793
601200	8.930924
601208	-2.8327384
601211	41.051823
601212	16.072182
601216	1.5640705
601218	13.220067
601222	-11.000946
601225	1.082397
601226	12.378228
601228	9.682561
601229	-15.463522
601231	-10.041972
601233	4.6594434
601236	18.281385
601238	2.0388787
601279	15.7197695
601288	19.922827
601298	3.3421645
601311	16.995165
601318	-14.019499
601319	20.964596
601326	20.964705
601328	20.964722
601330	24.332241
601333	12.378225
601336	-15.4796505
601339	-16.784517
601360	-3.2357018
601366	8.55231
601368	18.445072
601369	28.625961
601375	18.445072
601377	2.0388532
601388	-13.785053
601390	24.332241
601398	-8.377074
601399	18.11959
601456	11.975209
601500	25.300436
601512	9.675131
601515	4.0455647
601518	33.99341
601519	18.411774
601528	12.2907505
601555	12.3784075
601566	-31.800756
601567	-1.7467127
601568	12.233231
601577	20.964722
601579	7.229334
601588	12.350991
601595	-3.3582551
601598	26.639046
601599	15.905603
601600	17.838356
601601	-12.663262
601606	11.975206
601607	10.032868
601608	20.233927
601609	33.608776
601611	24.283443
601615	18.348644
601616	31.134129
601618	23.935255
601619	28.651295
601628	-15.165704
601633	1.0825591
601636	7.4531755
601658	17.487617
601665	32.00011
601666	-7.525445
601668	-19.739841
601669	37.496635
601677	25.346853
601678	23.597765
601686	18.445072
601688	21.409845
601689	2.8021321
601696	24.332241
601698	-4.5400057
601699	-7.7448273
601700	7.821887
601702	3.9234166
601717	-12.792286
601718	9.67509
601727	18.940641
601728	5.901032
601766	-15.318339
601777	12.371721
601778	16.242624
601788	17.8176
601789	12.044186
601798	12.357118
601799	-13.493788
601800	-15.463443
601801	20.964722
601808	4.1660056
601811	47.8274
601816	17.894737
601818	20.964705
601825	11.766399
601827	12.520973
601828	-3.767044
601838	9.254879
601857	0.6583377
601858	24.483679
601860	31.631496
601865	15.033605
601866	49.099792
601868	11.430598
601869	-7.541745
601872	8.428083
601877	3.7148354
601878	8.929671
601880	12.314553
601881	-13.786817
601882	6.6312
601886	-22.38672
601888	-12.824544
601890	11.975206
601898	20.964722
601899	-5.4881825
601900	6.6002407
601901	4.923366
601908	5.747568
601916	7.4497223
601918	-3.9090235
601919	13.441836
601921	20.964722
601928	28.60276
601929	30.505444
601933	12.378227
601939	20.964722
601949	20.964722
601952	-13.786631
601956	24.332312
601958	15.364302
601963	36.904408
601965	34.630306
601966	34.103966
601968	17.974169
601969	34.557842
601975	16.250315
601985	4.4117064
601988	-8.377074
601989	11.975206
601990	24.332241
601991	6.2781835
601992	21.707214
601995	8.930984
601996	24.316168
601997	11.594645
601998	15.6648
601999	17.973574
603000	1.4983252
603001	12.625103
603002	4.4556823
603003	28.882082
603004	11.975206
603005	1.6838564
603006	9.732171
603007	11.594252
603008	-3.5967062
603009	-13.41461
603010	6.3444014
603011	-13.786676
603012	8.510913
603013	14.48268
603015	1.6175008
603016	34.880985
603017	-7.5006804
603018	5.472825
603019	0.7838461
603020	6.943905
603021	11.975206
603022	-1.0194317
603023	1.4014119
603025	2.015526
603026	6.5575
603027	-15.472486
603028	11.975206
603029	28.39378
603030	-0.7252547
603031	-13.414515
603032	-13.786541
603033	7.716331
603035	6.444171
603036	3.402065
603037	-13.966602
603038	-4.448098
603039	-5.0436425
603040	11.714874
603041	26.569355
603042	15.500052
603043	6.9437766
603045	-3.5103836
603048	1.8932524
603050	-13.414103
603051	-13.01541
603052	4.964089
603053	-22.437838
603055	18.445072
603056	-15.624568
603057	11.574956
603058	-9.273071
603059	-13.784404
603060	-13.784368
603061	-16.83311
603062	-3.178275
603063	5.3021617
603065	21.454832
603066	-13.421238
603067	8.926805
603068	-2.8244388
603069	11.975206
603070	7.4809117
603071	5.1086893
603073	4.3939967
603075	11.902616
603076	6.2084446
603077	-2.0946562
603078	-13.414515
603079	-13.786338
603080	-4.529248
603081	13.242979
603082	-13.785838
603083	-7.5255456
603085	33.98975
603086	2.3569639
603087	-6.102227
603088	-73.680405
603089	38.1777
603090	5.288419
603093	29.402107
603095	-12.308699
603096	4.7372303
603097	1.8813043
603098	12.08918
603099	-13.017768
603100	7.0475287
603101	12.37795
603102	-13.784412
603103	6.9655
603105	6.089128
603106	41.19826
603107	18.445072
603108	-7.8667946
603109	20.691679
603110	-9.013374
603111	20.19367
603112	10.309761
603113	-2.8939636
603115	4.364438
603116	26.63205
603117	-1.6542728
603118	-8.857076
603119	-1.154471
603121	-13.888829
603122	20.964722
603123	11.944666
603125	5.527736
603126	11.074585
603127	-13.414107
603128	18.445072
603129	-35.369415
603130	11.977203
603131	-13.414515
603132	4.7633805
603135	-4.448105
603136	-5.834514
603137	-20.617096
603138	0.56184983
603139	4.439522
603150	-5.3783956
603151	8.562057
603153	20.651396
603155	2.3403435
603156	-16.779638
603158	-13.280091
603159	20.5809
603160	1.7626576
603161	-2.0432904
603162	-16.415194
603163	1.1098433
603165	6.9382935
603166	11.781994
603167	5.582759
603168	-5.0946074
603169	17.96359
603170	8.007727
603171	5.189568
603172	12.378227
603173	-2.3038077
603176	17.371054
603177	12.605214
603178	15.171014
603179	3.853745
603180	4.7823095
603181	-26.820368
603182	11.305777
603183	8.929118
603185	-26.022419
603186	12.342754
603187	-32.05013
603188	11.975206
603189	-3.2963624
603190	4.926325
603191	6.378607
603192	-2.9109566
603193	20.214136
603195	4.586497
603196	20.964722
603197	6.390908
603198	-0.47104234
603199	-13.716545
603200	5.5856633
603201	6.8461146
603203	2.7434666
603206	-3.5074465
603208	-8.223926
603209	20.965202
603211	24.332241
603212	11.884964
603213	18.132763
603214	1.4653459
603215	20.965202
603216	18.445072
603217	9.196627
603218	11.975872
603219	2.3978076
603220	6.9059095
603221	11.975133
603222	11.975522
603223	-16.530558
603225	4.120133
603226	6.4807754
603227	24.332241
603228	-7.5606956
603229	-14.860989
603230	-15.032951
603231	28.264936
603232	6.454739
603233	-3.6344244
603235	-13.784424
603236	1.138893
603237	5.3479953
603238	-2.5920227
603239	-2.1070762
603255	9.146049
603256	27.558235
603258	17.50626
603259	-13.414516
603260	-13.246444
603261	-13.785028
603266	-10.516069
603267	-13.414515
603268	17.755983
603269	-3.7943046
603270	-4.7098136
603272	12.376572
603273	-4.747598
603275	6.095335
603276	24.332241
603277	4.4544363
603278	21.041872
603279	5.0712276
603280	17.50626
603281	-13.414515
603282	5.3149424
603283	1.2741728
603286	12.377948
603288	-14.860673
603289	7.5144176
603290	-15.35103
603291	6.8982043
603296	6.5196176
603297	-19.207808
603298	0.9151003
603299	36.36848
603300	7.6115522
603301	2.5424652
603303	-13.786709
603305	1.0393927
603306	2.767854
603307	1.2918315
603308	37.806614
603309	-14.860992
603311	10.099707
603312	-13.015503
603313	4.5862527
603315	11.882714
603316	11.975206
603317	1.0954648
603318	18.445072
603319	1.6306309
603320	10.767772
603321	6.4075074
603322	4.689172
603323	19.663553
603324	-15.8805685
603325	7.0233226
603326	-3.5103803
603327	-0.31915835
603328	4.0789747
603329	-7.517618
603330	0.5119955
603331	-13.015468
603332	-4.531925
603333	13.2201
603335	8.467382
603336	11.567431
603337	4.415531
603338	0.9119826
603339	8.930924
603341	-13.414608
603344	-1.5938743
603345	-13.414515
603348	10.40212
603351	-4.162837
603353	21.707214
603355	-13.878761
603356	-0.089914225
603357	13.932355
603358	-13.414513
603359	11.975206
603360	0.7147191
603363	8.315888
603365	17.786612
603366	1.0592272
603367	4.277566
603368	4.443833
603369	-68.77706
603373	8.5721445
603375	-13.414107
603377	10.611127
603378	-13.786338
603379	10.517582
603380	5.8025556
603383	-13.966654
603385	11.975206
603386	-5.531655
603387	-15.841372
603388	11.975206
603389	11.977868
603390	12.378227
603392	-15.707856
603393	-9.484769
603396	-14.911876
603398	0.90188825
603399	7.718109
603408	12.693696
603416	-14.860989
603421	27.264786
603429	11.167002
603439	6.262945
603444	-13.414515
603456	-13.413448
603458	11.975206
603466	-7.46889
603477	8.56221
603486	6.460899
603488	6.3743114
603489	-13.414515
603496	1.7387564
603499	-13.448746
603500	14.46341
603501	5.3138447
603505	4.0559006
603506	2.3368464
603507	5.6358924
603508	-15.88055
603511	7.40114
603515	4.108506
603516	5.786557
603517	8.560839
603518	-5.84009
603519	0.8978115
603520	7.644872
603527	11.33879
603528	22.722488
603529	-9.748999
603530	6.55761
603533	18.134354
603535	29.50539
603536	7.4968038
603538	28.264627
603551	-4.448098
603556	-10.446037
603557	21.054483
603558	2.4448466
603559	20.965206
603565	-13.565776
603566	0.65877545
603567	-13.862711
603568	0.44427064
603569	11.975206
603577	-5.818928
603578	5.4899297
603579	1.5419118
603580	-13.414534
603583	6.984252
603585	-15.463416
603586	-5.569683
603587	20.88819
603588	6.55744
603589	-19.145807
603590	-9.760151
603595	0.021493575
603596	4.055981
603598	-2.899456
603599	4.0445623
603600	4.0040517
603601	-13.414367
603602	-13.414515
603605	2.6941597
603606	2.214177
603607	-4.5567827
603608	12.19535
603609	-4.4481273
603610	5.524018
603611	6.5348163
603612	10.753031
603613	-13.414515
603615	-7.639194
603616	18.373127
603617	7.613305
603618	2.3058221
603619	11.507909
603626	20.227144
603628	-13.786217
603629	-6.54207
603630	2.9433415
603633	15.515776
603636	-5.5419044
603637	-13.783948
603638	-5.0510283
603639	-16.53865
603648	18.445072
603650	14.820989
603655	-5.7797756
603656	19.612537
603657	21.670938
603658	5.7367697
603659	4.973953
603660	32.80222
603661	6.955637
603662	-13.413955
603663	5.461973
603665	6.419263
603666	-11.565532
603667	26.763754
603668	12.360033
603669	5.549738
603676	17.973278
603677	-16.651178
603678	-14.860989
603679	-3.1659951
603680	-10.26874
603681	6.683891
603682	0.014980606
603683	7.615603
603685	17.562605
603686	-13.786338
603687	5.2467766
603688	3.9574952
603689	9.362805
603690	2.0109665
603693	7.490048
603696	-13.348113
603697	18.50806
603698	11.975206
603699	27.633944
603700	2.0681808
603701	-16.536156
603703	-14.921351
603706	11.975206
603707	-13.699211
603708	-8.425537
603709	-3.1783311
603711	2.9286883
603712	12.333526
603713	4.05567
603716	20.189465
603717	8.325946
603718	9.687838
603719	3.4000163
603721	-13.786048
603722	0.029506255
603725	1.3400327
603726	-4.633546
603727	7.7537117
603728	-13.414516
603729	9.073741
603730	4.1356845
603733	22.429974
603737	-13.421994
603738	-13.433609
603739	-5.274078
603755	-13.786703
603757	5.026628
603758	25.26457
603759	21.707214
603766	15.75644
603767	-2.834549
603768	-13.779468
603773	-95.525
603776	-13.786642
603777	-12.497682
603778	28.670923
603779	6.201388
603786	4.616315
603787	22.956762
603788	-23.959793
603789	4.9152207
603790	11.41626
603797	18.445072
603798	14.203092
603799	-14.85959
603800	24.332241
603801	5.17361
603803	29.350166
603806	-13.414513
603808	-13.78506
603809	-9.255981
603810	21.707203
603811	-13.784419
603813	11.975206
603815	10.381723
603816	8.124315
603817	25.280357
603818	8.551059
603819	1.1485076
603822	-13.530205
603823	4.669176
603825	-0.04106468
603826	-16.952225
603828	9.068129
603829	2.88392
603833	-13.414515
603836	7.491943
603838	-11.41904
603839	20.964722
603843	12.364287
603848	5.0789256
603855	5.496867
603856	-2.611425
603858	-15.300816
603859	2.7746425
603860	5.7100563
603861	31.63546
603863	-13.01541
603866	8.93039
603867	7.5450554
603868	-14.860673
603869	-0.43858975
603871	-13.414513
603876	8.698054
603877	18.445072
603878	13.748647
603879	12.378227
603880	6.36958
603881	-14.579187
603882	21.53479
603883	-26.009151
603885	-14.37312
603886	-1.5236214
603887	-8.2033825
603888	-1.4903232
603889	-7.3176217
603890	2.4429107
603893	4.0563045
603895	-13.784044
603896	-1.174723
603897	56.355083
603898	6.904577
603899	4.725435
603900	11.975146
603901	-0.9346512
603903	-3.4112186
603906	6.183343
603908	-13.414515
603909	0.82875896
603912	41.199097
603915	-90.9391
603916	12.378227
603917	24.332241
603918	3.792786
603919	-14.860989
603920	12.402058
603922	-2.4528894
603926	12.089651
603927	1.4053707
603928	-13.015468
603929	-8.200191
603931	2.7772648
603933	12.377881
603936	10.392824
603937	17.701807
603938	7.0707927
603939	4.056351
603948	32.453594
603949	5.348135
603950	11.975206
603955	16.521418
603956	5.5966554
603958	18.143114
603959	21.582544
603960	4.971784
603963	11.975206
603966	12.3642845
603967	-3.2532082
603968	5.524578
603969	9.951651
603970	7.1751814
603976	-13.030789
603977	13.179985
603978	11.975206
603979	-2.3637242
603980	4.362997
603982	3.6014707
603983	14.679974
603985	-0.53442705
603986	-7.4938016
603987	-13.784423
603988	-13.973717
603989	5.302147
603990	5.5272293
603991	-13.414598
603992	-5.2705607
603993	13.475568
603995	9.0050125
603997	24.332304
603998	-13.414097
603999	-13.378662
605001	24.332241
605003	-11.451036
605005	13.883913
605006	17.447226
605007	6.018189
605008	31.661213
605009	-6.701311
605011	-2.5879383
605016	6.776044
605018	-5.2698236
605020	5.302099
605028	6.849773
605033	-3.4787116
605050	-5.331614
605055	12.350981
605056	-5.2705984
605058	9.131613
605060	-2.7372558
605066	9.055973
605068	9.440071
605069	12.584713
605077	5.582578
605080	-13.29308
605081	-16.479635
605086	4.0925226
605088	20.230846
605089	7.470675
605090	6.3921432
605098	-11.068053
605099	0.64341646
605100	-4.1389894
605108	4.288142
605111	5.339617
605116	-1.7902087
605117	-14.037301
605118	-8.976247
605122	-13.786048
605123	9.104476
605128	0.80762786
605133	8.868643
605136	17.50626
605138	17.532948
605151	8.93126
605155	18.411774
605158	20.964722
605162	-4.142469
605166	10.1645155
605167	17.892458
605168	-13.015427
605169	-13.78666
605177	28.97084
605178	17.50626
605179	12.377948
605180	-12.905501
605183	24.13265
605186	12.557246
605188	4.276119
605189	7.2291794
605196	7.813661
605198	6.2072906
605199	-15.463373
605208	8.929118
605218	13.219447
605222	21.715246
605228	7.659704
605255	7.34777
605258	0.10273337
605259	12.568889
605266	8.58717
605268	-26.409103
605277	2.1841905
605286	19.767431
605287	4.4418344
605288	-13.015421
605289	-89.476944
605296	4.5237646
605298	29.053722
605299	-2.8650134
605300	-13.784414
605303	9.0737505
605305	5.174064
605318	11.975206
605319	-2.834812
605333	2.776296
605336	-5.942825
605337	-3.5089467
605338	20.093939
605339	-15.479269
605358	4.7268796
605365	3.1173892
605366	24.323198
605368	11.170549
605369	-12.255586
605376	0.6284681
605377	1.0192825
605378	3.1048868
605388	21.735262
605389	8.048957
605398	-16.537336
605399	-3.8024445
605488	-4.6382117
605499	-13.432206
605500	4.751125
605507	17.89162
605555	-0.82780993
605566	14.481216
605567	12.377823
605577	-3.509731
605580	11.362971
605588	-1.6156162
605589	21.8181
605598	-10.182724
605599	1.810359
688001	-3.510371
688002	-16.022453
688003	-12.258323
688004	-13.784412
688005	2.8174007
688006	-11.475285
688007	-0.91241693
688008	0.8721944
688009	12.69542
688010	-16.015541
688011	-3.5110717
688012	-13.414515
688013	6.4583907
688015	12.37007
688016	0.614346
688017	4.4496627
688018	-13.414513
688019	5.697066
688020	-13.967362
688021	0.48738882
688022	17.73098
688023	2.277299
688025	-7.5606866
688026	19.023563
688027	-14.860989
688028	-2.9759326
688029	7.8665915
688030	27.257833
688031	-0.69754964
688032	-13.414081
688033	-3.7776837
688035	4.544549
688036	-13.692331
688037	-15.472805
688038	4.5259743
688039	4.100295
688041	-15.272635
688045	3.8841884
688046	21.457218
688047	-13.413634
688048	-0.2679831
688049	-13.784412
688050	-15.479651
688051	10.417769
688052	-13.414516
688053	-9.21052
688055	11.634823
688056	2.584957
688057	7.211497
688058	6.30945
688059	-13.954772
688060	-1.2148271
688061	1.5948985
688062	4.9064302
688063	-13.414513
688065	4.021109
688066	9.0737505
688067	-13.784423
688068	-15.04374
688069	-13.016413
688070	-1.174098
688071	-2.2652278
688072	-13.015422
688073	-13.414016
688075	-16.986038
688076	-3.1860697
688077	24.748775
688078	-13.848746
688079	12.377121
688080	4.689652
688081	-2.145538
688082	-13.414513
688083	-13.999456
688084	-3.599594
688085	24.332241
688087	-10.596154
688088	14.168609
688089	-13.786682
688090	-6.271913
688091	-15.076909
688092	-16.507107
688093	7.3227863
688095	-11.996279
688096	11.226728
688097	32.164185
688098	9.073738
688099	4.9739265
688100	-13.409723
688101	-9.887365
688102	7.461389
688103	6.1275735
688105	24.332235
688106	12.885383
688107	-28.183262
688108	33.79313
688109	2.209159
688110	33.26356
688111	-11.876794
688112	-6.2225065
688113	7.970438
688114	-7.960419
688115	26.968073
688116	7.56968
688117	-15.880395
688118	19.362246
688119	9.675178
688120	-13.414097
688121	2.975744
688122	-13.414515
688123	-0.192382
688125	-1.1404704
688126	-14.348978
688127	11.975206
688128	0.10549843
688129	8.847076
688130	0.6518405
688131	-5.3816304
688132	4.688671
688133	-13.414617
688135	-13.785637
688136	17.506662
688137	-13.015393
688138	20.214602
688139	6.5575323
688141	11.9752035
688143	-13.786617
688146	7.4933596
688147	6.189427
688148	28.264729
688150	3.2456803
688151	-10.985614
688152	-13.966657
688153	3.4843864
688155	2.0683491
688156	-2.178632
688157	-12.699141
688158	33.264652
688159	2.8827043
688160	-13.415383
688161	9.192402
688162	8.999575
688163	9.298728
688165	8.921736
688166	18.744143
688167	4.5602326
688168	-13.376084
688169	2.082598
688170	2.4283323
688171	4.3942866
688172	5.6998634
688173	10.802941
688175	42.90198
688176	16.54468
688177	11.975206
688178	28.259157
688179	-8.80116
688180	7.1970553
688181	-5.100489
688182	1.4788665
688183	32.45429
688184	-13.786821
688185	-15.085876
688186	33.848103
688187	-1.3505151
688188	-6.2072964
688189	-13.015471
688190	6.7003446
688191	28.93374
688192	-7.353032
688193	17.096071
688195	-10.800787
688196	7.5779862
688197	-3.5310323
688198	10.039723
688199	7.4768624
688200	5.1722846
688201	12.057219
688202	-13.414515
688203	17.175777
688205	-15.88055
688206	3.4283283
688207	-13.414792
688208	6.342428
688209	4.3471413
688210	-21.416803
688211	1.1878812
688212	-13.692331
688213	-14.037548
688215	6.7821865
688216	15.754657
688217	2.5524786
688218	11.870805
688219	12.898253
688220	-1.72579
688221	12.152085
688222	0.93942624
688223	13.896886
688225	-13.786705
688226	-2.8320296
688227	2.2394228
688228	5.2982535
688229	-14.570623
688230	-4.0462704
688231	2.7650342
688232	6.368945
688233	-4.6001105
688234	-14.860999
688235	-16.532671
688236	8.739296
688237	21.14992
688238	18.445072
688239	19.051172
688244	-7.9977
688246	-3.0556858
688247	19.45092
688248	4.2258344
688249	9.8483095
688251	12.373795
688252	11.975206
688253	-9.760252
688255	-18.794014
688256	-14.046357
688257	2.589217
688258	-15.88055
688259	-15.062614
688260	2.9682004
688261	4.8036404
688262	-4.448099
688265	-13.786379
688266	-14.988094
688267	27.25271
688268	2.8375413
688269	3.1462724
688270	-5.094636
688271	-10.386027
688272	3.025962
688273	5.0017557
688275	5.0901074
688276	-2.459001
688277	17.50626
688278	-3.622206
688279	4.600835
688280	-13.316783
688281	1.1246608
688282	-3.5103817
688283	-2.0742958
688285	9.673697
688286	4.713502
688287	18.445072
688288	2.9067523
688289	-11.656193
688290	-16.535412
688291	6.205771
688292	-22.60129
688293	-14.860989
688295	1.0130154
688296	5.6476116
688297	2.3572352
688298	-14.860989
688299	2.8066509
688300	7.7321067
688301	2.0634828
688302	-7.667448
688303	-13.786696
688305	-14.860897
688306	29.402092
688307	2.4036553
688308	8.160517
688309	-13.786367
688310	16.934732
688311	-13.786599
688312	32.69855
688313	33.26734
688314	-8.85815
688315	24.28938
688316	-4.589152
688317	17.487612
688318	-13.414515
688319	41.241745
688320	2.313501
688321	12.368635
688322	-2.5680547
688323	11.975206
688325	-13.414107
688326	-13.414498
688327	6.564079
688328	-3.507919
688329	-3.470493
688330	9.659574
688331	4.3463116
688332	-5.421019
688333	2.3196375
688334	6.9427357
688335	12.58152
688336	15.42735
688337	-4.5541863
688338	6.3766093
688339	-15.4578495
688343	2.2810564
688345	3.6206303
688347	10.052729
688348	-13.414107
688349	5.4957695
688350	6.3447714
688351	-8.887755
688352	-2.8173196
688353	6.764927
688355	5.930846
688356	4.0561013
688357	-14.08771
688358	-14.860989
688359	5.463129
688360	-14.5282345
688361	-13.414515
688362	4.2651744
688363	-13.414515
688365	11.567432
688366	-16.983469
688367	-13.433925
688368	-7.516233
688369	-1.3986818
688370	8.930924
688371	28.090403
688372	-15.88055
688373	18.445087
688375	6.242298
688376	11.8469095
688377	8.254406
688378	4.973947
688379	-5.9596972
688380	12.377763
688381	8.56221
688382	24.332241
688383	-7.6752553
688385	3.9785614
688386	7.792073
688387	5.9228573
688388	3.9109297
688389	10.5513315
688390	-13.414107
688391	5.03664
688392	5.3139052
688393	-15.463888
688395	2.859452
688396	2.758375
688398	6.5358276
688399	-13.984978
688400	2.518136
688401	-2.0777125
688403	27.867857
688408	-12.27934
688409	-4.989919
688410	-1.1752138
688416	-81.04826
688418	3.268985
688419	5.3625255
688420	2.912181
688425	3.274716
688426	7.20275
688428	12.378227
688429	11.9752035
688432	15.51478
688433	-5.2560863
688435	17.330158
688439	4.973947
688443	2.6708522
688448	11.975206
688450	5.673095
688455	18.445072
688456	4.574019
688458	4.9954195
688459	9.673697
688466	-3.4025888
688468	12.378228
688469	17.41465
688472	11.975206
688475	1.9351705
688478	2.7710876
688479	24.332237
688480	4.0700326
688484	3.9655354
688485	18.445072
688486	2.7487056
688488	8.362063
688489	6.774766
688496	17.894165
688498	5.3166246
688499	7.4930677
688500	-1.1625069
688501	7.615695
688502	-4.95328
688503	-15.643526
688505	20.410084
688506	-16.538685
688507	-13.410662
688508	-3.0637698
688509	9.073738
688510	6.2029924
688511	7.2177205
688512	10.588143
688513	-16.986027
688515	-13.414107
688516	4.973947
688517	5.196002
688518	5.302175
688519	10.400797
688520	1.7044758
688521	5.2984896
688522	4.522979
688523	11.975206
688525	-3.8456962
688526	-1.2746979
688528	21.70708
688529	12.889771
688531	-2.9479046
688533	7.506269
688535	-7.5233283
688536	-1.829966
688538	17.50626
688539	4.469686
688543	15.024341
688548	-10.374565
688549	16.413067
688550	3.3108873
688551	7.4928045
688552	-13.786666
688553	3.4144535
688556	1.5516146
688557	7.5931196
688558	14.770999
688559	7.838445
688560	1.3628608
688561	-14.041561
688562	-13.784368
688563	7.615362
688565	12.37795
688566	15.959246
688567	-5.6153493
688568	3.9147396
688569	12.378227
688570	8.56221
688571	31.64426
688573	5.30224
688575	0.22359705
688576	5.313233
688577	-7.523843
688578	1.1929287
688579	12.378206
688580	-13.525605
688581	-10.386027
688582	-13.375218
688584	7.569196
688585	12.353464
688586	18.445072
688588	42.90253
688589	4.018541
688590	3.3233328
688591	6.5391703
688592	5.302134
688593	8.378839
688595	-0.9336189
688596	7.606916
688597	-4.448098
688598	-48.9604
688599	11.975206
688600	6.3779283
688601	-68.77262
688602	2.5154724
688603	-6.162172
688606	-13.59193
688607	0.30217475
688608	-14.860982
688609	17.478495
688610	6.4863043
688611	-4.3351383
688612	2.0520198
688613	18.737589
688616	2.426097
688617	19.087114
688618	-7.1851816
688619	18.088926
688620	-6.12037
688621	4.0400023
688622	16.129295
688623	4.056978
688625	-13.409686
688626	4.7962513
688627	-13.414514
688628	-2.1905088
688629	-13.01541
688630	-0.6081834
688631	5.242491
688633	-7.7773356
688636	-13.414515
688638	5.5991597
688639	4.9741035
688646	5.525794
688648	18.444954
688651	-2.2707434
688652	-13.966589
688653	18.735632
688655	33.21304
688656	5.5145564
688657	6.5547986
688658	7.655662
688659	12.557684
688660	11.975206
688661	-7.558952
688662	4.3970385
688663	0.8629849
688665	1.9377702
688667	5.2440166
688668	1.7425609
688669	4.3356113
688670	24.861536
688671	8.561592
688676	-31.664396
688677	4.813001
688678	16.663433
688679	21.704054
688680	3.1329768
688681	31.240742
688682	-13.414106
688683	-10.615796
688685	-13.784416
688686	-7.0592556
688687	-1.728237
688689	-5.8426075
688690	12.377821
688693	5.3022556
688695	2.3389635
688696	4.9739494
688697	6.918908
688698	5.434991
688699	-0.9329665
688700	4.045351
688701	12.359167
688702	-5.602446
688707	26.254429
688709	-5.72867
688711	5.138359
688716	5.0661073
688717	-13.414534
688718	19.836164
688719	7.843173
688720	1.8613287
688722	33.619396
688728	7.496215
688733	-26.132477
688737	-3.7945318
688739	-13.071129
688766	7.732045
688767	-13.274958
688768	-13.414515
688772	18.731327
688776	4.973947
688777	-16.900537
688778	5.331662
688779	11.975206
688786	-1.4681038
688787	-1.0511556
688788	-13.414511
688789	-88.19382
688793	-3.1341333
688798	8.388019
688799	-13.966602
688800	1.9789301
688819	-5.7554736
688981	-15.4796505
689009	-14.860989
